//A Mu2e-II era conveyor type production target
//version 3: use 5 mm balls instead of 6.3 mm

bool   targetPS.Mu2eII.build   = true;
string targetPS_model          = "Conveyor"; //options are "Conveyor" or "Rotating"
int    targetPS_version        = 4; //duplicate model control (4 = conveyor, 5 = rotating)
int    targetPS.Mu2eII.version = 0; //version of the model

//Conveyor type target parameters
int PS.verbosityLevel = 0;
int    targetPS.Mu2eII.conveyor.nballs        = 285;
double targetPS.Mu2eII.conveyor.ball.radius   = 5.;
string targetPS.Mu2eII.conveyor.ball.material = "G4_W";
int    targetPS.Mu2eII.conveyor.front         = 0; //force it to use the first index as the front of the target

vector<double> targetPS.Mu2eII.conveyor.ball.xs = {
  3962.64071,
  3958.99672,
  3955.3688 ,
  3951.73431,
  3948.10744,
  3944.47969,
  3940.83876,
  3937.21477,
  3933.59959,
  3937.265  ,
  3944.1855 ,
  3949.9525 ,
  3956.873  ,
  3962.64   ,
  3967.2536 ,
  3974.1741 ,
  3979.9411 ,
  3986.8616 ,
  3992.6286 ,
  3998.3957 ,
  4004.1627 ,
  4009.9298 ,
  4015.6968 ,
  4021.4639 ,
  4027.2309 ,
  4032.998  ,
  4038.765  ,
  4045.6855 ,
  4051.4525 ,
  4057.2195 ,
  4062.9866 ,
  4068.7536 ,
  4074.5207 ,
  4080.2877 ,
  4084.9014 ,
  4090.6684 ,
  4096.4355 ,
  4103.3559 ,
  4107.9695 ,
  4107.9695 ,
  4107.9695 ,
  4107.9695 ,
  4107.9695 ,
  4107.9695 ,
  4107.9695 ,
  4107.9695 ,
  4107.9695 ,
  4107.9695 ,
  4107.9695 ,
  4107.9695 ,
  4107.9695 ,
  4107.9695 ,
  4107.9695 ,
  4107.9695 ,
  4107.9695 ,
  4107.9695 ,
  4107.9695 ,
  4107.9695 ,
  4107.9695 ,
  4107.9695 ,
  4107.9695 ,
  4107.9695 ,
  4107.9695 ,
  4107.9695 ,
  4107.9695 ,
  4107.9695 ,
  4107.9695 ,
  4107.9695 ,
  4107.9695 ,
  4107.9695 ,
  4107.9695 ,
  4107.9695 ,
  4107.9695 ,
  4107.9695 ,
  4107.9695 ,
  4107.9695 ,
  4107.9695 ,
  4107.9695 ,
  4107.9695 ,
  4107.9695 ,
  4107.9695 ,
  4107.9695 ,
  4107.9695 ,
  4107.9695 ,
  4107.9695 ,
  4107.9695 ,
  4107.9695 ,
  4107.9695 ,
  4107.9695 ,
  4107.9695 ,
  4107.9695 ,
  4107.9695 ,
  4107.9695 ,
  4107.9695 ,
  4107.9695 ,
  4107.9695 ,
  4107.9695 ,
  4107.9695 ,
  4107.9695 ,
  4107.9695 ,
  4107.9695 ,
  4107.9695 ,
  4107.9695 ,
  4107.9695 ,
  4107.9695 ,
  4107.9695 ,
  4107.9695 ,
  4107.9695 ,
  4107.9695 ,
  4107.9695 ,
  4107.9695 ,
  4107.9695 ,
  4107.9695 ,
  4107.9695 ,
  4107.9695 ,
  4107.9695 ,
  4107.9695 ,
  4107.9695 ,
  4107.9695 ,
  4107.9695 ,
  4107.9695 ,
  4107.9695 ,
  4107.9695 ,
  4107.9695 ,
  4107.9695 ,
  4107.9695 ,
  4107.9695 ,
  4107.9695 ,
  4107.9695 ,
  4107.9695 ,
  4107.9695 ,
  4107.9695 ,
  4107.9695 ,
  4107.9695 ,
  4107.9695 ,
  4107.9695 ,
  4107.9695 ,
  3968.407  ,
  3975.3275 ,
  3983.4014 ,
  3993.782  ,
  4005.3161 ,
  4019.157  ,
  4032.998  ,
  4047.9923 ,
  4062.9866 ,
  4079.1343 ,
  4095.282  ,
  4107.9695 ,
  4120.657  ,
  4131.0377 ,
  4135.6514 ,
  4135.6514 ,
  4135.6514 ,
  4135.6514 ,
  4135.6514 ,
  4135.6514 ,
  4135.6514 ,
  4135.6514 ,
  4135.6514 ,
  4135.6514 ,
  4135.6514 ,
  4135.6514 ,
  4135.6514 ,
  4135.6514 ,
  4135.6514 ,
  4135.6514 ,
  4135.6514 ,
  4135.6514 ,
  4135.6514 ,
  4135.6514 ,
  4135.6514 ,
  4135.6514 ,
  4135.6514 ,
  4135.6514 ,
  4135.6514 ,
  4135.6514 ,
  4135.6514 ,
  4135.6514 ,
  4135.6514 ,
  4135.6514 ,
  4135.6514 ,
  4135.6514 ,
  4135.6514 ,
  4135.6514 ,
  4135.6514 ,
  4135.6514 ,
  4135.6514 ,
  4135.6514 ,
  4135.6514 ,
  4135.6514 ,
  4135.6514 ,
  4135.6514 ,
  4135.6514 ,
  4135.6514 ,
  4135.6514 ,
  4135.6514 ,
  4135.6514 ,
  4135.6514 ,
  4135.6514 ,
  4135.6514 ,
  4135.6514 ,
  4135.6514 ,
  4135.6514 ,
  4135.6514 ,
  4135.6514 ,
  4135.6514 ,
  4135.6514 ,
  4135.6514 ,
  4135.6514 ,
  4135.6514 ,
  4135.6514 ,
  4135.6514 ,
  4135.6514 ,
  4135.6514 ,
  4135.6514 ,
  4135.6514 ,
  4135.6514 ,
  4135.6514 ,
  4135.6514 ,
  4135.6514 ,
  4135.6514 ,
  4135.6514 ,
  4135.6514 ,
  4135.6514 ,
  4135.6514 ,
  4135.6514 ,
  4135.6514 ,
  4135.6514 ,
  4135.6514 ,
  4135.6514 ,
  4135.6514 ,
  4135.6514 ,
  4135.6514 ,
  4135.6514 ,
  4135.6514 ,
  4135.6514 ,
  4135.6514 ,
  4135.6514 ,
  4135.6514 ,
  4135.6514 ,
  4135.6514 ,
  4135.6514 ,
  4135.6514 ,
  4135.6514 ,
  4135.6514 ,
  4135.6514 ,
  4135.6514 ,
  4135.6514 ,
  4135.6514 ,
  4135.6514 ,
  4135.6514 ,
  4135.6514 ,
  4135.6514 ,
  4135.6514 ,
  4135.6514 ,
  4135.6514 ,
  4135.6514 ,
  4135.6514 ,
  4135.6514 ,
  4135.6514 ,
  4135.6514 ,
  4135.6514 ,
  4135.6514 ,
  4135.6514 ,
  4135.6514 ,
  4135.6514 ,
  4135.6514 ,
  4135.6514 ,
  4135.6514 ,
  4135.6514 ,
  4135.6514 ,
  4135.6514 ,
  4135.6514 ,
  4135.6514 ,
  4135.6514 ,
  4135.6514 ,
  4135.6514 ,
  4135.6514 ,
  4135.6514 ,
  4135.6514 ,
  4135.6514 ,
  4135.6514 ,
  4135.6514 ,
  4135.6514
};

vector<double> targetPS.Mu2eII.conveyor.ball.ys = {
  0.00575,
  0.05198,
  0.14417,
  0.28301,
  0.46821,
  0.70038,
  0.98093,
  1.30782,
  1.68167,
  0.8    ,
  0.8    ,
  0.8    ,
  0.8    ,
  0.8    ,
  0.8    ,
  0.8    ,
  0.8    ,
  0.8    ,
  0.8    ,
  0.8    ,
  0.8    ,
  0.8    ,
  0.8    ,
  0.8    ,
  0.8    ,
  0.8    ,
  0.8    ,
  0.8    ,
  0.8    ,
  0.8    ,
  0.8    ,
  0.8    ,
  0.8    ,
  0.8    ,
  0.8    ,
  0.8    ,
  0.8    ,
  0.8    ,
  0.8    ,
  0.8    ,
  0.8    ,
  0.8    ,
  0.8    ,
  0.8    ,
  0.8    ,
  0.8    ,
  0.8    ,
  0.8    ,
  0.8    ,
  0.8    ,
  0.8    ,
  0.8    ,
  0.8    ,
  0.8    ,
  0.8    ,
  0.8    ,
  0.8    ,
  0.8    ,
  0.8    ,
  0.8    ,
  0.8    ,
  0.8    ,
  0.8    ,
  0.8    ,
  0.8    ,
  0.8    ,
  0.8    ,
  0.8    ,
  0.8    ,
  0.8    ,
  0.8    ,
  0.8    ,
  0.8    ,
  0.8    ,
  0.8    ,
  0.8    ,
  0.8    ,
  0.8    ,
  0.8    ,
  0.8    ,
  0.8    ,
  0.8    ,
  0.8    ,
  0.8    ,
  0.8    ,
  0.8    ,
  0.8    ,
  0.8    ,
  0.8    ,
  0.8    ,
  0.8    ,
  0.8    ,
  0.8    ,
  0.8    ,
  0.8    ,
  0.8    ,
  0.8    ,
  0.8    ,
  0.8    ,
  0.8    ,
  0.8    ,
  0.8    ,
  0.8    ,
  0.8    ,
  0.8    ,
  0.8    ,
  0.8    ,
  0.8    ,
  0.8    ,
  0.8    ,
  0.8    ,
  0.8    ,
  0.8    ,
  0.8    ,
  0.8    ,
  0.8    ,
  0.8    ,
  0.8    ,
  0.8    ,
  0.8    ,
  0.8    ,
  0.8    ,
  0.8    ,
  0.8    ,
  0.8    ,
  0.8    ,
  0.8    ,
  0.8    ,
  0.8    ,
  0.8    ,
  0.8    ,
  0.8    ,
  0.8    ,
  0.8    ,
  0.8    ,
  0.8    ,
  0.8    ,
  0.8    ,
  0.8    ,
  0.8    ,
  0.8    ,
  0.8    ,
  0.8    ,
  0.8    ,
  0.8    ,
  0.8    ,
  0.8    ,
  0.8    ,
  0.8    ,
  0.8    ,
  0.8    ,
  0.8    ,
  0.8    ,
  0.8    ,
  0.8    ,
  0.8    ,
  0.8    ,
  0.8    ,
  0.8    ,
  0.8    ,
  0.8    ,
  0.8    ,
  0.8    ,
  0.8    ,
  0.8    ,
  0.8    ,
  0.8    ,
  0.8    ,
  0.8    ,
  0.8    ,
  0.8    ,
  0.8    ,
  0.8    ,
  0.8    ,
  0.8    ,
  0.8    ,
  0.8    ,
  0.8    ,
  0.8    ,
  0.8    ,
  0.8    ,
  0.8    ,
  0.8    ,
  0.8    ,
  0.8    ,
  0.8    ,
  0.8    ,
  0.8    ,
  0.8    ,
  0.8    ,
  0.8    ,
  0.8    ,
  0.8    ,
  0.8    ,
  0.8    ,
  0.8    ,
  0.8    ,
  0.8    ,
  0.8    ,
  0.8    ,
  0.8    ,
  0.8    ,
  0.8    ,
  0.8    ,
  0.8    ,
  0.8    ,
  0.8    ,
  0.8    ,
  0.8    ,
  0.8    ,
  0.8    ,
  0.8    ,
  0.8    ,
  0.8    ,
  0.8    ,
  0.8    ,
  0.8    ,
  0.8    ,
  0.8    ,
  0.8    ,
  0.8    ,
  0.8    ,
  0.8    ,
  0.8    ,
  0.8    ,
  0.8    ,
  0.8    ,
  0.8    ,
  0.8    ,
  0.8    ,
  0.8    ,
  0.8    ,
  0.8    ,
  0.8    ,
  0.8    ,
  0.8    ,
  0.8    ,
  0.8    ,
  0.8    ,
  0.8    ,
  0.8    ,
  0.8    ,
  0.8    ,
  0.8    ,
  0.8    ,
  0.8    ,
  0.8    ,
  0.8    ,
  0.8    ,
  0.8    ,
  0.8    ,
  0.8    ,
  0.8    ,
  0.8    ,
  0.8    ,
  0.8    ,
  0.8    ,
  0.8    ,
  0.8    ,
  0.8    ,
  0.8    ,
  0.8    ,
  0.8    ,
  0.8    ,
  0.8    ,
  0.8    ,
  0.8    ,
  0.8    ,
  0.8    ,
  0.8    ,
  0.8    ,
  0.8    ,
  0.8    ,
  0.8    ,
  0.8    ,
  0.8    ,
  0.8    ,
  0.8    ,
  0.8    ,
  0.8    ,
  0.8    ,
  0.8    ,
  0.8    ,
  0.8    ,
  0.8
};

vector<double> targetPS.Mu2eII.conveyor.ball.zs = {
  -5922.72534,
  -5937.34174,
  -5951.89771,
  -5966.48572,
  -5981.05176,
  -5995.63245,
  -6010.27997,
  -6024.87531,
  -6039.45386,
  -6053.1221 ,
  -6065.946  ,
  -6078.726  ,
  -6091.5499 ,
  -6103.3637 ,
  -6116.0997 ,
  -6128.9236 ,
  -6141.7036 ,
  -6153.5613 ,
  -6165.3751 ,
  -6179.1213 ,
  -6190.935  ,
  -6203.715  ,
  -6216.495  ,
  -6228.3088 ,
  -6240.1226 ,
  -6252.9025 ,
  -6265.6825 ,
  -6278.5064 ,
  -6291.2864 ,
  -6304.0664 ,
  -6315.8801 ,
  -6327.6939 ,
  -6340.4739 ,
  -6353.2539 ,
  -6365.0238 ,
  -6377.8037 ,
  -6390.5837 ,
  -6402.4414 ,
  -6415.1775 ,
  -6428.704  ,
  -6442.2306 ,
  -6457.2306 ,
  -6472.2306 ,
  -6487.2306 ,
  -6502.2306 ,
  -6517.2306 ,
  -6532.2306 ,
  -6547.2306 ,
  -6562.2306 ,
  -6577.2306 ,
  -6592.2306 ,
  -6607.2306 ,
  -6622.2306 ,
  -6637.2306 ,
  -6652.2306 ,
  -6667.2306 ,
  -6682.2306 ,
  -6697.2306 ,
  -6712.2306 ,
  -6727.2306 ,
  -6742.2306 ,
  -6757.2306 ,
  -6772.2306 ,
  -6787.2306 ,
  -6802.2306 ,
  -6817.2306 ,
  -6832.2306 ,
  -6847.2306 ,
  -6862.2306 ,
  -6877.2306 ,
  -6892.2306 ,
  -6907.2306 ,
  -6922.2306 ,
  -6937.2306 ,
  -6952.2306 ,
  -6967.2306 ,
  -6982.2306 ,
  -6997.2306 ,
  -7012.2306 ,
  -7027.2306 ,
  -7042.2306 ,
  -7057.2306 ,
  -7072.2306 ,
  -7087.2306 ,
  -7102.2306 ,
  -7117.2306 ,
  -7132.2306 ,
  -7147.2306 ,
  -7162.2306 ,
  -7177.2306 ,
  -7192.2306 ,
  -7207.2306 ,
  -7222.2306 ,
  -7237.2306 ,
  -7252.2306 ,
  -7267.2306 ,
  -7282.2306 ,
  -7297.2306 ,
  -7312.2306 ,
  -7327.2306 ,
  -7342.2306 ,
  -7357.2306 ,
  -7372.2306 ,
  -7387.2306 ,
  -7402.2306 ,
  -7417.2306 ,
  -7432.2306 ,
  -7447.2306 ,
  -7462.2306 ,
  -7477.2306 ,
  -7492.2306 ,
  -7507.2306 ,
  -7522.2306 ,
  -7537.2306 ,
  -7552.2306 ,
  -7567.2306 ,
  -7582.2306 ,
  -7597.2306 ,
  -7612.2306 ,
  -7627.2306 ,
  -7642.2306 ,
  -7657.2306 ,
  -7672.2306 ,
  -7687.2306 ,
  -7702.2306 ,
  -7717.2306 ,
  -7732.2306 ,
  -7747.2306 ,
  -7762.2306 ,
  -7777.2306 ,
  -7792.2306 ,
  -7807.2306 ,
  -7822.2306 ,
  -7837.2306 ,
  -7852.2306 ,
  -7867.2306 ,
  -7882.2306 ,
  -5907.8727 ,
  -5895.5758 ,
  -5884.2891 ,
  -5874.0563 ,
  -5865.7998 ,
  -5859.5636 ,
  -5855.2596 ,
  -5853.8982 ,
  -5852.5368 ,
  -5853.1516 ,
  -5856.665  ,
  -5861.979  ,
  -5870.1916 ,
  -5881.2148 ,
  -5894.9171 ,
  -5909.4098 ,
  -5922.9364 ,
  -5937.9364 ,
  -5952.9364 ,
  -5967.9364 ,
  -5982.9364 ,
  -5997.9364 ,
  -6012.9364 ,
  -6027.9364 ,
  -6042.9364 ,
  -6057.9364 ,
  -6072.9364 ,
  -6087.9364 ,
  -6102.9364 ,
  -6117.9364 ,
  -6132.9364 ,
  -6147.9364 ,
  -6162.9364 ,
  -6177.9364 ,
  -6192.9364 ,
  -6207.9364 ,
  -6222.9364 ,
  -6237.9364 ,
  -6252.9364 ,
  -6267.9364 ,
  -6282.9364 ,
  -6297.9364 ,
  -6312.9364 ,
  -6327.9364 ,
  -6342.9364 ,
  -6357.9364 ,
  -6372.9364 ,
  -6387.9364 ,
  -6402.9364 ,
  -6417.9364 ,
  -6432.9364 ,
  -6447.9364 ,
  -6462.9364 ,
  -6477.9364 ,
  -6492.9364 ,
  -6507.9364 ,
  -6522.9364 ,
  -6537.9364 ,
  -6552.9364 ,
  -6567.9364 ,
  -6582.9364 ,
  -6597.9364 ,
  -6612.9364 ,
  -6627.9364 ,
  -6642.9364 ,
  -6657.9364 ,
  -6672.9364 ,
  -6687.9364 ,
  -6702.9364 ,
  -6717.9364 ,
  -6732.9364 ,
  -6747.9364 ,
  -6762.9364 ,
  -6777.9364 ,
  -6792.9364 ,
  -6807.9364 ,
  -6822.9364 ,
  -6837.9364 ,
  -6852.9364 ,
  -6867.9364 ,
  -6882.9364 ,
  -6897.9364 ,
  -6912.9364 ,
  -6927.9364 ,
  -6942.9364 ,
  -6957.9364 ,
  -6972.9364 ,
  -6987.9364 ,
  -7002.9364 ,
  -7017.9364 ,
  -7032.9364 ,
  -7047.9364 ,
  -7062.9364 ,
  -7077.9364 ,
  -7092.9364 ,
  -7107.9364 ,
  -7122.9364 ,
  -7137.9364 ,
  -7152.9364 ,
  -7167.9364 ,
  -7182.9364 ,
  -7197.9364 ,
  -7212.9364 ,
  -7227.9364 ,
  -7242.9364 ,
  -7257.9364 ,
  -7272.9364 ,
  -7287.9364 ,
  -7302.9364 ,
  -7317.9364 ,
  -7332.9364 ,
  -7347.9364 ,
  -7362.9364 ,
  -7377.9364 ,
  -7392.9364 ,
  -7407.9364 ,
  -7422.9364 ,
  -7437.9364 ,
  -7452.9364 ,
  -7467.9364 ,
  -7482.9364 ,
  -7497.9364 ,
  -7512.9364 ,
  -7527.9364 ,
  -7542.9364 ,
  -7557.9364 ,
  -7572.9364 ,
  -7587.9364 ,
  -7602.9364 ,
  -7617.9364 ,
  -7632.9364 ,
  -7647.9364 ,
  -7662.9364 ,
  -7677.9364 ,
  -7692.9364 ,
  -7707.9364 ,
  -7722.9364 ,
  -7737.9364 ,
  -7752.9364 ,
  -7767.9364 ,
  -7782.9364 ,
  -7797.9364 ,
  -7812.9364 ,
  -7827.9364 ,
  -7842.9364 ,
  -7857.9364 ,
  -7872.9364 ,
  -7887.9364
};

//
//
// End notes:
//
// 1) Sources of information:
//
//
//
// This tells emacs to view this file in c++ mode.
// Local Variables:
// mode:c++
// End:
