   0.250  22471.000000
   0.750  26308.000000
   1.250  24727.000000
   1.750  20821.000000
   2.250  18546.000000
   2.750  16444.000000
   3.250  13877.000000
   3.750  12247.000000
   4.250  11023.000000
   4.750   9511.000000
   5.250   8572.000000
   5.750   7555.000000
   6.250   6731.000000
   6.750   6260.000000
   7.250   5763.000000
   7.750   5184.000000
   8.250   4786.000000
   8.750   4463.000000
   9.250   3969.000000
   9.750   3825.000000
  10.250   3302.000000
  10.750   4010.000000
  11.250   3199.000000
  11.750   2897.000000
  12.250   2179.000000
  12.750   2580.000000
  13.250   2361.000000
  13.750   2293.000000
  14.250   2127.000000
  14.750   1997.000000
  15.250   1933.000000
  15.750   1839.000000
  16.250   1727.000000
  16.750   1683.000000
  17.250   1577.000000
  17.750   1784.000000
  18.250   1373.000000
  18.750   1313.000000
  19.250    978.000000
  19.750   1249.000000
  20.250   1145.000000
  20.750   1087.000000
  21.250   1248.000000
  21.750    986.000000
  22.250    709.000000
  22.750   1107.000000
  23.250    655.000000
  23.750    991.000000
  24.250    621.000000
  24.750    780.000000
  25.250    871.000000
  25.750    498.000000
  26.250    750.000000
  26.750    478.000000
  27.250    563.000000
  27.750    531.000000
  28.250    555.000000
  28.750    494.000000
  29.250    566.000000
  29.750    376.000000
  30.250    515.000000
  30.750    327.000000
  31.250    455.000000
  31.750    255.000000
  32.250    313.000000
  32.750    310.000000
  33.250    309.000000
  33.750    278.000000
  34.250    248.000000
  34.750    242.000000
  35.250    311.000000
  35.750    239.000000
  36.250    195.000000
  36.750    282.000000
  37.250    162.000000
  37.750    233.000000
  38.250    148.000000
  38.750    186.000000
  39.250    174.000000
  39.750    154.000000
  40.250    189.000000
  40.750    119.000000
  41.250    132.000000
  41.750    143.000000
  42.250    111.000000
  42.750    137.000000
  43.250    107.000000
  43.750    124.000000
  44.250     91.000000
  44.750    105.000000
  45.250     91.000000
  45.750     95.000000
  46.250     50.000000
  46.750     71.000000
  47.250     82.000000
  47.750     66.000000
  48.250     48.000000
  48.750     64.000000
  49.250     52.000000
  49.750     53.000000
  50.250     47.000000
  50.750     49.000000
  51.250     44.000000
  51.750     41.000000
  52.250     49.000000
  52.750     43.000000
  53.250     33.000000
  53.750     23.000000
  54.250     43.000000
  54.750     29.000000
  55.250     37.000000
  55.750     34.000000
  56.250     30.000000
  56.750     28.000000
  57.250     35.000000
  57.750     21.000000
  58.250     20.000000
  58.750     33.000000
  59.250     26.000000
  59.750     12.000000
  60.250     14.000000
  60.750     11.000000
  61.250     14.000000
  61.750     16.000000
  62.250     15.000000
  62.750     23.000000
  63.250      6.000000
  63.750      9.000000
  64.250     15.000000
  64.750     11.000000
  65.250      9.000000
  65.750      8.000000
  66.250     14.000000
  66.750      7.000000
  67.250      9.000000
  67.750     10.000000
  68.250      4.000000
  68.750     10.000000
  69.250      3.000000
  69.750      8.000000
  70.250      4.000000
  70.750      3.000000
  71.250      1.000000
  71.750      4.000000
  72.250      5.000000
  72.750      3.000000
  73.250      4.000000
  73.750      2.000000
  74.250      3.000000
  74.750      3.000000
  75.250      4.000000
  75.750      1.000000
  76.250      2.000000
  76.750      2.000000
  77.250      1.000000
  77.750      2.000000
  78.250      2.000000
  78.750      2.000000
  79.250      4.000000
  79.750      0.000000
  80.250      3.000000
  80.750      1.000000
  81.250      2.000000
  81.750      2.000000
  82.250      1.000000
  82.750      1.000000
  83.250      2.000000
  83.750      2.000000
  84.250      1.000000
  84.750      0.000000
  85.250      0.000000
  85.750      2.000000
  86.250      2.000000
  86.750      0.000000
  87.250      0.000000
  87.750      2.000000
  88.250      0.000000
  88.750      0.000000
  89.250      1.000000
  89.750      1.000000
  90.250      0.000000
  90.750      0.000000
  91.250      0.000000
  91.750      0.000000
  92.250      0.000000
  92.750      0.000000
  93.250      0.000000
  93.750      0.000000
  94.250      0.000000
  94.750      0.000000
  95.250      0.000000
  95.750      2.000000
  96.250      0.000000
  96.750      0.000000
  97.250      0.000000
  97.750      0.000000
  98.250      0.000000
  98.750      0.000000
  99.250      0.000000
  99.750      0.000000
