100  3.58e-13
99.9  8.1684e-13
99.8  1.27568e-12
99.7  1.73452e-12
99.6  2.19336e-12
99.5  2.6522e-12
99.4  3.11104e-12
99.3  3.56988e-12
99.2  4.02872e-12
99.1  4.48756e-12
99  4.9464e-12
98.9  5.40524e-12
98.8  5.86408e-12
98.7  6.32292e-12
98.6  6.78176e-12
98.5  7.2406e-12
98.4  7.69944e-12
98.3  8.15828e-12
98.2  8.61712e-12
98.1  9.07596e-12
98  9.5348e-12
97.9  9.99364e-12
97.8  1.04525e-11
97.7  1.09113e-11
97.6  1.13702e-11
97.5  1.1829e-11
97.4  1.22878e-11
97.3  1.27467e-11
97.2  1.32055e-11
97.1  1.36644e-11
97  1.41232e-11
96.9  1.4582e-11
96.8  1.50409e-11
96.7  1.54997e-11
96.6  1.59586e-11
96.5  1.64174e-11
96.4  1.68762e-11
96.3  1.73351e-11
96.2  1.77939e-11
96.1  1.82528e-11
96  1.87116e-11
95.9  1.91704e-11
95.8  1.96293e-11
95.7  2.00881e-11
95.6  2.0547e-11
95.5  2.10058e-11
95.4  2.14646e-11
95.3  2.19235e-11
95.2  2.23823e-11
95.1  2.28412e-11
95  2.33e-11
94.9  2.9914e-11
94.8  3.6528e-11
94.7  4.3142e-11
94.6  4.9756e-11
94.5  5.637e-11
94.4  6.2984e-11
94.3  6.9598e-11
94.2  7.6212e-11
94.1  8.2826e-11
94  8.944e-11
93.9  9.6054e-11
93.8  1.02668e-10
93.7  1.09282e-10
93.6  1.15896e-10
93.5  1.2251e-10
93.4  1.29124e-10
93.3  1.35738e-10
93.2  1.42352e-10
93.1  1.48966e-10
93  1.5558e-10
92.9  1.62194e-10
92.8  1.68808e-10
92.7  1.75422e-10
92.6  1.82036e-10
92.5  1.8865e-10
92.4  1.95264e-10
92.3  2.01878e-10
92.2  2.08492e-10
92.1  2.15106e-10
92  2.2172e-10
91.9  2.28334e-10
91.8  2.34948e-10
91.7  2.41562e-10
91.6  2.48176e-10
91.5  2.5479e-10
91.4  2.61404e-10
91.3  2.68018e-10
91.2  2.74632e-10
91.1  2.81246e-10
91  2.8786e-10
90.9  2.94474e-10
90.8  3.01088e-10
90.7  3.07702e-10
90.6  3.14316e-10
90.5  3.2093e-10
90.4  3.27544e-10
90.3  3.34158e-10
90.2  3.40772e-10
90.1  3.47386e-10
90  3.54e-10
89.9  4.1052e-10
89.8  4.6704e-10
89.7  5.2356e-10
89.6  5.8008e-10
89.5  6.366e-10
89.4  6.9312e-10
89.3  7.4964e-10
89.2  8.0616e-10
89.1  8.6268e-10
89  9.192e-10
88.9  9.7572e-10
88.8  1.03224e-09
88.7  1.08876e-09
88.6  1.14528e-09
88.5  1.2018e-09
88.4  1.25832e-09
88.3  1.31484e-09
88.2  1.37136e-09
88.1  1.42788e-09
88  1.4844e-09
87.9  1.54092e-09
87.8  1.59744e-09
87.7  1.65396e-09
87.6  1.71048e-09
87.5  1.767e-09
87.4  1.82352e-09
87.3  1.88004e-09
87.2  1.93656e-09
87.1  1.99308e-09
87  2.0496e-09
86.9  2.10612e-09
86.8  2.16264e-09
86.7  2.21916e-09
86.6  2.27568e-09
86.5  2.3322e-09
86.4  2.38872e-09
86.3  2.44524e-09
86.2  2.50176e-09
86.1  2.55828e-09
86  2.6148e-09
85.9  2.67132e-09
85.8  2.72784e-09
85.7  2.78436e-09
85.6  2.84088e-09
85.5  2.8974e-09
85.4  2.95392e-09
85.3  3.01044e-09
85.2  3.06696e-09
85.1  3.12348e-09
85  3.18e-09
84.9  3.5724e-09
84.8  3.9648e-09
84.7  4.3572e-09
84.6  4.7496e-09
84.5  5.142e-09
84.4  5.5344e-09
84.3  5.9268e-09
84.2  6.3192e-09
84.1  6.7116e-09
84  7.104e-09
83.9  7.4964e-09
83.8  7.8888e-09
83.7  8.2812e-09
83.6  8.6736e-09
83.5  9.066e-09
83.4  9.4584e-09
83.3  9.8508e-09
83.2  1.02432e-08
83.1  1.06356e-08
83  1.1028e-08
82.9  1.14204e-08
82.8  1.18128e-08
82.7  1.22052e-08
82.6  1.25976e-08
82.5  1.299e-08
82.4  1.33824e-08
82.3  1.37748e-08
82.2  1.41672e-08
82.1  1.45596e-08
82  1.4952e-08
81.9  1.53444e-08
81.8  1.57368e-08
81.7  1.61292e-08
81.6  1.65216e-08
81.5  1.6914e-08
81.4  1.73064e-08
81.3  1.76988e-08
81.2  1.80912e-08
81.1  1.84836e-08
81  1.8876e-08
80.9  1.92684e-08
80.8  1.96608e-08
80.7  2.00532e-08
80.6  2.04456e-08
80.5  2.0838e-08
80.4  2.12304e-08
80.3  2.16228e-08
80.2  2.20152e-08
80.1  2.24076e-08
80  2.28e-08
79.9  2.5424e-08
79.8  2.8048e-08
79.7  3.0672e-08
79.6  3.3296e-08
79.5  3.592e-08
79.4  3.8544e-08
79.3  4.1168e-08
79.2  4.3792e-08
79.1  4.6416e-08
79  4.904e-08
78.9  5.1664e-08
78.8  5.4288e-08
78.7  5.6912e-08
78.6  5.9536e-08
78.5  6.216e-08
78.4  6.4784e-08
78.3  6.7408e-08
78.2  7.0032e-08
78.1  7.2656e-08
78  7.528e-08
77.9  7.7904e-08
77.8  8.0528e-08
77.7  8.3152e-08
77.6  8.5776e-08
77.5  8.84e-08
77.4  9.1024e-08
77.3  9.3648e-08
77.2  9.6272e-08
77.1  9.8896e-08
77  1.0152e-07
76.9  1.04144e-07
76.8  1.06768e-07
76.7  1.09392e-07
76.6  1.12016e-07
76.5  1.1464e-07
76.4  1.17264e-07
76.3  1.19888e-07
76.2  1.22512e-07
76.1  1.25136e-07
76  1.2776e-07
75.9  1.30384e-07
75.8  1.33008e-07
75.7  1.35632e-07
75.6  1.38256e-07
75.5  1.4088e-07
75.4  1.43504e-07
75.3  1.46128e-07
75.2  1.48752e-07
75.1  1.51376e-07
75  1.54e-07
74.9  1.7312e-07
74.8  1.9224e-07
74.7  2.1136e-07
74.6  2.3048e-07
74.5  2.496e-07
74.4  2.6872e-07
74.3  2.8784e-07
74.2  3.0696e-07
74.1  3.2608e-07
74  3.452e-07
73.9  3.6432e-07
73.8  3.8344e-07
73.7  4.0256e-07
73.6  4.2168e-07
73.5  4.408e-07
73.4  4.5992e-07
73.3  4.7904e-07
73.2  4.9816e-07
73.1  5.1728e-07
73  5.364e-07
72.9  5.5552e-07
72.8  5.7464e-07
72.7  5.9376e-07
72.6  6.1288e-07
72.5  6.32e-07
72.4  6.5112e-07
72.3  6.7024e-07
72.2  6.8936e-07
72.1  7.0848e-07
72  7.276e-07
71.9  7.4672e-07
71.8  7.6584e-07
71.7  7.8496e-07
71.6  8.0408e-07
71.5  8.232e-07
71.4  8.4232e-07
71.3  8.6144e-07
71.2  8.8056e-07
71.1  8.9968e-07
71  9.188e-07
70.9  9.3792e-07
70.8  9.5704e-07
70.7  9.7616e-07
70.6  9.9528e-07
70.5  1.0144e-06
70.4  1.03352e-06
70.3  1.05264e-06
70.2  1.07176e-06
70.1  1.09088e-06
70  1.11e-06
69.9  1.2872e-06
69.8  1.4644e-06
69.7  1.6416e-06
69.6  1.8188e-06
69.5  1.996e-06
69.4  2.1732e-06
69.3  2.3504e-06
69.2  2.5276e-06
69.1  2.7048e-06
69  2.882e-06
68.9  3.0592e-06
68.8  3.2364e-06
68.7  3.4136e-06
68.6  3.5908e-06
68.5  3.768e-06
68.4  3.9452e-06
68.3  4.1224e-06
68.2  4.2996e-06
68.1  4.4768e-06
68  4.654e-06
67.9  4.8312e-06
67.8  5.0084e-06
67.7  5.1856e-06
67.6  5.3628e-06
67.5  5.54e-06
67.4  5.7172e-06
67.3  5.8944e-06
67.2  6.0716e-06
67.1  6.2488e-06
67  6.426e-06
66.9  6.6032e-06
66.8  6.7804e-06
66.7  6.9576e-06
66.6  7.1348e-06
66.5  7.312e-06
66.4  7.4892e-06
66.3  7.6664e-06
66.2  7.8436e-06
66.1  8.0208e-06
66  8.198e-06
65.9  8.3752e-06
65.8  8.5524e-06
65.7  8.7296e-06
65.6  8.9068e-06
65.5  9.084e-06
65.4  9.2612e-06
65.3  9.4384e-06
65.2  9.6156e-06
65.1  9.7928e-06
65  9.97e-06
64.9  1.25906e-05
64.8  1.52112e-05
64.7  1.78318e-05
64.6  2.04524e-05
64.5  2.3073e-05
64.4  2.56936e-05
64.3  2.83142e-05
64.2  3.09348e-05
64.1  3.35554e-05
64  3.6176e-05
63.9  3.87966e-05
63.8  4.14172e-05
63.7  4.40378e-05
63.6  4.66584e-05
63.5  4.9279e-05
63.4  5.18996e-05
63.3  5.45202e-05
63.2  5.71408e-05
63.1  5.97614e-05
63  6.2382e-05
62.9  6.50026e-05
62.8  6.76232e-05
62.7  7.02438e-05
62.6  7.28644e-05
62.5  7.5485e-05
62.4  7.81056e-05
62.3  8.07262e-05
62.2  8.33468e-05
62.1  8.59674e-05
62  8.8588e-05
61.9  9.12086e-05
61.8  9.38292e-05
61.7  9.64498e-05
61.6  9.90704e-05
61.5  0.000101691
61.4  0.000104312
61.3  0.000106932
61.2  0.000109553
61.1  0.000112173
61  0.000114794
60.9  0.000117415
60.8  0.000120035
60.7  0.000122656
60.6  0.000125276
60.5  0.000127897
60.4  0.000130518
60.3  0.000133138
60.2  0.000135759
60.1  0.000138379
60  0.000141
59.9  0.0001528
59.8  0.0001646
59.7  0.0001764
59.6  0.0001882
59.5  0.0002
59.4  0.0002118
59.3  0.0002236
59.2  0.0002354
59.1  0.0002472
59  0.000259
58.9  0.0002822
58.8  0.0003054
58.7  0.0003286
58.6  0.0003518
58.5  0.000375
58.4  0.0003982
58.3  0.0004214
58.2  0.0004446
58.1  0.0004678
58  0.000491
57.9  0.0005372
57.8  0.0005834
57.7  0.0006296
57.6  0.0006758
57.5  0.000722
57.4  0.0007682
57.3  0.0008144
57.2  0.0008606
57.1  0.0009068
57  0.000953
56.9  0.0010457
56.8  0.0011384
56.7  0.0012311
56.6  0.0013238
56.5  0.0014165
56.4  0.0015092
56.3  0.0016019
56.2  0.0016946
56.1  0.0017873
56  0.00188
55.9  0.002059
55.8  0.002238
55.7  0.002417
55.6  0.002596
55.5  0.002775
55.4  0.002954
55.3  0.003133
55.2  0.003312
55.1  0.003491
55  0.00367
54.9  0.003991
54.8  0.004312
54.7  0.004633
54.6  0.004954
54.5  0.005275
54.4  0.005596
54.3  0.005917
54.2  0.006238
54.1  0.006559
54  0.00688
53.9  0.007372
53.8  0.007864
53.7  0.008356
53.6  0.008848
53.5  0.00934
53.4  0.009832
53.3  0.010324
53.2  0.010816
53.1  0.011308
53  0.0118
52.9  0.01243
52.8  0.01306
52.7  0.01369
52.6  0.01432
52.5  0.01495
52.4  0.01558
52.3  0.01621
52.2  0.01684
52.1  0.01747
52  0.0181
51.9  0.01853
51.8  0.01896
51.7  0.01939
51.6  0.01982
51.5  0.02025
51.4  0.02068
51.3  0.02111
51.2  0.02154
51.1  0.02197
51  0.0224
50.9  0.02307
50.8  0.02374
50.7  0.02441
50.6  0.02508
50.5  0.02575
50.4  0.02642
50.3  0.02709
50.2  0.02776
50.1  0.02843
50  0.0291
49.9  0.02942
49.8  0.02974
49.7  0.03006
49.6  0.03038
49.5  0.0307
49.4  0.03102
49.3  0.03134
49.2  0.03166
49.1  0.03198
49  0.0323
48.9  0.03248
48.8  0.03266
48.7  0.03284
48.6  0.03302
48.5  0.0332
48.4  0.03338
48.3  0.03356
48.2  0.03374
48.1  0.03392
48  0.0341
47.9  0.03419
47.8  0.03428
47.7  0.03437
47.6  0.03446
47.5  0.03455
47.4  0.03464
47.3  0.03473
47.2  0.03482
47.1  0.03491
47  0.035
46.9  0.03503
46.8  0.03506
46.7  0.03509
46.6  0.03512
46.5  0.03515
46.4  0.03518
46.3  0.03521
46.2  0.03524
46.1  0.03527
46  0.0353
45.9  0.03529
45.8  0.03528
45.7  0.03527
45.6  0.03526
45.5  0.03525
45.4  0.03524
45.3  0.03523
45.2  0.03522
45.1  0.03521
45  0.0352
44.9  0.03518
44.8  0.03516
44.7  0.03514
44.6  0.03512
44.5  0.0351
44.4  0.03508
44.3  0.03506
44.2  0.03504
44.1  0.03502
44  0.035
43.9  0.03496
43.8  0.03492
43.7  0.03488
43.6  0.03484
43.5  0.0348
43.4  0.03476
43.3  0.03472
43.2  0.03468
43.1  0.03464
43  0.0346
42.9  0.03454
42.8  0.03448
42.7  0.03442
42.6  0.03436
42.5  0.0343
42.4  0.03424
42.3  0.03418
42.2  0.03412
42.1  0.03406
42  0.034
41.9  0.03395
41.8  0.0339
41.7  0.03385
41.6  0.0338
41.5  0.03375
41.4  0.0337
41.3  0.03365
41.2  0.0336
41.1  0.03355
41  0.0335
40.9  0.03343
40.8  0.03336
40.7  0.03329
40.6  0.03322
40.5  0.03315
40.4  0.03308
40.3  0.03301
40.2  0.03294
40.1  0.03287
40  0.0328
39.9  0.03273
39.8  0.03266
39.7  0.03259
39.6  0.03252
39.5  0.03245
39.4  0.03238
39.3  0.03231
39.2  0.03224
39.1  0.03217
39  0.0321
38.9  0.03202
38.8  0.03194
38.7  0.03186
38.6  0.03178
38.5  0.0317
38.4  0.03162
38.3  0.03154
38.2  0.03146
38.1  0.03138
38  0.0313
37.9  0.03122
37.8  0.03114
37.7  0.03106
37.6  0.03098
37.5  0.0309
37.4  0.03082
37.3  0.03074
37.2  0.03066
37.1  0.03058
37  0.0305
36.9  0.03041
36.8  0.03032
36.7  0.03023
36.6  0.03014
36.5  0.03005
36.4  0.02996
36.3  0.02987
36.2  0.02978
36.1  0.02969
36  0.0296
35.9  0.02951
35.8  0.02942
35.7  0.02933
35.6  0.02924
35.5  0.02915
35.4  0.02906
35.3  0.02897
35.2  0.02888
35.1  0.02879
35  0.0287
34.9  0.02861
34.8  0.02852
34.7  0.02843
34.6  0.02834
34.5  0.02825
34.4  0.02816
34.3  0.02807
34.2  0.02798
34.1  0.02789
34  0.0278
33.9  0.0277
33.8  0.0276
33.7  0.0275
33.6  0.0274
33.5  0.0273
33.4  0.0272
33.3  0.0271
33.2  0.027
33.1  0.0269
33  0.0268
32.9  0.0267
32.8  0.0266
32.7  0.0265
32.6  0.0264
32.5  0.0263
32.4  0.0262
32.3  0.0261
32.2  0.026
32.1  0.0259
32  0.0258
31.9  0.0257
31.8  0.0256
31.7  0.0255
31.6  0.0254
31.5  0.0253
31.4  0.0252
31.3  0.0251
31.2  0.025
31.1  0.0249
31  0.0248
30.9  0.0247
30.8  0.0246
30.7  0.0245
30.6  0.0244
30.5  0.0243
30.4  0.0242
30.3  0.0241
30.2  0.024
30.1  0.0239
30  0.0238
29.9  0.02369
29.8  0.02358
29.7  0.02347
29.6  0.02336
29.5  0.02325
29.4  0.02314
29.3  0.02303
29.2  0.02292
29.1  0.02281
29  0.0227
28.9  0.0226
28.8  0.0225
28.7  0.0224
28.6  0.0223
28.5  0.0222
28.4  0.0221
28.3  0.022
28.2  0.0219
28.1  0.0218
28  0.0217
27.9  0.02159
27.8  0.02148
27.7  0.02137
27.6  0.02126
27.5  0.02115
27.4  0.02104
27.3  0.02093
27.2  0.02082
27.1  0.02071
27  0.0206
26.9  0.02049
26.8  0.02038
26.7  0.02027
26.6  0.02016
26.5  0.02005
26.4  0.01994
26.3  0.01983
26.2  0.01972
26.1  0.01961
26  0.0195
25.9  0.0194
25.8  0.0193
25.7  0.0192
25.6  0.0191
25.5  0.019
25.4  0.0189
25.3  0.0188
25.2  0.0187
25.1  0.0186
25  0.0185
24.9  0.01839
24.8  0.01828
24.7  0.01817
24.6  0.01806
24.5  0.01795
24.4  0.01784
24.3  0.01773
24.2  0.01762
24.1  0.01751
24  0.0174
23.9  0.01729
23.8  0.01718
23.7  0.01707
23.6  0.01696
23.5  0.01685
23.4  0.01674
23.3  0.01663
23.2  0.01652
23.1  0.01641
23  0.0163
22.9  0.01619
22.8  0.01608
22.7  0.01597
22.6  0.01586
22.5  0.01575
22.4  0.01564
22.3  0.01553
22.2  0.01542
22.1  0.01531
22  0.0152
21.9  0.0151
21.8  0.015
21.7  0.0149
21.6  0.0148
21.5  0.0147
21.4  0.0146
21.3  0.0145
21.2  0.0144
21.1  0.0143
21  0.0142
20.9  0.01409
20.8  0.01398
20.7  0.01387
20.6  0.01376
20.5  0.01365
20.4  0.01354
20.3  0.01343
20.2  0.01332
20.1  0.01321
20  0.0131
19.9  0.013
19.8  0.0129
19.7  0.0128
19.6  0.0127
19.5  0.0126
19.4  0.0125
19.3  0.0124
19.2  0.0123
19.1  0.0122
19  0.0121
18.9  0.012
18.8  0.0119
18.7  0.0118
18.6  0.0117
18.5  0.0116
18.4  0.0115
18.3  0.0114
18.2  0.0113
18.1  0.0112
18  0.0111
17.9  0.011
17.8  0.0109
17.7  0.0108
17.6  0.0107
17.5  0.0106
17.4  0.0105
17.3  0.0104
17.2  0.0103
17.1  0.0102
17  0.0101
16.9  0.010006
16.8  0.009912
16.7  0.009818
16.6  0.009724
16.5  0.00963
16.4  0.009536
16.3  0.009442
16.2  0.009348
16.1  0.009254
16  0.00916
15.9  0.009067
15.8  0.008974
15.7  0.008881
15.6  0.008788
15.5  0.008695
15.4  0.008602
15.3  0.008509
15.2  0.008416
15.1  0.008323
15  0.00823
14.9  0.00814
14.8  0.00805
14.7  0.00796
14.6  0.00787
14.5  0.00778
14.4  0.00769
14.3  0.0076
14.2  0.00751
14.1  0.00742
14  0.00733
13.9  0.007243
13.8  0.007156
13.7  0.007069
13.6  0.006982
13.5  0.006895
13.4  0.006808
13.3  0.006721
13.2  0.006634
13.1  0.006547
13  0.00646
12.9  0.006377
12.8  0.006294
12.7  0.006211
12.6  0.006128
12.5  0.006045
12.4  0.005962
12.3  0.005879
12.2  0.005796
12.1  0.005713
12  0.00563
11.9  0.005552
11.8  0.005474
11.7  0.005396
11.6  0.005318
11.5  0.00524
11.4  0.005162
11.3  0.005084
11.2  0.005006
11.1  0.004928
11  0.00485
10.9  0.004775
10.8  0.0047
10.7  0.004625
10.6  0.00455
10.5  0.004475
10.4  0.0044
10.3  0.004325
10.2  0.00425
10.1  0.004175
10  0.0041
9.9  0.004031
9.8  0.003962
9.7  0.003893
9.6  0.003824
9.5  0.003755
9.4  0.003686
9.3  0.003617
9.2  0.003548
9.1  0.003479
9  0.00341
8.9  0.003345
8.8  0.00328
8.7  0.003215
8.6  0.00315
8.5  0.003085
8.4  0.00302
8.3  0.002955
8.2  0.00289
8.1  0.002825
8  0.00276
7.9  0.002701
7.8  0.002642
7.7  0.002583
7.6  0.002524
7.5  0.002465
7.4  0.002406
7.3  0.002347
7.2  0.002288
7.1  0.002229
7  0.00217
6.9  0.002117
6.8  0.002064
6.7  0.002011
6.6  0.001958
6.5  0.001905
6.4  0.001852
6.3  0.001799
6.2  0.001746
6.1  0.001693
6  0.00164
5.9  0.001593
5.8  0.001546
5.7  0.001499
5.6  0.001452
5.5  0.001405
5.4  0.001358
5.3  0.001311
5.2  0.001264
5.1  0.001217
5  0.00117
4.9  0.0011303
4.8  0.0010906
4.7  0.0010509
4.6  0.0010112
4.5  0.0009715
4.4  0.0009318
4.3  0.0008921
4.2  0.0008524
4.1  0.0008127
4  0.000773
3.9  0.0007404
3.8  0.0007078
3.7  0.0006752
3.6  0.0006426
3.5  0.00061
3.4  0.0005774
3.3  0.0005448
3.2  0.0005122
3.1  0.0004796
3  0.000447
2.9  0.0004226
2.8  0.0003982
2.7  0.0003738
2.6  0.0003494
2.5  0.000325
2.4  0.0003006
2.3  0.0002762
2.2  0.0002518
2.1  0.0002274
2  0.000203
1.9  0.00018755
1.8  0.0001721
1.7  0.00015665
1.6  0.0001412
1.5  0.00012575
1.4  0.0001103
1.3  9.485e-05
1.2  7.94e-05
1.1  6.395e-05
1  4.85e-05
0 0
