title:          ~/hist/mu2e/v5_7_0/e00s5700.pid_ana.hist/PidAna/pid_1/xdrds_vadim_ele
name:           pid_1/xdrds_vadim_ele
nbx,xmin,xmax:   400   -20.0000    20.0000
       0.0       0.0       0.0       0.0       0.0       0.0       0.0       0.0       0.0       0.0
       0.0       0.0       0.0       0.0       0.0       0.0       0.0       0.0       0.0       0.0
       0.0       0.0       0.0       0.0       0.0       0.0       0.0       0.0       0.0       0.0
       0.0       0.0       0.0       0.0       0.0       0.0       0.0       0.0       0.0       0.0
       0.0       0.0       0.0       0.0       0.0       0.0       0.0       0.0       0.0       0.0
       0.0       0.0       0.0       0.0       0.0       0.0       0.0       0.0       0.0       0.0
       0.0       0.0       0.0       0.0       0.0       0.0       0.0       0.0       0.0       0.0
       0.0       0.0       0.0       0.0       0.0       0.0       0.0       0.0       0.0       0.0
       0.0       0.0       0.0       0.0       0.0       0.0       0.0       0.0       0.0       0.0
       0.0       0.0       0.0       0.0       0.0       0.0       0.0       0.0       0.0       0.0
       0.0       0.0       0.0       0.0       0.0       0.0       0.0       0.0       0.0       0.0
       0.0       0.0       0.0       0.0       0.0       0.0       0.0       0.0       0.0       0.0
       0.0       0.0       0.0       0.0       0.0       0.0       0.0       0.0       0.0       0.0
       0.0       0.0       0.0       0.0       0.0       0.0       0.0       0.0       0.0       0.0
       1.0       0.0       0.0       1.0       0.0       0.0       0.0       0.0       0.0       0.0
       1.0       0.0       0.0       0.0       0.0       1.0       2.0       0.0       1.0       6.0
       3.0       4.0       2.0       6.0       4.0       8.0      11.0      16.0      24.0      26.0
      40.0      48.0      69.0      89.0     104.0     161.0     189.0     248.0     296.0     427.0
     469.0     621.0     793.0    1010.0    1181.0    1435.0    1672.0    2044.0    2378.0    2749.0
    3241.0    3680.0    4051.0    4473.0    4895.0    5316.0    5526.0    5724.0    5984.0    6171.0
    6129.0    5809.0    5811.0    5725.0    5182.0    4926.0    4358.0    3971.0    3647.0    3134.0
    2808.0    2309.0    1945.0    1669.0    1365.0    1179.0     903.0     785.0     599.0     499.0
     406.0     307.0     255.0     204.0     160.0     117.0      97.0      59.0      58.0      43.0
      25.0      23.0      15.0      12.0      11.0       4.0       6.0       4.0       4.0       0.0
       1.0       1.0       0.0       0.0       1.0       1.0       0.0       0.0       0.0       0.0
       0.0       0.0       0.0       0.0       0.0       0.0       0.0       0.0       0.0       0.0
       0.0       0.0       0.0       0.0       0.0       0.0       0.0       0.0       0.0       0.0
       0.0       0.0       0.0       0.0       0.0       0.0       0.0       0.0       0.0       0.0
       0.0       0.0       0.0       0.0       0.0       0.0       0.0       0.0       0.0       0.0
       0.0       0.0       0.0       0.0       0.0       0.0       0.0       0.0       0.0       0.0
       0.0       0.0       0.0       0.0       0.0       0.0       0.0       0.0       0.0       0.0
       0.0       0.0       0.0       0.0       0.0       0.0       0.0       0.0       0.0       0.0
       0.0       0.0       0.0       0.0       0.0       0.0       0.0       0.0       0.0       0.0
       0.0       0.0       0.0       0.0       0.0       0.0       0.0       0.0       0.0       0.0
       0.0       0.0       0.0       0.0       0.0       0.0       0.0       0.0       0.0       0.0
       0.0       0.0       0.0       0.0       0.0       0.0       0.0       0.0       0.0       0.0
       0.0       0.0       0.0       0.0       0.0       0.0       0.0       0.0       0.0       0.0
       0.0       0.0       0.0       0.0       0.0       0.0       0.0       0.0       0.0       0.0
       0.0       0.0       0.0       0.0       0.0       0.0       0.0       0.0       0.0       0.0
       0.0       0.0       0.0       0.0       0.0       0.0       0.0       0.0       0.0       0.0

