title:          ~/hist/mu2e/v5_7_0/e00s5700.track_ana.hist/TrackAna/trk_19/ep_vs_path
name:           trk_19/ep_vs_path
nbx,xmin,xmax,nby,ymin,ymax:    50     0.0000   500.0000   150     0.0000     1.5000
       0.0       0.0       0.0       0.0       0.0       0.0       0.0       0.0       0.0       0.0
       0.0       0.0       0.0       0.0       0.0       0.0       0.0       0.0       0.0       0.0
       0.0       0.0       0.0       0.0       0.0       0.0       0.0       0.0       0.0       0.0
       0.0       0.0       0.0       0.0       0.0       0.0       0.0       0.0       0.0       0.0
       0.0       0.0       0.0       0.0       0.0       0.0       0.0       0.0       0.0       0.0
       0.0       0.0       0.0       0.0       0.0       0.0       0.0       0.0       0.0       0.0
       0.0       0.0       0.0       0.0       0.0       0.0       0.0       0.0       0.0       0.0
       0.0       0.0       0.0       0.0       0.0       0.0       0.0       0.0       0.0       0.0
       0.0       0.0       0.0       0.0       0.0       0.0       0.0       0.0       0.0       0.0
       0.0       0.0       0.0       0.0       0.0       0.0       0.0       0.0       0.0       0.0
       0.0       0.0       0.0       0.0       0.0       0.0       0.0       0.0       0.0       0.0
       0.0       0.0       0.0       0.0       0.0       0.0       0.0       0.0       0.0       0.0
       0.0       0.0       0.0       0.0       0.0       0.0       0.0       0.0       0.0       0.0
       0.0       0.0       0.0       0.0       0.0       0.0       0.0       0.0       0.0       0.0
       0.0       0.0       0.0       0.0       0.0       0.0       0.0       0.0       0.0       0.0
       0.0       0.0       0.0       0.0       0.0       0.0       0.0       0.0       0.0       0.0
       0.0       0.0       0.0       0.0       0.0       0.0       0.0       0.0       0.0       0.0
       0.0       0.0       0.0       0.0       0.0       0.0       0.0       0.0       0.0       0.0
       0.0       0.0       0.0       0.0       0.0       0.0       0.0       0.0       0.0       0.0
       0.0       0.0       0.0       0.0       0.0       0.0       0.0       0.0       0.0       0.0
       0.0       0.0       0.0       0.0       0.0       0.0       0.0       0.0       0.0       0.0
       0.0       0.0       0.0       0.0       0.0       0.0       0.0       0.0       0.0       0.0
       0.0       0.0       0.0       0.0       0.0       0.0       0.0       0.0       0.0       0.0
       0.0       0.0       0.0       0.0       0.0       0.0       0.0       0.0       0.0       0.0
       0.0       0.0       0.0       0.0       0.0       0.0       0.0       0.0       0.0       0.0
       0.0       0.0       0.0       0.0       0.0       0.0       0.0       0.0       0.0       0.0
       0.0       0.0       0.0       0.0       0.0       0.0       0.0       0.0       0.0       0.0
       0.0       0.0       0.0       0.0       0.0       0.0       0.0       0.0       0.0       0.0
       0.0       0.0       0.0       0.0       0.0       0.0       0.0       0.0       0.0       0.0
       0.0       0.0       0.0       0.0       0.0       0.0       0.0       0.0       0.0       0.0
       0.0       0.0       0.0       0.0       0.0       0.0       0.0       0.0       0.0       0.0
       0.0       0.0       0.0       0.0       0.0       0.0       0.0       0.0       0.0       0.0
       0.0       0.0       0.0       0.0       0.0       0.0       0.0       0.0       0.0       0.0
       0.0       0.0       0.0       0.0       0.0       0.0       0.0       0.0       0.0       0.0
       0.0       0.0       0.0       0.0       0.0       0.0       0.0       0.0       0.0       0.0
       0.0       0.0       0.0       0.0       0.0       0.0       0.0       0.0       0.0       0.0
       0.0       0.0       0.0       0.0       0.0       0.0       0.0       0.0       0.0       0.0
       0.0       0.0       0.0       0.0       0.0       0.0       0.0       0.0       0.0       0.0
       0.0       0.0       0.0       0.0       0.0       0.0       0.0       0.0       0.0       0.0
       0.0       0.0       0.0       0.0       0.0       0.0       0.0       0.0       0.0       0.0
       0.0       0.0       0.0       0.0       0.0       0.0       0.0       0.0       0.0       0.0
       0.0       0.0       0.0       0.0       0.0       0.0       0.0       0.0       0.0       0.0
       0.0       0.0       0.0       0.0       0.0       0.0       0.0       0.0       0.0       0.0
       0.0       0.0       0.0       0.0       0.0       0.0       0.0       0.0       0.0       0.0
       0.0       0.0       0.0       0.0       0.0       0.0       0.0       0.0       0.0       0.0
       4.0      14.0      11.0       2.0       1.0       0.0       0.0       0.0       0.0       0.0
       0.0       0.0       0.0       0.0       0.0       0.0       0.0       0.0       0.0       0.0
       0.0       0.0       1.0       0.0       0.0       1.0       0.0       1.0       1.0       1.0
       0.0       0.0       0.0       0.0       0.0       0.0       0.0       0.0       0.0       0.0
       0.0       0.0       0.0       0.0       0.0       0.0       0.0       0.0       0.0       0.0
       5.0      27.0      16.0      11.0       4.0       1.0       1.0       1.0       0.0       0.0
       1.0       0.0       1.0       0.0       0.0       0.0       0.0       0.0       0.0       1.0
       0.0       0.0       2.0       0.0       1.0       0.0       1.0       1.0       1.0       2.0
       0.0       3.0       1.0       2.0       1.0       0.0       0.0       0.0       1.0       0.0
       0.0       0.0       0.0       0.0       0.0       0.0       0.0       0.0       0.0       0.0
       3.0      31.0      26.0       8.0       1.0       2.0       1.0       0.0       1.0       0.0
       0.0       0.0       0.0       0.0       0.0       0.0       0.0       2.0       0.0       0.0
       0.0       1.0       1.0       1.0       1.0       0.0       0.0       1.0       2.0       0.0
       0.0       1.0       2.0       1.0       1.0       0.0       0.0       0.0       0.0       0.0
       0.0       0.0       0.0       0.0       0.0       0.0       0.0       0.0       0.0       0.0
       9.0      25.0      24.0      14.0       2.0       6.0       0.0       0.0       0.0       1.0
       0.0       0.0       2.0       1.0       0.0       0.0       1.0       1.0       0.0       1.0
       0.0       0.0       0.0       1.0       0.0       0.0       0.0       0.0       0.0       1.0
       1.0       2.0       3.0       1.0       0.0       0.0       0.0       0.0       0.0       0.0
       0.0       0.0       0.0       0.0       0.0       0.0       0.0       0.0       0.0       0.0
       4.0      21.0      21.0      14.0       2.0       5.0       0.0       0.0       2.0       0.0
       2.0       1.0       0.0       0.0       0.0       0.0       1.0       0.0       0.0       0.0
       1.0       0.0       3.0       0.0       1.0       0.0       0.0       1.0       1.0       0.0
       2.0       1.0       3.0       4.0       2.0       1.0       2.0       0.0       0.0       0.0
       0.0       0.0       0.0       0.0       0.0       0.0       0.0       0.0       0.0       0.0
       2.0      17.0      27.0       9.0       9.0       1.0       0.0       0.0       1.0       1.0
       0.0       0.0       1.0       0.0       0.0       0.0       2.0       0.0       0.0       0.0
       0.0       2.0       0.0       0.0       1.0       2.0       0.0       0.0       3.0       0.0
       2.0       2.0       2.0       3.0       2.0       1.0       0.0       0.0       0.0       0.0
       0.0       0.0       0.0       0.0       0.0       0.0       0.0       0.0       0.0       0.0
       6.0      16.0      30.0      11.0       6.0       0.0       2.0       3.0       1.0       0.0
       0.0       0.0       0.0       2.0       1.0       0.0       1.0       1.0       0.0       0.0
       1.0       0.0       1.0       0.0       0.0       0.0       1.0       0.0       1.0       1.0
       3.0       1.0       4.0       0.0       2.0       3.0       0.0       0.0       0.0       0.0
       0.0       0.0       0.0       0.0       0.0       0.0       0.0       0.0       0.0       0.0
       7.0      16.0      23.0      15.0      11.0       3.0       1.0       2.0       4.0       1.0
       0.0       0.0       0.0       0.0       0.0       0.0       0.0       0.0       0.0       1.0
       0.0       0.0       0.0       1.0       0.0       0.0       2.0       0.0       0.0       2.0
       7.0       2.0       2.0       2.0       0.0       0.0       0.0       0.0       0.0       0.0
       0.0       0.0       0.0       0.0       0.0       0.0       0.0       0.0       0.0       0.0
       1.0      11.0      24.0      20.0      11.0       2.0       4.0       2.0       1.0       1.0
       1.0       0.0       2.0       0.0       3.0       0.0       1.0       1.0       1.0       0.0
       1.0       0.0       0.0       0.0       0.0       0.0       0.0       0.0       0.0       3.0
       2.0       4.0       1.0       1.0       1.0       1.0       2.0       1.0       0.0       0.0
       0.0       0.0       0.0       0.0       0.0       0.0       0.0       0.0       0.0       0.0
       1.0      16.0      23.0       9.0       6.0       8.0       2.0       3.0       0.0       1.0
       1.0       1.0       0.0       0.0       1.0       0.0       3.0       0.0       0.0       0.0
       4.0       0.0       1.0       0.0       1.0       0.0       0.0       0.0       1.0       1.0
       0.0       0.0       4.0       2.0       1.0       1.0       0.0       0.0       0.0       0.0
       0.0       0.0       0.0       0.0       0.0       0.0       0.0       0.0       0.0       0.0
       1.0      13.0      23.0      17.0       9.0       4.0       3.0       2.0       2.0       1.0
       1.0       1.0       0.0       0.0       0.0       0.0       0.0       0.0       0.0       0.0
       0.0       0.0       1.0       2.0       0.0       1.0       0.0       0.0       0.0       0.0
       4.0       5.0       2.0       6.0       2.0       0.0       0.0       0.0       0.0       0.0
       0.0       0.0       0.0       0.0       0.0       0.0       0.0       0.0       0.0       0.0
       2.0      14.0      23.0      31.0      14.0       7.0       6.0       1.0       3.0       1.0
       2.0       0.0       1.0       0.0       0.0       0.0       0.0       0.0       0.0       0.0
       0.0       0.0       0.0       0.0       2.0       0.0       0.0       1.0       0.0       3.0
       1.0       3.0       2.0       1.0       1.0       1.0       0.0       0.0       0.0       0.0
       0.0       0.0       0.0       0.0       0.0       0.0       0.0       0.0       0.0       0.0
       1.0      21.0      16.0      23.0      15.0      14.0       9.0       3.0       1.0       1.0
       1.0       1.0       1.0       0.0       0.0       1.0       0.0       2.0       0.0       1.0
       2.0       0.0       1.0       0.0       2.0       1.0       1.0       1.0       2.0       2.0
       3.0       5.0       1.0       1.0       2.0       0.0       1.0       2.0       0.0       0.0
       0.0       0.0       0.0       0.0       0.0       0.0       0.0       0.0       0.0       0.0
       3.0       8.0      22.0      17.0      14.0       6.0       4.0       2.0       2.0       1.0
       0.0       0.0       1.0       1.0       0.0       1.0       0.0       1.0       0.0       1.0
       0.0       0.0       0.0       1.0       0.0       1.0       1.0       0.0       3.0       2.0
       3.0       2.0       4.0       4.0       3.0       2.0       0.0       0.0       0.0       0.0
       0.0       0.0       0.0       0.0       0.0       0.0       0.0       0.0       0.0       0.0
       3.0      14.0      21.0      18.0      11.0       6.0       3.0       2.0       1.0       1.0
       3.0       0.0       0.0       1.0       1.0       1.0       0.0       0.0       0.0       0.0
       1.0       0.0       0.0       1.0       0.0       0.0       2.0       0.0       1.0       1.0
       3.0       1.0       4.0       1.0       2.0       1.0       0.0       1.0       0.0       0.0
       0.0       0.0       0.0       0.0       0.0       0.0       0.0       0.0       0.0       0.0
       3.0       8.0      18.0      18.0      13.0       8.0       6.0       1.0       1.0       1.0
       2.0       1.0       0.0       1.0       1.0       0.0       0.0       0.0       1.0       0.0
       1.0       0.0       0.0       1.0       1.0       1.0       1.0       0.0       3.0       0.0
       3.0       2.0       6.0       3.0       1.0       0.0       0.0       0.0       0.0       0.0
       0.0       0.0       0.0       0.0       0.0       0.0       0.0       0.0       0.0       0.0
       3.0      12.0      19.0      16.0      15.0       7.0       3.0       4.0       0.0       0.0
       2.0       0.0       0.0       0.0       1.0       0.0       1.0       0.0       0.0       0.0
       1.0       0.0       2.0       2.0       1.0       0.0       0.0       0.0       1.0       2.0
       0.0       2.0       1.0       1.0       2.0       3.0       2.0       0.0       0.0       0.0
       0.0       0.0       0.0       0.0       0.0       0.0       0.0       0.0       0.0       0.0
       5.0       4.0      25.0      16.0      10.0       8.0       6.0       2.0       4.0       1.0
       1.0       0.0       1.0       0.0       0.0       0.0       0.0       0.0       0.0       1.0
       1.0       1.0       1.0       1.0       0.0       0.0       1.0       0.0       1.0       0.0
       2.0       3.0       4.0       2.0       1.0       0.0       0.0       0.0       0.0       0.0
       0.0       0.0       0.0       0.0       0.0       0.0       0.0       0.0       0.0       0.0
       5.0       9.0      20.0      19.0       8.0      11.0       4.0       7.0       2.0       5.0
       3.0       0.0       2.0       0.0       1.0       0.0       0.0       0.0       1.0       0.0
       2.0       0.0       0.0       0.0       2.0       1.0       0.0       0.0       1.0       1.0
       2.0       5.0       2.0       1.0       0.0       1.0       0.0       0.0       1.0       0.0
       0.0       0.0       0.0       0.0       0.0       0.0       0.0       0.0       0.0       0.0
       1.0      13.0      17.0      16.0      25.0       3.0       4.0       5.0       2.0       0.0
       2.0       0.0       1.0       0.0       1.0       2.0       0.0       0.0       0.0       0.0
       1.0       0.0       0.0       0.0       0.0       0.0       0.0       0.0       0.0       2.0
       3.0       5.0       3.0       2.0       2.0       0.0       2.0       1.0       2.0       0.0
       0.0       0.0       0.0       0.0       0.0       0.0       0.0       0.0       0.0       0.0
       2.0       7.0      22.0      21.0      17.0       8.0       9.0       8.0       2.0       2.0
       2.0       0.0       2.0       1.0       1.0       0.0       0.0       0.0       1.0       0.0
       0.0       0.0       0.0       0.0       1.0       0.0       0.0       1.0       2.0       0.0
       3.0       2.0       4.0       2.0       2.0       2.0       0.0       0.0       2.0       0.0
       0.0       0.0       0.0       0.0       0.0       0.0       0.0       0.0       0.0       0.0
       3.0       5.0      13.0      12.0      10.0       8.0       9.0       4.0       4.0       3.0
       1.0       0.0       4.0       0.0       1.0       0.0       0.0       0.0       0.0       2.0
       2.0       1.0       0.0       0.0       1.0       0.0       0.0       0.0       0.0       2.0
       1.0       3.0       5.0       2.0       0.0       0.0       0.0       2.0       0.0       0.0
       0.0       0.0       0.0       0.0       0.0       0.0       0.0       0.0       0.0       0.0
       5.0      13.0      21.0      16.0      11.0       7.0       3.0       4.0       4.0       3.0
       2.0       2.0       1.0       1.0       0.0       0.0       1.0       1.0       0.0       1.0
       0.0       0.0       0.0       1.0       1.0       0.0       0.0       0.0       0.0       2.0
       3.0       4.0       3.0       3.0       3.0       4.0       1.0       0.0       1.0       0.0
       0.0       0.0       0.0       0.0       0.0       0.0       0.0       0.0       0.0       0.0
       2.0       6.0      16.0      18.0      11.0       8.0       5.0       6.0       2.0       4.0
       1.0       0.0       0.0       0.0       0.0       0.0       0.0       1.0       0.0       0.0
       2.0       0.0       0.0       0.0       0.0       1.0       2.0       2.0       0.0       4.0
       3.0       5.0       4.0       1.0       1.0       1.0       0.0       1.0       0.0       0.0
       0.0       0.0       0.0       0.0       0.0       0.0       0.0       0.0       0.0       0.0
       3.0      17.0      16.0      19.0      17.0       9.0       5.0       5.0       2.0       4.0
       0.0       1.0       1.0       3.0       2.0       0.0       1.0       0.0       0.0       1.0
       0.0       0.0       0.0       0.0       0.0       0.0       0.0       3.0       1.0       2.0
       3.0       5.0       3.0       0.0       1.0       2.0       1.0       0.0       0.0       0.0
       0.0       0.0       0.0       0.0       0.0       0.0       0.0       0.0       0.0       0.0
       3.0       6.0      15.0      20.0      16.0      10.0      13.0       2.0      11.0       1.0
       2.0       0.0       2.0       3.0       1.0       2.0       1.0       2.0       1.0       0.0
       2.0       0.0       2.0       1.0       0.0       0.0       0.0       0.0       2.0       1.0
       2.0       1.0       3.0       1.0       1.0       2.0       1.0       1.0       0.0       0.0
       0.0       0.0       0.0       0.0       0.0       0.0       0.0       0.0       0.0       0.0
       1.0       3.0       7.0      19.0      10.0       9.0       3.0       7.0       1.0       5.0
       2.0       2.0       0.0       1.0       1.0       2.0       3.0       2.0       1.0       0.0
       0.0       2.0       0.0       1.0       0.0       2.0       0.0       1.0       2.0       2.0
       1.0       0.0       1.0       1.0       4.0       1.0       1.0       2.0       0.0       0.0
       0.0       0.0       0.0       0.0       0.0       0.0       0.0       0.0       0.0       0.0
       4.0       8.0      21.0      20.0      11.0      13.0       7.0       5.0       4.0       3.0
       1.0       2.0       0.0       0.0       0.0       1.0       0.0       1.0       1.0       1.0
       0.0       0.0       1.0       1.0       0.0       1.0       0.0       0.0       2.0       1.0
       2.0       2.0       3.0       1.0       4.0       0.0       1.0       3.0       1.0       0.0
       0.0       0.0       0.0       0.0       0.0       0.0       0.0       0.0       0.0       0.0
       5.0       3.0      12.0      20.0      14.0      12.0       4.0       9.0       6.0       3.0
       2.0       0.0       0.0       0.0       1.0       1.0       0.0       0.0       2.0       0.0
       1.0       0.0       0.0       1.0       1.0       0.0       0.0       0.0       1.0       0.0
       1.0       4.0       0.0       2.0       1.0       1.0       1.0       0.0       1.0       0.0
       0.0       0.0       0.0       0.0       0.0       0.0       0.0       0.0       0.0       0.0
       4.0       6.0      17.0      21.0      16.0      12.0       7.0       4.0       6.0       4.0
       1.0       2.0       0.0       1.0       3.0       1.0       0.0       1.0       0.0       3.0
       0.0       2.0       0.0       0.0       1.0       2.0       0.0       0.0       0.0       2.0
       0.0       3.0       4.0       3.0       4.0       2.0       2.0       0.0       1.0       0.0
       0.0       0.0       0.0       0.0       0.0       0.0       0.0       0.0       0.0       0.0
       6.0       6.0      19.0      11.0      28.0       7.0       8.0       7.0       6.0       2.0
       3.0       1.0       0.0       0.0       1.0       0.0       0.0       0.0       0.0       0.0
       0.0       0.0       2.0       0.0       1.0       0.0       0.0       0.0       1.0       1.0
       0.0       4.0       2.0       4.0       3.0       1.0       2.0       2.0       0.0       0.0
       0.0       0.0       0.0       0.0       0.0       0.0       0.0       0.0       0.0       0.0
       3.0      11.0      16.0      16.0      11.0      12.0      15.0       8.0       3.0       4.0
       8.0       2.0       1.0       1.0       1.0       0.0       0.0       1.0       1.0       0.0
       0.0       0.0       0.0       0.0       0.0       1.0       0.0       1.0       0.0       0.0
       4.0       2.0       5.0       2.0       2.0       4.0       1.0       0.0       0.0       0.0
       0.0       0.0       0.0       0.0       0.0       0.0       0.0       0.0       0.0       0.0
       1.0       8.0      20.0      17.0      16.0      10.0       9.0       5.0       2.0       4.0
       3.0       2.0       1.0       0.0       0.0       0.0       1.0       0.0       0.0       0.0
       0.0       0.0       1.0       0.0       0.0       0.0       0.0       0.0       0.0       0.0
       2.0       0.0       5.0       5.0       1.0       1.0       0.0       0.0       1.0       0.0
       0.0       0.0       0.0       0.0       0.0       0.0       0.0       0.0       0.0       0.0
       2.0       2.0      11.0      16.0      17.0       9.0      12.0       7.0       4.0       9.0
       4.0       4.0       2.0       2.0       0.0       1.0       0.0       0.0       1.0       0.0
       0.0       1.0       0.0       0.0       0.0       2.0       0.0       1.0       2.0       1.0
       3.0       1.0       3.0       2.0       3.0       2.0       0.0       0.0       0.0       0.0
       0.0       0.0       0.0       0.0       0.0       0.0       0.0       0.0       0.0       0.0
       1.0       5.0      14.0      20.0      19.0      16.0       7.0       3.0       7.0       3.0
       2.0       0.0       2.0       1.0       0.0       3.0       0.0       0.0       1.0       0.0
       0.0       2.0       0.0       1.0       0.0       1.0       0.0       0.0       0.0       1.0
       4.0       5.0       1.0       4.0       3.0       3.0       0.0       0.0       1.0       0.0
       0.0       0.0       0.0       0.0       0.0       0.0       0.0       0.0       0.0       0.0
       2.0      10.0      13.0       6.0      19.0      17.0      13.0      11.0       5.0       5.0
       2.0       2.0       2.0       2.0       3.0       2.0       0.0       1.0       0.0       2.0
       0.0       1.0       2.0       0.0       3.0       0.0       0.0       0.0       1.0       2.0
       4.0       6.0       2.0       4.0       4.0       2.0       1.0       0.0       0.0       0.0
       0.0       0.0       0.0       0.0       0.0       0.0       0.0       0.0       0.0       0.0
       2.0       8.0      19.0      18.0      15.0      14.0      12.0       3.0       6.0       3.0
       3.0       8.0       1.0       2.0       1.0       1.0       2.0       0.0       0.0       0.0
       1.0       0.0       1.0       0.0       2.0       2.0       2.0       1.0       1.0       0.0
       1.0       8.0       4.0       8.0       4.0       1.0       1.0       0.0       0.0       1.0
       0.0       0.0       0.0       0.0       0.0       0.0       0.0       0.0       0.0       0.0
       4.0       8.0      12.0      15.0      19.0      16.0      12.0       9.0       4.0       7.0
       6.0       2.0       2.0       3.0       1.0       2.0       2.0       1.0       1.0       0.0
       0.0       2.0       1.0       2.0       0.0       1.0       0.0       2.0       2.0       1.0
       1.0       5.0       5.0       6.0       2.0       5.0       2.0       0.0       0.0       0.0
       0.0       0.0       0.0       0.0       0.0       0.0       0.0       0.0       0.0       0.0
       8.0       6.0      16.0      12.0      17.0      20.0      22.0      10.0      10.0       3.0
       7.0       3.0       4.0       6.0       3.0       2.0       1.0       0.0       0.0       1.0
       0.0       1.0       1.0       0.0       0.0       1.0       1.0       2.0       1.0       0.0
       2.0       5.0       4.0       1.0       8.0       3.0       4.0       0.0       1.0       0.0
       0.0       0.0       0.0       0.0       0.0       0.0       0.0       0.0       0.0       0.0
       2.0       6.0      15.0      13.0      15.0      11.0      13.0       8.0       4.0       7.0
       8.0       2.0       3.0       4.0       2.0       1.0       4.0       0.0       2.0       4.0
       1.0       3.0       1.0       1.0       0.0       1.0       1.0       0.0       3.0       3.0
       6.0       6.0       7.0       3.0       2.0       3.0       0.0       1.0       1.0       0.0
       0.0       0.0       0.0       0.0       0.0       0.0       0.0       0.0       0.0       0.0
       3.0       7.0      12.0      18.0      16.0      15.0      20.0      12.0      15.0       8.0
       1.0      10.0       2.0       3.0       3.0       1.0       1.0       1.0       1.0       3.0
       1.0       2.0       0.0       2.0       1.0       1.0       0.0       0.0       0.0       5.0
       5.0       4.0      10.0       5.0       4.0       4.0       1.0       3.0       1.0       0.0
       0.0       0.0       0.0       0.0       0.0       0.0       0.0       0.0       0.0       0.0
       4.0      12.0      12.0      19.0      17.0      21.0      19.0      20.0       8.0       8.0
       8.0       5.0       2.0       2.0       2.0       1.0       1.0       2.0       2.0       0.0
       1.0       0.0       0.0       1.0       0.0       3.0       2.0       1.0       1.0       1.0
       3.0       7.0      11.0       4.0       2.0       3.0       1.0       1.0       0.0       0.0
       0.0       0.0       0.0       0.0       0.0       0.0       0.0       0.0       0.0       0.0
       2.0       7.0      14.0      19.0      22.0      22.0      18.0      12.0      19.0       8.0
      12.0       8.0       4.0       1.0       1.0       3.0       0.0       1.0       0.0       4.0
       0.0       1.0       1.0       0.0       0.0       0.0       2.0       0.0       0.0       4.0
       2.0       8.0      10.0       7.0       9.0       4.0       3.0       2.0       1.0       0.0
       0.0       0.0       0.0       0.0       0.0       0.0       0.0       0.0       0.0       0.0
       3.0       5.0      12.0      12.0      22.0      26.0      12.0      16.0      11.0       9.0
      10.0       5.0       2.0       2.0       6.0       6.0       5.0       0.0       2.0       3.0
       0.0       1.0       1.0       1.0       0.0       2.0       2.0       3.0       5.0       2.0
       5.0       6.0       7.0      10.0       8.0       2.0       4.0       3.0       0.0       0.0
       0.0       0.0       0.0       0.0       0.0       0.0       0.0       0.0       0.0       0.0
       3.0       6.0       9.0      21.0      24.0      22.0      23.0      18.0      10.0      12.0
       3.0       5.0       4.0       7.0       2.0       3.0       1.0       3.0       2.0       0.0
       0.0       2.0       1.0       1.0       0.0       1.0       0.0       0.0       0.0       1.0
       2.0       5.0       5.0       8.0      10.0       6.0       4.0       2.0       0.0       0.0
       0.0       0.0       0.0       0.0       0.0       0.0       0.0       0.0       0.0       0.0
       5.0      12.0      12.0      22.0      21.0      19.0      22.0      20.0      10.0      11.0
      13.0       5.0       7.0       3.0       3.0       3.0       2.0       4.0       1.0       4.0
       0.0       0.0       1.0       0.0       1.0       3.0       0.0       0.0       2.0       3.0
       6.0       3.0      10.0       7.0       6.0       6.0       2.0       3.0       0.0       0.0
       0.0       0.0       0.0       0.0       0.0       0.0       0.0       0.0       0.0       0.0
       2.0       6.0      11.0      24.0      15.0      18.0      17.0      16.0      15.0       9.0
      12.0       8.0       4.0       2.0       5.0       4.0       1.0       4.0       6.0       1.0
       2.0       4.0       1.0       1.0       2.0       1.0       1.0       2.0       1.0       7.0
       5.0       9.0      12.0      13.0      12.0       7.0       5.0       1.0       2.0       0.0
       0.0       0.0       0.0       0.0       0.0       0.0       0.0       0.0       0.0       0.0
       2.0      10.0      11.0      25.0      19.0      15.0      17.0      24.0      13.0       9.0
       8.0       7.0       5.0       8.0       4.0       1.0       2.0       0.0       0.0       2.0
       1.0       2.0       2.0       3.0       0.0       0.0       2.0       1.0       1.0       1.0
      10.0      18.0      11.0      10.0       8.0      11.0       3.0       0.0       0.0       0.0
       0.0       0.0       0.0       0.0       0.0       0.0       0.0       0.0       0.0       0.0
       5.0       3.0       9.0      11.0      19.0      15.0      18.0      20.0      24.0      19.0
      14.0      11.0       4.0       8.0       2.0       5.0       5.0       2.0       3.0       4.0
       3.0       1.0       1.0       1.0       2.0       3.0       1.0       1.0       2.0       2.0
       8.0       9.0       8.0       9.0      10.0       7.0       5.0       1.0       1.0       0.0
       0.0       0.0       0.0       0.0       0.0       0.0       0.0       0.0       0.0       0.0
       1.0       8.0      20.0      23.0      25.0      11.0      12.0      12.0      17.0      20.0
      10.0       9.0       7.0       1.0       4.0       1.0       7.0       4.0       3.0       5.0
       2.0       5.0       2.0       0.0       2.0       0.0       2.0       1.0       2.0       4.0
       7.0      13.0      10.0       7.0      12.0      12.0       4.0       2.0       0.0       1.0
       0.0       0.0       0.0       0.0       0.0       0.0       0.0       0.0       0.0       0.0
       5.0       6.0       8.0      19.0      22.0      24.0      12.0      18.0      18.0      14.0
      12.0       8.0       6.0       4.0       0.0       5.0       7.0       6.0       3.0       2.0
       3.0       3.0       2.0       3.0       3.0       2.0       4.0       2.0       5.0       7.0
      10.0      16.0      20.0      16.0      12.0       5.0       4.0       3.0       1.0       0.0
       0.0       0.0       0.0       0.0       0.0       0.0       0.0       0.0       0.0       0.0
       4.0       9.0      16.0      23.0      19.0      16.0      15.0      19.0      10.0      11.0
       8.0       6.0      11.0      11.0       5.0       6.0       4.0       1.0       5.0       5.0
       4.0       2.0       1.0       6.0       3.0       1.0       1.0       0.0       3.0       6.0
      11.0      17.0      12.0      16.0      13.0       9.0       6.0       1.0       1.0       1.0
       0.0       0.0       0.0       0.0       0.0       0.0       0.0       0.0       0.0       0.0
       1.0       5.0      12.0      19.0      21.0      15.0      20.0      17.0      17.0      18.0
      10.0      11.0       7.0       9.0      10.0       6.0       4.0       6.0       3.0       9.0
       2.0       2.0       2.0       2.0       2.0       2.0       5.0       1.0       2.0       5.0
      10.0      15.0      20.0      17.0      11.0      12.0       4.0       7.0       0.0       0.0
       0.0       0.0       0.0       0.0       0.0       0.0       0.0       0.0       0.0       0.0
       4.0      10.0      11.0      20.0      20.0      19.0      24.0      23.0      19.0      17.0
      17.0       9.0      10.0       9.0       8.0       7.0       3.0       5.0       4.0       4.0
       2.0       4.0       2.0       1.0       1.0       4.0       1.0       1.0       6.0       8.0
      18.0      13.0      20.0      15.0      22.0      13.0       8.0       9.0       2.0       0.0
       0.0       0.0       0.0       0.0       0.0       0.0       0.0       0.0       0.0       0.0
       6.0       6.0       8.0      11.0      21.0      18.0      18.0      21.0      13.0      20.0
      11.0      10.0       7.0      13.0       8.0       5.0       4.0       0.0       4.0       4.0
       1.0       3.0       7.0       2.0       1.0       1.0       1.0       2.0       5.0      15.0
       7.0      13.0      25.0      15.0      17.0      12.0       7.0       5.0       2.0       0.0
       0.0       0.0       0.0       0.0       0.0       0.0       0.0       0.0       0.0       0.0
       0.0       4.0      12.0      18.0      15.0      24.0      18.0      25.0      16.0      28.0
       9.0      16.0       9.0       7.0      10.0       5.0       4.0       7.0       9.0       2.0
       4.0       3.0       6.0       3.0       4.0       3.0       3.0       4.0       7.0       8.0
      16.0      29.0      24.0      16.0      16.0      16.0      16.0       8.0       1.0       0.0
       0.0       0.0       0.0       0.0       0.0       0.0       0.0       0.0       0.0       0.0
       1.0      12.0      12.0      18.0      20.0      14.0      19.0      32.0      17.0      11.0
      18.0      10.0      19.0      12.0       3.0       8.0       4.0       3.0       3.0       3.0
       7.0       2.0       1.0       3.0       3.0       2.0       2.0       4.0       7.0      10.0
      16.0      30.0      25.0      36.0      20.0      20.0      13.0       5.0       2.0       0.0
       0.0       0.0       0.0       0.0       0.0       0.0       0.0       0.0       0.0       0.0
       9.0       5.0      11.0      12.0      19.0      25.0      26.0      21.0      25.0      15.0
      14.0      16.0      16.0      15.0       8.0      11.0       4.0       7.0       2.0       5.0
       4.0       2.0       3.0       4.0       4.0       4.0       3.0       2.0       5.0       9.0
      18.0      34.0      41.0      31.0      22.0      23.0      15.0      11.0       7.0       0.0
       0.0       0.0       0.0       0.0       0.0       0.0       0.0       0.0       0.0       0.0
       3.0      10.0      15.0      20.0      12.0      23.0      25.0      28.0      24.0      15.0
      16.0      12.0      16.0      12.0      13.0       5.0      10.0       9.0       3.0       3.0
       8.0       4.0       8.0       6.0       5.0       6.0       3.0       2.0      14.0       9.0
      20.0      36.0      33.0      33.0      31.0      13.0      16.0       7.0       1.0       2.0
       0.0       0.0       0.0       0.0       0.0       0.0       0.0       0.0       0.0       0.0
       3.0       5.0       6.0      16.0      18.0      18.0      28.0      21.0      29.0      22.0
      16.0      15.0      11.0       7.0       6.0      12.0       8.0       7.0       7.0       4.0
       3.0       6.0       3.0       5.0       2.0       2.0       3.0       3.0       6.0      18.0
      23.0      28.0      39.0      31.0      37.0      33.0      16.0      10.0       6.0       0.0
       0.0       0.0       0.0       0.0       0.0       0.0       0.0       0.0       0.0       0.0
       6.0       8.0       9.0      18.0      17.0      19.0      27.0      25.0      21.0      25.0
      30.0      13.0      19.0      16.0      11.0      12.0      13.0      15.0       4.0       4.0
       4.0       6.0       6.0       6.0       9.0       8.0       7.0       3.0      11.0      18.0
      29.0      33.0      57.0      31.0      30.0      42.0      20.0       6.0       2.0       2.0
       0.0       0.0       0.0       0.0       0.0       0.0       0.0       0.0       0.0       0.0
       2.0       9.0      10.0      27.0      16.0      26.0      24.0      29.0      22.0      27.0
      19.0      19.0      13.0       7.0      19.0      10.0       8.0       7.0      13.0       4.0
       4.0       6.0       5.0       9.0       2.0       7.0       6.0       7.0      10.0      17.0
      30.0      50.0      51.0      37.0      45.0      26.0      18.0      11.0       6.0       0.0
       0.0       0.0       0.0       0.0       0.0       0.0       0.0       0.0       0.0       0.0
       4.0       5.0       8.0      10.0      10.0      26.0      18.0      32.0      26.0      41.0
      27.0      13.0      22.0      20.0      10.0      15.0      24.0       9.0      14.0      10.0
       6.0       5.0       6.0       5.0      11.0       2.0       7.0       3.0      16.0      21.0
      36.0      39.0      46.0      53.0      34.0      45.0      19.0      14.0       4.0       2.0
       0.0       0.0       0.0       0.0       0.0       0.0       0.0       0.0       0.0       0.0
       1.0       8.0      13.0      12.0      16.0      31.0      30.0      31.0      27.0      31.0
      28.0      24.0      17.0      17.0      15.0      12.0      15.0      11.0      18.0       6.0
       6.0       6.0       9.0       8.0       5.0      13.0       8.0       6.0      17.0      24.0
      46.0      64.0      64.0      61.0      37.0      36.0      24.0       9.0       3.0       0.0
       0.0       0.0       0.0       0.0       0.0       0.0       0.0       0.0       0.0       0.0
       7.0       8.0       9.0      11.0      16.0      29.0      23.0      26.0      17.0      27.0
      29.0      20.0      23.0      19.0      22.0      20.0      12.0      15.0       9.0      11.0
      13.0       8.0      12.0       9.0       8.0      12.0       9.0       7.0      18.0      28.0
      35.0      73.0      76.0      53.0      53.0      40.0      26.0      12.0       4.0       1.0
       0.0       0.0       0.0       0.0       0.0       0.0       0.0       0.0       0.0       0.0
       6.0      12.0      19.0      12.0      23.0      14.0      29.0      29.0      26.0      33.0
      31.0      40.0      20.0      24.0      23.0      16.0       6.0      20.0      13.0      17.0
      15.0      11.0      18.0      12.0      12.0      11.0       8.0      14.0      21.0      34.0
      78.0      73.0      96.0      76.0      67.0      50.0      25.0      13.0       7.0       0.0
       1.0       0.0       0.0       0.0       0.0       0.0       0.0       0.0       0.0       0.0
       7.0      16.0       9.0      15.0      18.0      25.0      21.0      32.0      39.0      32.0
      40.0      24.0      30.0      25.0      24.0      21.0      19.0      17.0      16.0      15.0
      13.0      15.0      11.0      13.0      10.0       6.0       7.0      14.0      30.0      46.0
      62.0      84.0     100.0      90.0      75.0      49.0      39.0      15.0      12.0       0.0
       0.0       0.0       0.0       0.0       0.0       0.0       0.0       0.0       0.0       0.0
       2.0      10.0      11.0      18.0      21.0      19.0      18.0      28.0      30.0      29.0
      48.0      42.0      23.0      26.0      27.0      20.0      21.0      20.0      26.0      15.0
      21.0      14.0      13.0       8.0      14.0       6.0      15.0      10.0      34.0      39.0
      76.0     124.0     111.0     100.0      78.0      71.0      45.0      12.0       9.0       2.0
       0.0       0.0       0.0       0.0       0.0       0.0       0.0       0.0       0.0       0.0
       7.0      21.0      12.0      14.0      14.0      17.0      33.0      32.0      31.0      31.0
      26.0      27.0      27.0      30.0      40.0      34.0      26.0      23.0      16.0      16.0
      20.0      11.0      24.0      12.0      14.0      13.0      17.0      14.0      47.0      63.0
     110.0     111.0     146.0     112.0     104.0      78.0      48.0      28.0      10.0       1.0
       0.0       0.0       0.0       0.0       0.0       0.0       0.0       0.0       0.0       0.0
       3.0      13.0      11.0      12.0      24.0      20.0      26.0      28.0      31.0      40.0
      32.0      42.0      36.0      31.0      49.0      36.0      24.0      26.0      23.0      19.0
      28.0      25.0      27.0      16.0      10.0      20.0      14.0      11.0      43.0      71.0
     113.0     162.0     150.0     148.0     116.0      91.0      59.0      28.0       7.0       1.0
       0.0       0.0       0.0       0.0       0.0       0.0       0.0       0.0       0.0       0.0
       4.0      13.0       8.0      15.0      14.0      20.0      26.0      39.0      35.0      52.0
      31.0      35.0      36.0      43.0      41.0      29.0      40.0      24.0      18.0      20.0
      20.0      24.0      15.0      17.0      17.0      20.0      18.0      22.0      50.0      83.0
     113.0     159.0     177.0     153.0     123.0      93.0      61.0      28.0       7.0       5.0
       0.0       0.0       0.0       0.0       0.0       0.0       0.0       0.0       0.0       0.0
       6.0      12.0      11.0      15.0      19.0      22.0      37.0      36.0      33.0      40.0
      56.0      44.0      34.0      47.0      34.0      40.0      29.0      29.0      18.0      30.0
      29.0      27.0      25.0      30.0      21.0      28.0      29.0      28.0      59.0     107.0
     144.0     192.0     219.0     172.0     177.0     106.0      82.0      25.0      10.0       3.0
       0.0       0.0       0.0       0.0       0.0       0.0       0.0       0.0       0.0       0.0
       5.0      17.0      11.0      21.0      19.0      26.0      24.0      31.0      40.0      38.0
      39.0      35.0      38.0      41.0      50.0      35.0      36.0      39.0      32.0      38.0
      34.0      27.0      38.0      29.0      40.0      21.0      34.0      20.0      74.0     141.0
     175.0     257.0     267.0     217.0     183.0     118.0      74.0      23.0      14.0       1.0
       0.0       0.0       0.0       0.0       0.0       0.0       0.0       0.0       0.0       0.0
       3.0      12.0      12.0       7.0      12.0      24.0      22.0      32.0      27.0      46.0
      37.0      50.0      42.0      53.0      39.0      47.0      46.0      35.0      33.0      30.0
      27.0      41.0      38.0      29.0      24.0      25.0      35.0      29.0     105.0     150.0
     243.0     309.0     286.0     255.0     214.0     148.0      96.0      57.0      13.0       2.0
       0.0       0.0       0.0       0.0       0.0       0.0       0.0       0.0       0.0       0.0
      12.0      18.0      11.0      16.0      19.0      19.0      29.0      26.0      36.0      40.0
      32.0      52.0      49.0      55.0      49.0      43.0      48.0      39.0      37.0      48.0
      46.0      31.0      39.0      47.0      44.0      40.0      42.0      39.0     123.0     194.0
     295.0     373.0     328.0     305.0     260.0     180.0     114.0      41.0      23.0       2.0
       1.0       0.0       0.0       0.0       0.0       0.0       0.0       0.0       0.0       0.0
       6.0      15.0       6.0      12.0      17.0      26.0      25.0      30.0      42.0      39.0
      48.0      47.0      57.0      56.0      51.0      53.0      55.0      50.0      64.0      55.0
      53.0      52.0      46.0      43.0      47.0      39.0      38.0      51.0     167.0     240.0
     321.0     460.0     466.0     366.0     310.0     238.0     126.0      54.0      27.0       4.0
       0.0       0.0       0.0       0.0       0.0       0.0       0.0       0.0       0.0       0.0
       6.0      16.0      15.0      12.0      15.0      16.0      23.0      35.0      37.0      50.0
      44.0      60.0      46.0      58.0      72.0      51.0      57.0      51.0      50.0      56.0
      70.0      59.0      72.0      53.0      49.0      58.0      48.0      55.0     180.0     278.0
     428.0     528.0     528.0     459.0     333.0     220.0     138.0      74.0      25.0       1.0
       0.0       0.0       0.0       0.0       0.0       0.0       0.0       0.0       0.0       0.0
       2.0      24.0      12.0      21.0      13.0      23.0      19.0      23.0      31.0      48.0
      62.0      65.0      65.0      69.0      64.0      78.0      68.0      57.0      77.0      73.0
      63.0      63.0      78.0      50.0      60.0      52.0      69.0      86.0     209.0     375.0
     471.0     665.0     620.0     523.0     422.0     281.0     187.0      90.0      27.0       3.0
       0.0       0.0       0.0       0.0       0.0       0.0       0.0       0.0       0.0       0.0
       1.0      25.0       8.0      11.0      12.0      16.0      27.0      33.0      28.0      68.0
      48.0      66.0      47.0      64.0      72.0      70.0      87.0      83.0      74.0      89.0
      81.0      80.0      79.0      84.0      70.0      86.0      72.0      91.0     282.0     428.0
     570.0     765.0     812.0     585.0     518.0     346.0     176.0      97.0      24.0       3.0
       0.0       0.0       0.0       0.0       0.0       0.0       0.0       0.0       0.0       0.0
       9.0      19.0       6.0       9.0      14.0      15.0      18.0      25.0      36.0      43.0
      45.0      69.0      71.0      64.0      66.0      77.0      96.0     107.0     102.0      96.0
      79.0      95.0      98.0     103.0     102.0      83.0      90.0     104.0     325.0     524.0
     710.0    1015.0     880.0     822.0     568.0     386.0     229.0      93.0      33.0       8.0
       0.0       0.0       0.0       0.0       0.0       0.0       0.0       0.0       0.0       0.0
       4.0      31.0       8.0       9.0      10.0      15.0      13.0      27.0      28.0      41.0
      59.0      48.0      67.0      85.0      92.0      78.0      99.0      96.0      98.0     107.0
     116.0     113.0     103.0     111.0     125.0     141.0     122.0     126.0     386.0     613.0
     912.0    1136.0    1109.0     918.0     681.0     475.0     246.0     116.0      45.0       6.0
       1.0       0.0       0.0       0.0       0.0       0.0       0.0       0.0       0.0       0.0
       6.0      22.0      13.0       7.0      15.0      10.0      16.0      24.0      35.0      33.0
      46.0      60.0      81.0      85.0      93.0      87.0     100.0     113.0     109.0     109.0
      98.0     120.0     149.0     160.0     151.0     160.0     140.0     166.0     487.0     769.0
    1143.0    1327.0    1222.0    1029.0     781.0     532.0     281.0     124.0      40.0       5.0
       0.0       0.0       0.0       0.0       0.0       0.0       0.0       0.0       0.0       0.0
       7.0      20.0      13.0       8.0       9.0      11.0       8.0      19.0      19.0      33.0
      53.0      62.0      79.0      83.0      83.0     105.0     100.0      99.0     115.0     132.0
     157.0     138.0     150.0     141.0     140.0     147.0     165.0     165.0     556.0     907.0
    1210.0    1579.0    1454.0    1130.0     896.0     564.0     307.0     133.0      52.0       7.0
       0.0       0.0       0.0       0.0       0.0       0.0       0.0       0.0       0.0       0.0
       6.0      17.0      14.0       5.0       5.0       8.0      12.0      12.0      25.0      29.0
      31.0      45.0      56.0      71.0      86.0      93.0      95.0     100.0     134.0     113.0
     130.0     129.0     160.0     158.0     156.0     174.0     192.0     234.0     624.0    1004.0
    1377.0    1728.0    1503.0    1156.0     921.0     564.0     318.0     114.0      44.0       6.0
       1.0       0.0       0.0       0.0       0.0       0.0       0.0       0.0       0.0       0.0
       5.0      19.0      11.0      10.0       1.0       3.0       6.0      14.0      16.0      22.0
      28.0      36.0      44.0      69.0      71.0      72.0      81.0     102.0      90.0     108.0
     125.0     130.0     140.0     129.0     151.0     149.0     186.0     189.0     659.0     960.0
    1273.0    1611.0    1334.0    1086.0     861.0     506.0     249.0     130.0      42.0       4.0
       1.0       0.0       0.0       0.0       0.0       0.0       0.0       0.0       0.0       0.0
       1.0      17.0      13.0       3.0       1.0       1.0       2.0       2.0       7.0      13.0
      18.0      35.0      43.0      36.0      36.0      55.0      62.0      62.0      80.0      78.0
     106.0      97.0     122.0     111.0     142.0     123.0     119.0     164.0     516.0     760.0
    1047.0    1271.0    1101.0     837.0     658.0     384.0     213.0      76.0      23.0       4.0
       0.0       0.0       0.0       0.0       0.0       0.0       0.0       0.0       0.0       0.0
       0.0       5.0       3.0       3.0       0.0       0.0       0.0       2.0       6.0       8.0
       8.0      14.0      16.0      16.0      27.0      35.0      37.0      33.0      55.0      63.0
      64.0      46.0      57.0      71.0      76.0      73.0      96.0      92.0     322.0     517.0
     649.0     788.0     607.0     474.0     379.0     193.0      98.0      49.0      14.0       3.0
       0.0       0.0       0.0       0.0       0.0       0.0       0.0       0.0       0.0       0.0
       1.0       3.0       1.0       1.0       0.0       0.0       1.0       1.0       2.0       3.0
       2.0       6.0       8.0       3.0      12.0      14.0      14.0      15.0      15.0       8.0
      17.0      34.0      26.0      21.0      28.0      28.0      30.0      33.0     132.0     200.0
     259.0     307.0     246.0     179.0     122.0      77.0      29.0      12.0       2.0       1.0
       0.0       0.0       0.0       0.0       0.0       0.0       0.0       0.0       0.0       0.0
       0.0       2.0       0.0       0.0       0.0       0.0       1.0       0.0       0.0       0.0
       0.0       1.0       2.0       3.0       3.0       4.0       0.0       6.0       2.0       5.0
       2.0       4.0       6.0       4.0       4.0       8.0       5.0       3.0      20.0      42.0
      49.0      53.0      32.0      32.0      17.0      13.0       4.0       2.0       1.0       0.0
       0.0       0.0       0.0       0.0       0.0       0.0       0.0       0.0       0.0       0.0
       0.0       0.0       0.0       0.0       0.0       0.0       0.0       0.0       0.0       0.0
       0.0       0.0       0.0       2.0       0.0       0.0       0.0       0.0       0.0       0.0
       2.0       1.0       0.0       0.0       2.0       0.0       0.0       1.0       3.0       1.0
       3.0       4.0       3.0       2.0       0.0       0.0       0.0       1.0       0.0       0.0
       0.0       0.0       0.0       0.0       0.0       0.0       0.0       0.0       0.0       0.0
       0.0       0.0       0.0       0.0       0.0       0.0       0.0       0.0       0.0       0.0
       0.0       0.0       0.0       0.0       0.0       0.0       0.0       0.0       0.0       0.0
       0.0       0.0       0.0       0.0       0.0       0.0       0.0       0.0       0.0       0.0
       1.0       0.0       0.0       1.0       0.0       0.0       0.0       0.0       0.0       0.0
       0.0       0.0       0.0       0.0       0.0       0.0       0.0       0.0       0.0       0.0
       0.0       0.0       0.0       0.0       0.0       0.0       0.0       0.0       0.0       0.0
       0.0       0.0       0.0       0.0       0.0       0.0       0.0       0.0       0.0       0.0
       0.0       0.0       0.0       0.0       0.0       0.0       0.0       0.0       0.0       0.0
       0.0       0.0       0.0       0.0       0.0       0.0       0.0       0.0       0.0       0.0
       0.0       0.0       0.0       0.0       0.0       0.0       0.0       0.0       0.0       0.0
       0.0       0.0       0.0       0.0       0.0       0.0       0.0       0.0       0.0       0.0
       0.0       0.0       0.0       0.0       0.0       0.0       0.0       0.0       0.0       0.0
       0.0       0.0       0.0       0.0       0.0       0.0       0.0       0.0       0.0       0.0
       0.0       0.0       0.0       0.0       0.0       0.0       0.0       0.0       0.0       0.0
       0.0       0.0       0.0       0.0       0.0       0.0       0.0       0.0       0.0       0.0
       0.0       0.0       0.0       0.0       0.0       0.0       0.0       0.0       0.0       0.0
       0.0       0.0       0.0       0.0       0.0       0.0       0.0       0.0       0.0       0.0
       0.0       0.0       0.0       0.0       0.0       0.0       0.0       0.0       0.0       0.0
       0.0       0.0       0.0       0.0       0.0       0.0       0.0       0.0       0.0       0.0
       0.0       0.0       0.0       0.0       0.0       0.0       0.0       0.0       0.0       0.0
       0.0       0.0       0.0       0.0       0.0       0.0       0.0       0.0       0.0       0.0
       0.0       0.0       0.0       0.0       0.0       0.0       0.0       0.0       0.0       0.0
       0.0       0.0       0.0       0.0       0.0       0.0       0.0       0.0       0.0       0.0
       0.0       0.0       0.0       0.0       0.0       0.0       0.0       0.0       0.0       0.0
       0.0       0.0       0.0       0.0       0.0       0.0       0.0       0.0       0.0       0.0
       0.0       0.0       0.0       0.0       0.0       0.0       0.0       0.0       0.0       0.0
       0.0       0.0       0.0       0.0       0.0       0.0       0.0       0.0       0.0       0.0
       0.0       0.0       0.0       0.0       0.0       0.0       0.0       0.0       0.0       0.0
       0.0       0.0       0.0       0.0       0.0       0.0       0.0       0.0       0.0       0.0
       0.0       0.0       0.0       0.0       0.0       0.0       0.0       0.0       0.0       0.0
       0.0       0.0       0.0       0.0       0.0       0.0       0.0       0.0       0.0       0.0
       0.0       0.0       0.0       0.0       0.0       0.0       0.0       0.0       0.0       0.0
       0.0       0.0       0.0       0.0       0.0       0.0       0.0       0.0       0.0       0.0
       0.0       0.0       0.0       0.0       0.0       0.0       0.0       0.0       0.0       0.0
       0.0       0.0       0.0       0.0       0.0       0.0       0.0       0.0       0.0       0.0
       0.0       0.0       0.0       0.0       0.0       0.0       0.0       0.0       0.0       0.0
       0.0       0.0       0.0       0.0       0.0       0.0       0.0       0.0       0.0       0.0
       0.0       0.0       0.0       0.0       0.0       0.0       0.0       0.0       0.0       0.0
       0.0       0.0       0.0       0.0       0.0       0.0       0.0       0.0       0.0       0.0
       0.0       0.0       0.0       0.0       0.0       0.0       0.0       0.0       0.0       0.0
       0.0       0.0       0.0       0.0       0.0       0.0       0.0       0.0       0.0       0.0
       0.0       0.0       0.0       0.0       0.0       0.0       0.0       0.0       0.0       0.0
       0.0       0.0       0.0       0.0       0.0       0.0       0.0       0.0       0.0       0.0
       0.0       0.0       0.0       0.0       0.0       0.0       0.0       0.0       0.0       0.0
       0.0       0.0       0.0       0.0       0.0       0.0       0.0       0.0       0.0       0.0
       0.0       0.0       0.0       0.0       0.0       0.0       0.0       0.0       0.0       0.0
       0.0       0.0       0.0       0.0       0.0       0.0       0.0       0.0       0.0       0.0
       0.0       0.0       0.0       0.0       0.0       0.0       0.0       0.0       0.0       0.0
       0.0       0.0       0.0       0.0       0.0       0.0       0.0       0.0       0.0       0.0
       0.0       0.0       0.0       0.0       0.0       0.0       0.0       0.0       0.0       0.0
       0.0       0.0       0.0       0.0       0.0       0.0       0.0       0.0       0.0       0.0
       0.0       0.0       0.0       0.0       0.0       0.0       0.0       0.0       0.0       0.0
       0.0       0.0       0.0       0.0       0.0       0.0       0.0       0.0       0.0       0.0
       0.0       0.0       0.0       0.0       0.0       0.0       0.0       0.0       0.0       0.0
       0.0       0.0       0.0       0.0       0.0       0.0       0.0       0.0       0.0       0.0
       0.0       0.0       0.0       0.0       0.0       0.0       0.0       0.0       0.0       0.0
       0.0       0.0       0.0       0.0       0.0       0.0       0.0       0.0       0.0       0.0
       0.0       0.0       0.0       0.0       0.0       0.0       0.0       0.0       0.0       0.0
       0.0       0.0       0.0       0.0       0.0       0.0       0.0       0.0       0.0       0.0
       0.0       0.0       0.0       0.0       0.0       0.0       0.0       0.0       0.0       0.0
       0.0       0.0       0.0       0.0       0.0       0.0       0.0       0.0       0.0       0.0
       0.0       0.0       0.0       0.0       0.0       0.0       0.0       0.0       0.0       0.0
       0.0       0.0       0.0       0.0       0.0       0.0       0.0       0.0       0.0       0.0
       0.0       0.0       0.0       0.0       0.0       0.0       0.0       0.0       0.0       0.0
       0.0       0.0       0.0       0.0       0.0       0.0       0.0       0.0       0.0       0.0
       0.0       0.0       0.0       0.0       0.0       0.0       0.0       0.0       0.0       0.0
       0.0       0.0       0.0       0.0       0.0       0.0       0.0       0.0       0.0       0.0
       0.0       0.0       0.0       0.0       0.0       0.0       0.0       0.0       0.0       0.0
       0.0       0.0       0.0       0.0       0.0       0.0       0.0       0.0       0.0       0.0
       0.0       0.0       0.0       0.0       0.0       0.0       0.0       0.0       0.0       0.0
       0.0       0.0       0.0       0.0       0.0       0.0       0.0       0.0       0.0       0.0
       0.0       0.0       0.0       0.0       0.0       0.0       0.0       0.0       0.0       0.0
       0.0       0.0       0.0       0.0       0.0       0.0       0.0       0.0       0.0       0.0
       0.0       0.0       0.0       0.0       0.0       0.0       0.0       0.0       0.0       0.0
       0.0       0.0       0.0       0.0       0.0       0.0       0.0       0.0       0.0       0.0
       0.0       0.0       0.0       0.0       0.0       0.0       0.0       0.0       0.0       0.0
       0.0       0.0       0.0       0.0       0.0       0.0       0.0       0.0       0.0       0.0
       0.0       0.0       0.0       0.0       0.0       0.0       0.0       0.0       0.0       0.0
       0.0       0.0       0.0       0.0       0.0       0.0       0.0       0.0       0.0       0.0
       0.0       0.0       0.0       0.0       0.0       0.0       0.0       0.0       0.0       0.0
       0.0       0.0       0.0       0.0       0.0       0.0       0.0       0.0       0.0       0.0
       0.0       0.0       0.0       0.0       0.0       0.0       0.0       0.0       0.0       0.0
       0.0       0.0       0.0       0.0       0.0       0.0       0.0       0.0       0.0       0.0
       0.0       0.0       0.0       0.0       0.0       0.0       0.0       0.0       0.0       0.0
       0.0       0.0       0.0       0.0       0.0       0.0       0.0       0.0       0.0       0.0
       0.0       0.0       0.0       0.0       0.0       0.0       0.0       0.0       0.0       0.0
       0.0       0.0       0.0       0.0       0.0       0.0       0.0       0.0       0.0       0.0
       0.0       0.0       0.0       0.0       0.0       0.0       0.0       0.0       0.0       0.0
       0.0       0.0       0.0       0.0       0.0       0.0       0.0       0.0       0.0       0.0
       0.0       0.0       0.0       0.0       0.0       0.0       0.0       0.0       0.0       0.0
       0.0       0.0       0.0       0.0       0.0       0.0       0.0       0.0       0.0       0.0
       0.0       0.0       0.0       0.0       0.0       0.0       0.0       0.0       0.0       0.0
       0.0       0.0       0.0       0.0       0.0       0.0       0.0       0.0       0.0       0.0
       0.0       0.0       0.0       0.0       0.0       0.0       0.0       0.0       0.0       0.0
       0.0       0.0       0.0       0.0       0.0       0.0       0.0       0.0       0.0       0.0
       0.0       0.0       0.0       0.0       0.0       0.0       0.0       0.0       0.0       0.0
       0.0       0.0       0.0       0.0       0.0       0.0       0.0       0.0       0.0       0.0
       0.0       0.0       0.0       0.0       0.0       0.0       0.0       0.0       0.0       0.0
       0.0       0.0       0.0       0.0       0.0       0.0       0.0       0.0       0.0       0.0
       0.0       0.0       0.0       0.0       0.0       0.0       0.0       0.0       0.0       0.0
       0.0       0.0       0.0       0.0       0.0       0.0       0.0       0.0       0.0       0.0
       0.0       0.0       0.0       0.0       0.0       0.0       0.0       0.0       0.0       0.0
       0.0       0.0       0.0       0.0       0.0       0.0       0.0       0.0       0.0       0.0
       0.0       0.0       0.0       0.0       0.0       0.0       0.0       0.0       0.0       0.0
       0.0       0.0       0.0       0.0       0.0       0.0       0.0       0.0       0.0       0.0
       0.0       0.0       0.0       0.0       0.0       0.0       0.0       0.0       0.0       0.0
       0.0       0.0       0.0       0.0       0.0       0.0       0.0       0.0       0.0       0.0
       0.0       0.0       0.0       0.0       0.0       0.0       0.0       0.0       0.0       0.0
       0.0       0.0       0.0       0.0       0.0       0.0       0.0       0.0       0.0       0.0
       0.0       0.0       0.0       0.0       0.0       0.0       0.0       0.0       0.0       0.0
       0.0       0.0       0.0       0.0       0.0       0.0       0.0       0.0       0.0       0.0
       0.0       0.0       0.0       0.0       0.0       0.0       0.0       0.0       0.0       0.0
       0.0       0.0       0.0       0.0       0.0       0.0       0.0       0.0       0.0       0.0
       0.0       0.0       0.0       0.0       0.0       0.0       0.0       0.0       0.0       0.0
       0.0       0.0       0.0       0.0       0.0       0.0       0.0       0.0       0.0       0.0
       0.0       0.0       0.0       0.0       0.0       0.0       0.0       0.0       0.0       0.0
       0.0       0.0       0.0       0.0       0.0       0.0       0.0       0.0       0.0       0.0
       0.0       0.0       0.0       0.0       0.0       0.0       0.0       0.0       0.0       0.0
       0.0       0.0       0.0       0.0       0.0       0.0       0.0       0.0       0.0       0.0
       0.0       0.0       0.0       0.0       0.0       0.0       0.0       0.0       0.0       0.0
       0.0       0.0       0.0       0.0       0.0       0.0       0.0       0.0       0.0       0.0
       0.0       0.0       0.0       0.0       0.0       0.0       0.0       0.0       0.0       0.0
       0.0       0.0       0.0       0.0       0.0       0.0       0.0       0.0       0.0       0.0
       0.0       0.0       0.0       0.0       0.0       0.0       0.0       0.0       0.0       0.0
       0.0       0.0       0.0       0.0       0.0       0.0       0.0       0.0       0.0       0.0
       0.0       0.0       0.0       0.0       0.0       0.0       0.0       0.0       0.0       0.0
       0.0       0.0       0.0       0.0       0.0       0.0       0.0       0.0       0.0       0.0
       0.0       0.0       0.0       0.0       0.0       0.0       0.0       0.0       0.0       0.0
       0.0       0.0       0.0       0.0       0.0       0.0       0.0       0.0       0.0       0.0
       0.0       0.0       0.0       0.0       0.0       0.0       0.0       0.0       0.0       0.0
       0.0       0.0       0.0       0.0       0.0       0.0       0.0       0.0       0.0       0.0
       0.0       0.0       0.0       0.0       0.0       0.0       0.0       0.0       0.0       0.0
       0.0       0.0       0.0       0.0       0.0       0.0       0.0       0.0       0.0       0.0
       0.0       0.0       0.0       0.0       0.0       0.0       0.0       0.0       0.0       0.0
       0.0       0.0       0.0       0.0       0.0       0.0       0.0       0.0       0.0       0.0
       0.0       0.0       0.0       0.0       0.0       0.0       0.0       0.0       0.0       0.0
       0.0       0.0       0.0       0.0       0.0       0.0       0.0       0.0       0.0       0.0
       0.0       0.0       0.0       0.0       0.0       0.0       0.0       0.0       0.0       0.0
       0.0       0.0       0.0       0.0       0.0       0.0       0.0       0.0       0.0       0.0
       0.0       0.0       0.0       0.0       0.0       0.0       0.0       0.0       0.0       0.0
       0.0       0.0       0.0       0.0       0.0       0.0       0.0       0.0       0.0       0.0
       0.0       0.0       0.0       0.0       0.0       0.0       0.0       0.0       0.0       0.0
       0.0       0.0       0.0       0.0       0.0       0.0       0.0       0.0       0.0       0.0
       0.0       0.0       0.0       0.0       0.0       0.0       0.0       0.0       0.0       0.0
       0.0       0.0       0.0       0.0       0.0       0.0       0.0       0.0       0.0       0.0
       0.0       0.0       0.0       0.0       0.0       0.0       0.0       0.0       0.0       0.0
       0.0       0.0       0.0       0.0       0.0       0.0       0.0       0.0       0.0       0.0
       0.0       0.0       0.0       0.0       0.0       0.0       0.0       0.0       0.0       0.0
       0.0       0.0       0.0       0.0       0.0       0.0       0.0       0.0       0.0       0.0
       0.0       0.0       0.0       0.0       0.0       0.0       0.0       0.0       0.0       0.0
       0.0       0.0       0.0       0.0       0.0       0.0       0.0       0.0       0.0       0.0
       0.0       0.0       0.0       0.0       0.0       0.0       0.0       0.0       0.0       0.0
       0.0       0.0       0.0       0.0       0.0       0.0       0.0       0.0       0.0       0.0
       0.0       0.0       0.0       0.0       0.0       0.0       0.0       0.0       0.0       0.0
       0.0       0.0       0.0       0.0       0.0       0.0       0.0       0.0       0.0       0.0
       0.0       0.0       0.0       0.0       0.0       0.0       0.0       0.0       0.0       0.0
       0.0       0.0       0.0       0.0       0.0       0.0       0.0       0.0       0.0       0.0
       0.0       0.0       0.0       0.0       0.0       0.0       0.0       0.0       0.0       0.0
       0.0       0.0       0.0       0.0       0.0       0.0       0.0       0.0       0.0       0.0
       0.0       0.0       0.0       0.0       0.0       0.0       0.0       0.0       0.0       0.0
       0.0       0.0       0.0       0.0       0.0       0.0       0.0       0.0       0.0       0.0
       0.0       0.0       0.0       0.0       0.0       0.0       0.0       0.0       0.0       0.0
       0.0       0.0       0.0       0.0       0.0       0.0       0.0       0.0       0.0       0.0
       0.0       0.0       0.0       0.0       0.0       0.0       0.0       0.0       0.0       0.0
       0.0       0.0       0.0       0.0       0.0       0.0       0.0       0.0       0.0       0.0
       0.0       0.0       0.0       0.0       0.0       0.0       0.0       0.0       0.0       0.0
       0.0       0.0       0.0       0.0       0.0       0.0       0.0       0.0       0.0       0.0
       0.0       0.0       0.0       0.0       0.0       0.0       0.0       0.0       0.0       0.0
       0.0       0.0       0.0       0.0       0.0       0.0       0.0       0.0       0.0       0.0
       0.0       0.0       0.0       0.0       0.0       0.0       0.0       0.0       0.0       0.0
       0.0       0.0       0.0       0.0       0.0       0.0       0.0       0.0       0.0       0.0
       0.0       0.0       0.0       0.0       0.0       0.0       0.0       0.0       0.0       0.0
       0.0       0.0       0.0       0.0       0.0       0.0       0.0       0.0       0.0       0.0
       0.0       0.0       0.0       0.0       0.0       0.0       0.0       0.0       0.0       0.0
       0.0       0.0       0.0       0.0       0.0       0.0       0.0       0.0       0.0       0.0
       0.0       0.0       0.0       0.0       0.0       0.0       0.0       0.0       0.0       0.0
       0.0       0.0       0.0       0.0       0.0       0.0       0.0       0.0       0.0       0.0
       0.0       0.0       0.0       0.0       0.0       0.0       0.0       0.0       0.0       0.0
       0.0       0.0       0.0       0.0       0.0       0.0       0.0       0.0       0.0       0.0
       0.0       0.0       0.0       0.0       0.0       0.0       0.0       0.0       0.0       0.0
       0.0       0.0       0.0       0.0       0.0       0.0       0.0       0.0       0.0       0.0
       0.0       0.0       0.0       0.0       0.0       0.0       0.0       0.0       0.0       0.0
       0.0       0.0       0.0       0.0       0.0       0.0       0.0       0.0       0.0       0.0
       0.0       0.0       0.0       0.0       0.0       0.0       0.0       0.0       0.0       0.0
       0.0       0.0       0.0       0.0       0.0       0.0       0.0       0.0       0.0       0.0
       0.0       0.0       0.0       0.0       0.0       0.0       0.0       0.0       0.0       0.0
       0.0       0.0       0.0       0.0       0.0       0.0       0.0       0.0       0.0       0.0
       0.0       0.0       0.0       0.0       0.0       0.0       0.0       0.0       0.0       0.0
       0.0       0.0       0.0       0.0       0.0       0.0       0.0       0.0       0.0       0.0
       0.0       0.0       0.0       0.0       0.0       0.0       0.0       0.0       0.0       0.0
       0.0       0.0       0.0       0.0       0.0       0.0       0.0       0.0       0.0       0.0
       0.0       0.0       0.0       0.0       0.0       0.0       0.0       0.0       0.0       0.0
       0.0       0.0       0.0       0.0       0.0       0.0       0.0       0.0       0.0       0.0
       0.0       0.0       0.0       0.0       0.0       0.0       0.0       0.0       0.0       0.0
       0.0       0.0       0.0       0.0       0.0       0.0       0.0       0.0       0.0       0.0
       0.0       0.0       0.0       0.0       0.0       0.0       0.0       0.0       0.0       0.0
       0.0       0.0       0.0       0.0       0.0       0.0       0.0       0.0       0.0       0.0
       0.0       0.0       0.0       0.0       0.0       0.0       0.0       0.0       0.0       0.0
       0.0       0.0       0.0       0.0       0.0       0.0       0.0       0.0       0.0       0.0
       0.0       0.0       0.0       0.0       0.0       0.0       0.0       0.0       0.0       0.0
       0.0       0.0       0.0       0.0       0.0       0.0       0.0       0.0       0.0       0.0
       0.0       0.0       0.0       0.0       0.0       0.0       0.0       0.0       0.0       0.0
       0.0       0.0       0.0       0.0       0.0       0.0       0.0       0.0       0.0       0.0
       0.0       0.0       0.0       0.0       0.0       0.0       0.0       0.0       0.0       0.0
       0.0       0.0       0.0       0.0       0.0       0.0       0.0       0.0       0.0       0.0
       0.0       0.0       0.0       0.0       0.0       0.0       0.0       0.0       0.0       0.0
       0.0       0.0       0.0       0.0       0.0       0.0       0.0       0.0       0.0       0.0
       0.0       0.0       0.0       0.0       0.0       0.0       0.0       0.0       0.0       0.0
       0.0       0.0       0.0       0.0       0.0       0.0       0.0       0.0       0.0       0.0
       0.0       0.0       0.0       0.0       0.0       0.0       0.0       0.0       0.0       0.0
       0.0       0.0       0.0       0.0       0.0       0.0       0.0       0.0       0.0       0.0
       0.0       0.0       0.0       0.0       0.0       0.0       0.0       0.0       0.0       0.0
       0.0       0.0       0.0       0.0       0.0       0.0       0.0       0.0       0.0       0.0
       0.0       0.0       0.0       0.0       0.0       0.0       0.0       0.0       0.0       0.0
       0.0       0.0       0.0       0.0       0.0       0.0       0.0       0.0       0.0       0.0
       0.0       0.0       0.0       0.0       0.0       0.0       0.0       0.0       0.0       0.0
       0.0       0.0       0.0       0.0       0.0       0.0       0.0       0.0       0.0       0.0
       0.0       0.0       0.0       0.0       0.0       0.0       0.0       0.0       0.0       0.0
       0.0       0.0       0.0       0.0       0.0       0.0       0.0       0.0       0.0       0.0
       0.0       0.0       0.0       0.0       0.0       0.0       0.0       0.0       0.0       0.0
       0.0       0.0       0.0       0.0       0.0       0.0       0.0       0.0       0.0       0.0
       0.0       0.0       0.0       0.0       0.0       0.0       0.0       0.0       0.0       0.0
       0.0       0.0       0.0       0.0       0.0       0.0       0.0       0.0       0.0       0.0
       0.0       0.0       0.0       0.0       0.0       0.0       0.0       0.0       0.0       0.0
       0.0       0.0       0.0       0.0       0.0       0.0       0.0       0.0       0.0       0.0
       0.0       0.0       0.0       0.0       0.0       0.0       0.0       0.0       0.0       0.0
       0.0       0.0       0.0       0.0       0.0       0.0       0.0       0.0       0.0       0.0
       0.0       0.0       0.0       0.0       0.0       0.0       0.0       0.0       0.0       0.0
       0.0       0.0       0.0       0.0       0.0       0.0       0.0       0.0       0.0       0.0
       0.0       0.0       0.0       0.0       0.0       0.0       0.0       0.0       0.0       0.0
       0.0       0.0       0.0       0.0       0.0       0.0       0.0       0.0       0.0       0.0
       0.0       0.0       0.0       0.0       0.0       0.0       0.0       0.0       0.0       0.0
       0.0       0.0       0.0       0.0       0.0       0.0       0.0       0.0       0.0       0.0
       0.0       0.0       0.0       0.0       0.0       0.0       0.0       0.0       0.0       0.0
       0.0       0.0       0.0       0.0       0.0       0.0       0.0       0.0       0.0       0.0
       0.0       0.0       0.0       0.0       0.0       0.0       0.0       0.0       0.0       0.0
       0.0       0.0       0.0       0.0       0.0       0.0       0.0       0.0       0.0       0.0
       0.0       0.0       0.0       0.0       0.0       0.0       0.0       0.0       0.0       0.0
       0.0       0.0       0.0       0.0       0.0       0.0       0.0       0.0       0.0       0.0
       0.0       0.0       0.0       0.0       0.0       0.0       0.0       0.0       0.0       0.0
       0.0       0.0       0.0       0.0       0.0       0.0       0.0       0.0       0.0       0.0
       0.0       0.0       0.0       0.0       0.0       0.0       0.0       0.0       0.0       0.0
       0.0       0.0       0.0       0.0       0.0       0.0       0.0       0.0       0.0       0.0
       0.0       0.0       0.0       0.0       0.0       0.0       0.0       0.0       0.0       0.0
       0.0       0.0       0.0       0.0       0.0       0.0       0.0       0.0       0.0       0.0
       0.0       0.0       0.0       0.0       0.0       0.0       0.0       0.0       0.0       0.0
       0.0       0.0       0.0       0.0       0.0       0.0       0.0       0.0       0.0       0.0
       0.0       0.0       0.0       0.0       0.0       0.0       0.0       0.0       0.0       0.0
       0.0       0.0       0.0       0.0       0.0       0.0       0.0       0.0       0.0       0.0
       0.0       0.0       0.0       0.0       0.0       0.0       0.0       0.0       0.0       0.0
       0.0       0.0       0.0       0.0       0.0       0.0       0.0       0.0       0.0       0.0
       0.0       0.0       0.0       0.0       0.0       0.0       0.0       0.0       0.0       0.0
       0.0       0.0       0.0       0.0       0.0       0.0       0.0       0.0       0.0       0.0
       0.0       0.0       0.0       0.0       0.0       0.0       0.0       0.0       0.0       0.0
       0.0       0.0       0.0       0.0       0.0       0.0       0.0       0.0       0.0       0.0
