title:          ~/hist/mu2e/v5_7_0/e40s5720.track_ana.hist/TrackAna/trk_19/dt
name:           trk_19/dt
nbx,xmin,xmax:   400   -20.0000    20.0000
       0.0       0.0       0.0       0.0       0.0       0.0       0.0       0.0       0.0       0.0
       0.0       0.0       0.0       0.0       0.0       0.0       0.0       0.0       0.0       0.0
       0.0       0.0       0.0       0.0       0.0       0.0       0.0       0.0       0.0       0.0
       0.0       0.0       0.0       0.0       0.0       0.0       0.0       0.0       0.0       0.0
       0.0       0.0       0.0       0.0       0.0       0.0       0.0       0.0       0.0       0.0
       0.0       0.0       0.0       0.0       0.0       0.0       0.0       0.0       0.0       0.0
       0.0       0.0       0.0       0.0       0.0       0.0       0.0       0.0       0.0       0.0
       0.0       0.0       0.0       0.0       0.0       0.0       0.0       0.0       0.0       0.0
       0.0       0.0       0.0       0.0       0.0       0.0       0.0       0.0       0.0       0.0
       0.0       0.0       0.0       0.0       0.0       0.0       0.0       0.0       0.0       0.0
       1.0       2.0       0.0       2.0       0.0       2.0       0.0       1.0       1.0       0.0
       0.0       3.0       2.0       1.0       1.0       2.0       2.0       0.0       0.0       1.0
       3.0       2.0       2.0       2.0       1.0       2.0       4.0       4.0       0.0       2.0
       7.0       1.0       2.0       2.0       6.0       9.0       3.0       8.0       5.0      14.0
       8.0      12.0      12.0       2.0       6.0      10.0      10.0      13.0      15.0      13.0
      18.0      15.0      14.0      19.0      22.0      21.0      21.0      25.0      35.0      39.0
      38.0      45.0      35.0      59.0      62.0      72.0      73.0      72.0      98.0     111.0
     132.0     146.0     203.0     245.0     263.0     355.0     397.0     526.0     601.0     805.0
     918.0    1256.0    1494.0    1857.0    2169.0    2881.0    3458.0    4271.0    5187.0    6413.0
    7310.0    8477.0    9890.0   11100.0   12216.0   13362.0   14309.0   14966.0   15636.0   15798.0
   15892.0   15723.0   15534.0   14996.0   14408.0   13445.0   12506.0   11582.0   10674.0    9835.0
    8723.0    8008.0    7103.0    6495.0    5656.0    5134.0    4478.0    3958.0    3625.0    3240.0
    2896.0    2499.0    2210.0    1953.0    1669.0    1525.0    1481.0    1210.0    1148.0     947.0
     825.0     797.0     696.0     599.0     553.0     482.0     435.0     411.0     360.0     318.0
     281.0     256.0     224.0     214.0     224.0     183.0     144.0     143.0     137.0     125.0
      92.0     106.0      95.0      87.0      75.0      70.0      67.0      52.0      49.0      55.0
      50.0      30.0      41.0      30.0      29.0      31.0      29.0      20.0      16.0      19.0
      20.0      13.0      19.0      10.0      15.0      16.0      14.0       6.0       5.0       4.0
       9.0       3.0       6.0       5.0       9.0       3.0       4.0       9.0       1.0       9.0
       4.0       2.0       4.0       6.0       2.0       1.0       1.0       2.0       0.0       1.0
       0.0       0.0       0.0       0.0       0.0       0.0       0.0       0.0       0.0       0.0
       0.0       0.0       0.0       0.0       0.0       0.0       0.0       0.0       0.0       0.0
       0.0       0.0       0.0       0.0       0.0       0.0       0.0       0.0       0.0       0.0
       0.0       0.0       0.0       0.0       0.0       0.0       0.0       0.0       0.0       0.0
       0.0       0.0       0.0       0.0       0.0       0.0       0.0       0.0       0.0       0.0
       0.0       0.0       0.0       0.0       0.0       0.0       0.0       0.0       0.0       0.0
       0.0       0.0       0.0       0.0       0.0       0.0       0.0       0.0       0.0       0.0
       0.0       0.0       0.0       0.0       0.0       0.0       0.0       0.0       0.0       0.0
       0.0       0.0       0.0       0.0       0.0       0.0       0.0       0.0       0.0       0.0
       0.0       0.0       0.0       0.0       0.0       0.0       0.0       0.0       0.0       0.0

