54490
481163
3938084
4018593
4611675
5860469
6652879
6923654
9064189
9700889
9849152
9893518
11086796
11521737
12407103
13880501
15340317
15811952
16369761
16463409
16763178
17276379
18086830
18474995
19038217
19510196
20687563
24321453
24740009
26252258
26459234
28309199
30766916
31224586
31261937
36083820
36604833
36971609
37175138
37941578
37951723
39390304
39724570
39965538
41155813
43247919
44144590
44608465
45063320
45416307
46225187
47202368
47516385
48615548
49031591
49057868
50225844
52954072
54545813
56825411
59225426
59810633
60363355
62095129
63431263
63899482
64792974
65942528
66643763
67634926
67772136
67891422
68162349
68801308
68999856
75724656
76527724
76681261
76748918
77640494
77891955
77895578
78657886
79143499
79192387
79285322
79520550
80039378
80488451
83024376
83706123
84001791
84199879
84391928
84649602
85584892
86644827
88350967
89697884
90304752
90383931
90668535
91056739
93026651
93607020
93845438
94992959
95768467
98786416
101191368
102770175
102888171
103285440
103962632
105144860
106033237
106397948
107001547
107371839
114803753
119791262
119998351
121707499
121796676
122942448
123178325
126330051
126739428
126821914
128846511
129216290
129350787
130329986
131092126
132372325
132589933
132770327
133576402
134455231
134901658
135352302
136047203
138348497
138679033
138733099
140901975
142211127
143348296
145242044
145545555
145926254
146699019
147312908
148773048
151982622
154710453
155526959
155665154
156699679
157444893
157456382
158419588
158895967
160692989
161092802
161767318
163134554
165592254
165658662
166139268
166405520
167444996
167795055
167804959
168449461
168960626
169745813
170648671
170702940
173097812
173233455
173314239
173848244
174313297
175464228
176462297
176651105
177139349
177263628
178899319
179302659
179428312
180623797
180907168
181393776
182754446
182779224
184439784
184670387
186460667
186614950
187649786
188035590
188865410
191939200
193150398
193925555
194318851
195294818
195399996
196022762
196509655
196637293
198544771
199148966
199585285
200327681
200971706
201885117
202161259
202338202
204389792
204923595
206291938
206403280
207321882
208979883
209211107
210515153
212025553
215222870
215283081
217630739
217855988
217941690
218507695
218819699
219030263
219148204
219893557
220196159
220616973
221033171
221044360
221445275
222471153
222955835
223766342
225102945
225351475
226001868
227755817
228254866
229118745
230261604
230526728
233032979
233229416
233301389
234067193
234918894
235130996
235451455
236492328
236550626
236836217
237707987
238174776
238553768
239141497
241129740
242304710
243632226
244542878
250063949
250124966
250431535
250672945
252378195
255251715
255657534
256780870
258405311
259237654
262039807
262114257
263528958
263759478
266110659
266156803
266541518
266750365
267402360
268182755
269422910
270196273
270776830
270927121
275689417
276694894
277604484
278266784
278283041
278933078
278978550
280071355
280475795
281561279
281593468
281658582
281678279
281966267
283151108
284011770
284891244
285975854
287561375
288363058
290064037
291193998
291900188
292185484
292337802
292698230
292910007
294524750
295045057
295498621
296487045
297401293
297793333
297888254
298627755
300817723
301715645
302546118
302729516
303707514
304612245
305756909
309205183
309673374
309751861
310546570
310685208
311282665
312107136
314343156
314419025
315283090
317776251
318267145
319675982
320091523
320354895
320433347
320788926
321306386
321765906
323410595
323462326
323712528
325578754
326071649
326829917
326864779
328559551
328970965
329409682
329819991
331886672
332237808
334894112
335973415
337044488
337299732
337366115
338193654
340313632
340504009
341038663
342614341
342834311
343171636
343833377
343862455
344669426
345400239
345797033
346263880
346918613
349576276
353187854
353233378
353792005
354297079
354669151
355278097
356036844
356250546
358387912
359587647
361867258
362153558
362314991
362395403
362550486
362718512
362928281
363703073
364260792
364560699
365499518
367703311
367857407
369589066
372480007
372561733
373293908
373958122
374397390
375428523
375447163
375865706
377507438
378196311
380074136
380432501
381336180
381862934
382493607
383140006
383147747
385004066
385899860
387636741
390166432
390560142
393933731
394124835
397458614
397629114
397925984
398107677
398201412
399254884
399478255
399521366
399793173
400426389
402296764
403999427
405536252
407228233
408228146
408466900
408527329
409327298
411288532
411866906
413439645
414230755
414636969
415279324
415317456
415600219
415860787
416368529
416625928
417683212
417881545
418095710
418319901
418438019
418785952
419675458
419743601
419828225
421052471
422176413
422377169
423477903
424341848
425472554
425794650
426734867
427949025
430289921
430454218
432059789
432596589
432655683
433352178
434546505
434718357
435427103
435732457
436439867
436506104
436785210
439233162
441568890
443876361
445925309
447845771
448655106
451681907
451760763
451827588
454766566
455234526
456859560
457122442
459323265
459611786
459753532
460142848
460678013
461470935
463171773
464110781
464888249
468487609
468778150
469497771
470044651
471429048
473092786
473510387
474217816
474673341
475798029
475854800
476491460
477870316
478622127
480463055
481242503
482086353
484061284
484333760
485499512
485809551
485893353
487617870
488622003
491074001
493351852
495525399
495683809
497687350
499300780
499386653
499428221
500077800
502113806
503318399
504071118
504861201
505054586
506628149
508044338
508351312
510586460
514223067
514303535
515435326
515566108
516768700
518828393
518971562
519789169
520557223
520612886
521151109
522542245
522962829
523324710
524247121
524795045
525065257
526487202
527167866
528273227
528881699
529310380
530272290
531589701
532494697
532578033
534000702
537329445
537385093
537399373
537770181
538740271
539986357
540645708
542065932
542583508
543292059
545905143
548600102
549062871
549969766
550023835
550034257
550122346
551898438
552357132
552445063
552511093
553207530
554701644
555423747
558986329
560121403
560149867
560911845
562337035
562423894
563113403
563870369
563966502
564072840
565567316
566016750
567840354
568980739
569377935
571196558
572041892
574499309
574904176
575039790
575798445
576450477
580163812
582858567
584479930
585027989
586639108
587994997
588377667
588795870
589114131
589302154
590281818
590396136
590941182
591843716
592102829
592452639
592457566
592700537
593139744
594341676
595013289
595098378
595473792
596011897
596583161
598967255
599133838
600251001
601075046
601597248
602547983
603329558
604146241
604528961
605471297
605827583
605882702
605946240
606948798
607644758
607706253
609947977
610119684
611069368
611157982
612952791
613343097
613449085
613602352
614153696
616194254
617733603
617764096
618983126
619883734
620853526
623331872
623828874
626589000
626628580
627382770
627603827
628838942
629378346
629523439
630923991
633365033
633539813
633897274
634721730
636258748
639573112
641192991
642723958
642904454
644450715
644655972
645136532
645439236
645642100
645688606
646048918
647880030
647917019
649654189
650057325
650958247
651166440
651662243
652182379
652716796
655051868
655539090
657849456
658658081
659607101
659888903
660471525
660822527
661849641
661990198
662209299
667331359
668977270
670304634
671068600
671136540
671421195
672044457
674651325
674957526
677400545
678579255
679836560
680137775
680351299
680957609
681384717
681683452
684205194
684362762
685492173
686124911
688291022
689418984
690311003
691635521
691779688
693910955
694459579
694500555
695351069
695823041
696369259
696805612
697456928
698045262
698375932
698457293
700978688
701044927
702430866
702850801
704139691
704405508
704604204
707097142
708096177
711597761
712027108
712822097
713579770
713911703
715163310
715943791
716059616
716266328
717262238
717679971
718538231
720095197
720578820
721190619
722996414
723693156
723854503
723859874
726309423
728414613
728666513
729246804
729567586
730395049
732167386
732208114
732870300
735500430
737444845
737648462
738165891
738186426
739396224
740649507
741220504
741782212
741969069
742600436
744227737
745905360
745930250
746182384
746243502
746323278
746765025
747010988
748076116
748638662
749087143
751771826
752637071
752913764
753391548
754005606
756403683
757231831
757676593
758951943
763981068
765499578
766145220
766686257
766746513
767179512
768358341
768681319
769678873
771332851
772287458
772499549
772533376
772996313
774963708
775696611
776973773
777404825
778687416
780496402
782449356
783897382
784808349
785901681
786028849
787766722
788307539
789392025
790626779
792287474
793038340
794610610
794661402
796997974
797413835
798300463
798861748
799188312
799239021
799670454
800876734
806058402
806365071
810502763
810568040
811297955
811424079
813319040
816356494
816556543
817062867
817838495
820112844
820279508
820292581
820498157
820945034
821438545
822020642
822860662
822887937
824638407
826832417
827082798
828413452
828704381
829414608
831055754
831526411
831955653
832261029
832489228
834156412
834188272
834279625
834874587
835436338
835579577
836298274
836421056
837047013
837228702
842344871
843145042
844441443
845871118
846498493
847201602
847602820
847942727
848041816
848538794
848673059
851610335
851815834
854289442
854818177
856139340
857696016
859446524
859687919
859732600
860046091
860161678
860356146
861441906
861447162
862258761
862972590
863062413
864571539
864846324
866367360
867765604
869638738
870112979
870423322
872493284
873191057
874628398
875828167
877097811
877466922
878548689
880409404
880726439
881400344
881438802
881556428
881773693
883619651
883875566
884310268
884333936
884351519
884926936
885149593
885205063
886476954
887352308
889231046
889358825
890708793
890875582
893906252
894581207
895742155
896111416
896521924
896633492
897089008
897197072
898054721
899245631
899356917
899763919
