41550
91991
121801
230641
301611
416880
610908
625818
640213
736221
776596
788042
960485
1092576
1126439
1270875
1299942
1342229
1442384
1590604
1732792
1811496
2028258
2075601
2375449
2552292
2600170
2665578
2732100
2767011
2853834
2939357
2965733
3016571
3085765
3138205
3254815
3258502
3270073
3358669
3369445
3550679
3721346
3871737
3888720
3926258
3933906
4166386
4227984
4242240
4316603
4491945
4564689
4805702
4819585
4874098
5036533
5083990
5097081
5168519
5174417
5209705
5363077
5453681
5682341
5809049
5865649
5920883
5932234
5981853
6319737
6378572
6460782
6500500
6609743
6642940
6685377
6763602
6854260
6874565
6952672
6952954
6953244
7011210
7046005
7087903
7117414
7123540
7181477
7546884
7792301
7955800
8242493
8331791
8388031
8908791
9069050
9121456
9482078
9556639
9679712
9686441
9857586
9983458
9984316
10128632
10214858
10224492
10267598
10310298
10363153
10402185
10449523
10475200
10681648
10684256
10775685
10821282
10826901
10840327
10887855
11065124
11176251
11215751
11393420
11461435
11519927
11599453
11626333
12084402
12085441
12181639
12240739
12385007
12460811
12522158
12610478
12629337
12634028
12775212
12914090
12918336
12932460
13078265
13143088
13158377
13189785
13195640
13428068
13434436
13580420
13669915
13767392
13861792
13903058
13975071
14515755
14730880
14809983
14846011
14995043
15067700
15156284
15312260
15331689
15411354
15443112
15536512
15622626
15694244
15770067
15957273
15993540
16109619
16237079
16286500
16340476
16395094
16410347
16427798
16497002
16513660
16725772
16834153
17045085
17291497
17428066
17502562
17605966
17692543
18121282
18134624
18200659
18201449
18210142
18330957
18494047
18531805
18649561
18675698
18676960
18798639
18811567
18824683
19101206
19156271
19219738
19324476
19382135
19759516
19897388
19913876
20069684
20176826
20204778
20298524
20379354
20408560
20564937
20788940
20825195
21020921
21058334
21111070
21189755
21194027
21449348
21519504
21535255
21560278
21645948
21703681
21722383
21761732
21789333
21884191
22059213
22224900
22246600
22269900
22332999
22363774
22645652
22800941
22833475
22926866
22967476
22980194
22997871
23041893
23111844
23172074
23218901
23247629
23274625
23322462
23637127
23644831
23768121
24015192
24041604
24064871
24173444
24223884
24582035
24585131
24629637
24641401
24889379
24944181
25060522
25106195
25186749
25188662
25511456
25529408
25810262
25889860
26015919
26074088
26122353
26198439
26637829
26776508
26924280
26959913
27018978
27038977
27063867
27164938
27182171
27602553
27770338
27877445
27923125
27949398
28019595
28288449
28632515
28643680
28656838
28664385
28679741
28684969
28713044
28766534
28805092
28926298
29043552
29046848
29118487
29146991
29175746
29203717
29308655
29438619
29439351
29492477
29521403
29785495
29880552
29883827
29969857
30023292
30418428
30462811
30575429
30695278
30806746
30810112
30826743
30891347
31732344
31858873
31940065
32024537
32119366
32161525
32463557
32507309
32542229
32600693
32620135
32732538
32798628
33042415
33095884
33144333
33448961
33530405
33546183
33821520
34229739
34303292
34351783
34559882
34607347
34707922
34747994
34785334
34895591
34932543
35019091
35066696
35242269
35249872
35360698
35492316
35520750
35611357
35782590
35819246
35852324
35960894
36139349
36242475
36270106
36355379
36513979
36785952
37179868
37203982
37223337
37513325
37662392
37895996
37976173
38031579
38188307
38202003
38280236
38366010
38436044
38653086
38675020
38723184
38850023
39047185
39104619
39288203
39408424
39455676
39554930
39865922
39953729
39955120
40030027
40120296
40200934
40308124
40388009
40578230
40672105
40733677
40812308
40842067
40883660
40930710
40944932
40957253
41054532
41181682
41298946
41556862
41692917
41711867
41918733
41929829
42004920
42094073
42262751
42475110
42485321
42490510
42514125
42645133
42776812
42864790
42911540
42964717
43015465
43107937
43246794
43250665
43261822
43271135
43285551
43287922
43627078
43737232
43973295
44079359
44098192
44159744
44345648
44401972
44454577
44565957
44712350
44714383
44860798
44914654
45186607
45212078
45290174
45455271
45633238
45749463
45781820
45956257
46062224
46367160
46498137
46514332
46925969
46960765
47017378
47207568
47393405
47457970
47493506
47591418
47624581
47655217
47699401
48229971
48266908
48363319
48410830
48606992
48910104
48914901
49076671
49168936
49202020
49250401
49299340
49379802
49407718
49464194
49671562
49946922
49983757
50027768
50095671
50227639
50452813
50466170
50546820
50671697
50697297
50705147
50946457
51031567
51047888
51115903
51192923
51249911
51516904
51695872
51737545
51749461
52026335
52029369
52078814
52125302
52336781
52411955
52552312
52578680
52631903
52704772
52740727
52873060
52941581
53034827
53116563
53221817
53269407
53367271
53457157
53552211
53698454
53726411
53769709
53889530
54051977
54105061
54240948
54413302
54416243
54426538
54439241
54709615
54721052
54969127
54979620
54987375
55112486
55114870
55165900
55289023
55294503
55448817
55499320
55522017
55839998
56003212
56048644
56101511
56124573
56329569
56360036
56411536
56485658
56689494
56769188
56813067
56903544
56938792
56993442
57120431
57144113
57338609
57348151
57370988
57407931
57421267
57454888
57459879
57486486
57498036
57527891
57604857
57702509
57754974
57807732
57827546
57856126
57906673
57933358
57986823
58102045
58137595
58184888
58310835
58408599
58421540
58703241
58712050
58882429
58964081
59045991
59136036
59168016
59296674
59339247
59422492
59458592
59482713
59489140
59539752
59671446
59770144
59792840
59907376
60112678
60122758
60127616
60256478
60317107
60359798
60464426
60559500
60569711
60671033
60731992
60751557
60835984
60908591
60939252
60984505
61029618
61207637
61232384
61313580
61338379
61448108
61496159
61775475
61812938
61917579
61988024
62003303
62069440
62080745
62128540
62149625
62191156
62202582
62210645
62213384
62404534
62727764
62763830
62895482
62930158
62983669
63048767
63075965
63091803
63146563
63162683
63208289
63213330
63222765
63226990
63231784
63365837
63436312
63521669
63553519
63926123
64032926
64037459
64083842
64092459
64219848
64227887
64234682
64292409
64382610
64389124
64393492
64396338
64418195
64487907
64519100
64707838
64735994
64749726
64847577
64960983
65136588
65352656
65541839
65813972
65819502
65826321
65844443
65926713
66075720
66120359
66292738
66374161
66393881
66450375
66605408
66823285
66871706
66895056
67073236
67174479
67232902
67372403
67438694
67508407
67544526
67665964
67749996
67813325
67821650
67863614
67905133
67959021
67960875
67976438
68048953
68059265
68099770
68171717
68339716
68357072
68495950
68505873
68526434
68601476
68865140
68987521
69036650
69124876
69150925
69191429
69213339
69242805
69301820
69329033
69419726
69442997
69524792
69659530
69778821
69950323
70349428
70577791
70671750
70727845
70871226
70888640
71086458
71215305
71264679
71302572
71304843
71337817
71416020
71472615
71504578
71526144
71622930
71700414
71786042
71865235
71893411
71912109
71958772
71969807
72132866
72194090
72305299
72444429
72631811
72689069
72811074
72939129
72966824
72968428
72969547
73011103
73063194
73243022
73249469
73317089
73371250
73377808
73399425
73531826
73589681
73650055
73652317
73740409
73764604
73871678
74052335
74056968
74345015
74428455
74456506
74459796
74631266
74886304
74934394
74935686
74954965
75043452
75061554
75132583
75360673
75452837
75467389
75600519
75615916
75681691
75881316
75968395
76067499
76119990
76124420
76179538
76321811
76337597
76347382
76386252
76494841
76526587
76568540
76663066
76743537
76757204
76900618
76989087
77034660
77283003
77404867
77415426
77426786
77472766
77610998
77734021
77788107
78008937
78047095
78400137
78506625
78536156
78564195
78636857
78785090
78920854
78954736
78984244
78991695
79134992
79415515
79475070
79524944
79625850
79648876
79682831
79852475
79874376
79941262
79949734
79965934
80581939
80673503
80790811
80855242
80903359
81101771
81230147
81282356
81299548
81715207
81764743
81792331
81806932
81844257
81973716
82191792
82191803
82238637
82264575
82307870
82327098
82415869
82433976
82768648
82919353
83033091
83135614
83206568
83226511
83237700
83240807
83245579
83454521
83492547
83545821
83574358
83637391
83713098
83763217
83842631
83898254
83910323
83915859
83988184
84016608
84061516
84147478
84195967
84222251
84265955
84279679
84331142
84336200
84339820
84681631
84682166
84739567
84801067
84854427
85008230
85176871
85202818
85417896
85466728
85566647
85711253
85743446
85853649
86177651
86219137
86266831
86270108
86596205
86707993
86756175
86796510
86806472
86978499
87042709
87086246
87172806
87288927
87344413
87374353
87416541
87421223
87443044
87457207
87461505
87724616
87740413
87838372
87843576
87989264
88011816
88131555
88131824
88177156
88269213
88274341
88374942
88543910
88940812
89016158
89127501
89482291
89552191
89596883
89609888
89755288
89948379
89971979
90102097
90330106
90417651
90497207
90599095
90651221
90669298
90720205
90742454
90761923
90824371
91056824
91094348
91254434
91511951
91524411
91581865
91677006
91802091
91932512
91975882
92041140
92149197
92155499
92212344
92236198
92326192
92395896
92778902
92839529
92901027
92960566
93015429
93083008
93473174
93575572
93584332
93621762
93651306
94138603
94197110
94417773
94444162
94457830
94504198
94820728
94922130
95181506
95201378
95476981
95629433
95816932
95869456
96230606
96235779
96276647
96357807
96438491
96460533
96474196
96481314
96706783
96746294
96866164
96880618
96903883
96940234
96952346
97001154
97082824
97237626
97281686
97460462
97488731
97565049
97632816
97636483
97974499
97983195
98028432
98043152
98239745
98298909
98357930
98493177
98516092
98786466
98817342
98822904
98973696
99010730
99062890
99210360
99331288
99356133
99367213
99376443
99569962
99651474
99732628
99737050
99884413
99888961
100034185
100064861
100155275
100217140
100241369
100433311
100478390
100487767
100526184
100686814
100756926
100877383
101256412
101359279
101361373
101385791
101479140
101518827
101651990
101797265
101840114
101916620
102035460
102065704
102133795
102206644
102464515
102561714
102601698
102746296
102771319
102911138
103055021
103058361
103116898
103152393
103216541
103236794
103288843
103387479
103448175
103478474
103493210
103549699
103551405
103621300
103667936
104201494
104204423
104238729
104295360
104342848
104432448
104543935
104567107
104576543
104607220
104655601
105086923
105090928
105146725
105242918
105335696
105442395
105708036
105739108
106056633
106089345
106411666
106436975
106485125
106505301
106585760
106628782
106700002
106800437
106832765
106867537
106908527
107330965
107556449
107744836
107778987
107856540
107929740
107985134
108117658
108128386
108373947
108699347
108728688
108810062
108911552
108940951
108947020
109062412
109066117
109069166
109116527
109135687
109226053
109422273
109510115
109529085
109684262
109708056
109719045
109809627
109899395
109925716
109929507
109974923
110089847
110100546
110117455
110141715
110174537
110198699
110228660
110304251
110366620
110411594
110492247
110547135
110675045
110744957
110915818
110918241
110934833
110979286
111007020
111070260
111112138
111248970
111259999
111283430
111466802
111513101
111819680
111896598
112010744
112052707
112094194
112194575
112249072
112405552
112491387
112521156
112569331
112691633
112714269
112754281
112766407
112779378
112784342
112802100
112956480
112983824
113021146
113119632
113153580
113202154
113235179
113567511
113757226
113823591
113886213
113923803
113932389
113963814
114051069
114152037
114215359
114291773
114548098
114581972
114605375
114901409
115298489
115307725
115365657
115540021
115554749
115582964
115627387
115748002
115780767
115843512
115861518
115875220
116051475
116229811
116287191
116316453
116319500
116326200
116347828
116539119
116627335
116635723
116689137
116822236
116899635
117039401
117241558
117420110
117530628
117566580
117648638
117737517
117766795
117771564
117774878
117799285
117824437
118045842
118267027
118291808
118375140
118524473
118528955
118703951
118753551
118766531
118834282
119134106
119395016
119500542
119550028
119550141
119664562
119677290
119705539
119743942
119827686
119867939
119881440
119901391
120007057
120098089
120246396
120391249
120588747
120621953
120673179
120723210
120859504
120874211
120903850
121205752
121598459
121749571
121751316
121878891
121924110
122077640
122152729
122181225
122188121
122248800
122250721
122406237
122407330
122447121
122481564
122599633
122631164
122867366
122928703
123031507
123109576
123264734
123325024
123379644
123391152
123398497
123431536
123485262
123580091
123705811
123744994
124103992
124136981
124219108
124246203
124319168
124396329
124536012
124554813
124654827
124944747
124992618
125037466
125128947
125165223
125193641
125195363
125234291
125265205
125300299
125311815
125313717
125329545
125404459
125429752
125565182
125602294
125623973
125640192
125679078
125763516
125933609
126425811
126477643
126720865
126731496
126763683
126961568
127021948
127036403
127103972
127185758
127262511
127281412
127367888
127378584
127510684
127841333
128217959
128241089
128244285
128296154
128514061
128537523
128754509
128878772
128928798
129002457
129229940
129301009
129307512
129308883
129327962
129457115
129604926
129605875
129616287
129680323
129766440
129827923
129836885
129943192
129984656
130007614
130179472
130242374
130290907
130543329
130588420
130787675
131096228
131404138
131444624
131736917
131919946
132341469
132577788
132688452
132833448
132981476
133099009
133419176
133421575
133541655
133625984
133711783
133874496
133897270
134040854
134315886
134457285
134732305
135202900
135207296
135225738
135262095
135283302
135296729
135309585
135321724
135385937
135454922
135508805
135622415
135821450
135842443
135908738
135942492
135972923
136135371
136207324
136236608
136237795
136306694
136329541
136380801
136496441
136565175
136586047
136691220
136750875
136794513
136808486
136892792
136926359
136947464
137024094
137082064
137142887
137157003
137204598
137415574
137434480
137442166
137609893
138250089
138253988
138317223
138362401
138435106
138440963
138505580
138602685
138748364
138749913
138784995
139080732
139115411
139219230
139283896
139323202
139335813
139445167
139489220
139869651
140029008
140079141
140084086
140118736
140217147
140234394
140235854
140257913
140290334
140476122
140678972
141002760
141307380
141310865
141521885
141664763
141665003
141667286
141737920
141847923
141882181
142045041
142254286
142379039
142418723
142423892
142542824
142572787
142785235
142802428
142976161
143103263
143136034
143193037
143211048
143226462
143233646
143356965
143472249
143590993
143644777
143680978
143683398
143783220
143791357
143801156
143822720
143899748
144050872
144228003
144253239
144328497
144329444
144506669
144680485
144710283
144736970
144778851
144810986
144811994
144828533
144950802
145517544
145604764
145626442
145643187
145734200
145862566
145887452
145979399
146028810
146128197
146140760
146417226
146622982
147026901
147094881
147161242
147205953
147206633
147221565
147829972
147834517
147852481
147860693
148089387
148162208
148389443
148423319
148454915
148734589
148790073
148944909
148969378
149046302
149229780
149243910
149352758
149412640
149559764
149576390
149588530
150136854
150211558
150232362
150306880
150373247
150455893
150586641
150674756
150695978
150933928
150955223
150961377
151045321
151050982
151067702
151296050
151401260
151437245
151444586
151495907
151497830
151562444
151742669
151748162
151769991
151881313
151905288
151953623
152000402
152074406
152253411
152341850
152399033
152633304
152647756
152777016
152870347
152955767
153020418
153119471
153156594
153525473
153551245
153577389
153732865
153808596
153850687
153961597
153967695
154041562
154171753
154186858
154388586
154391251
154789301
154805819
154994705
155018215
155035818
155078635
155191058
155450937
155462048
155488521
155548416
155569539
155608529
156100230
156125652
156149517
156273460
156393912
156547489
156556190
156567927
156599285
156686776
156692261
156783930
156857688
156899492
157053116
157203859
157209557
157409881
157453621
157465422
157509879
157627080
157640293
157649175
157721769
157776029
157779943
157925245
158032716
158111071
158148735
158181795
158450227
158520763
158638132
158651356
158763887
159110540
159140747
159297197
159312840
159588215
159776686
159960076
159979847
160045859
160102992
160165035
160235187
160299250
160374836
160420116
160597568
160633402
160675183
160734290
160816181
160821080
160840385
160925126
161041454
161210411
161326191
161430366
161452042
161491506
161556718
161573103
161720632
161808282
161894611
162021546
162034228
162181684
162233148
162255001
162369496
162382771
162486492
162492502
162532890
162767186
162874829
162944097
163005615
163111471
163146631
163210270
163261255
163352305
163434211
163493319
163514186
163594798
163743739
163961311
164134253
164164782
164170526
164258748
164259546
164281294
164323164
164331168
164478831
164516658
164770563
164800095
164869376
164897056
164975302
165013989
165058072
165125821
165176951
165396696
165683770
165697047
166030505
166074964
166317312
166414395
166445434
166472834
166534419
166712164
166744548
166766203
166813171
166866011
166936184
166990397
167043068
167099654
167161369
167245073
167295822
167323783
167358091
167404897
167441057
167459382
167491147
167738605
167834373
167973810
167990821
168061681
168148446
168207710
168402131
168516510
168538765
168644622
168664330
168737789
168810733
168831444
168993129
169006066
169040106
169078341
169200604
169263869
169265518
169317003
169344587
169392453
169480445
169565065
169627154
169677519
169776070
169831140
169871366
169975491
170032250
170041168
170082166
170226365
170239367
170243705
170621268
170706275
170740739
170986920
171231906
171273698
171337732
171367569
171414525
171628128
171698970
171766711
171842792
171905775
171926948
172115987
172319959
172362614
172364951
172398813
172423265
172474954
172479797
172626072
172714187
172714372
172794032
173094361
173322144
173380605
173475637
173511447
173574229
173665923
173707768
174013037
174123829
174184612
174588355
174857393
174871595
175062828
175202352
175224406
175325768
175829689
175903068
175938194
176146168
176220838
176354008
176441583
176458988
176688118
176902344
176945282
176972519
177067958
177069574
177105557
177131055
177328773
177341921
177390510
177451199
177458830
177499583
177554587
177569483
177725812
177742687
177901650
178065065
178142927
178160278
178252448
178270601
178387491
178669036
178712888
178727862
178908190
178952456
179079328
179143486
179204296
179224219
179245357
179283989
179313435
179313620
179363119
179365964
179398481
179518225
179761967
179871075
179947194
179975909
180061725
180104728
180154546
180158019
180172702
180736683
180869710
180886099
180923445
180998061
181072959
181138488
181243079
181300153
181340866
181351508
181430279
181459785
181501780
181605788
181689972
181779510
181949240
182076106
182102531
182106242
182154190
182276813
182329376
182402278
182403749
182451202
182659498
182787462
182814823
182823572
182983985
183105215
183252761
183253696
183263840
183370055
183623840
183771282
183793380
183839251
183969357
184088655
184726058
184989085
185001516
185131307
185305482
185450619
185469005
185483497
185571056
185579353
185741472
185809074
185811025
185851416
185902938
185919189
185939920
185985088
186014328
186398376
186586434
186634154
186678650
186722337
186818798
186853846
187157297
187214084
187491232
187524637
187569601
187583612
187682055
187803703
187903329
188038497
188046361
188444652
188521924
188613708
188700932
188880739
188933395
189028747
189042363
189290654
189359467
189410473
189476170
189485297
189503285
189969546
189981078
190110976
190132292
190205287
190219671
190268713
190272559
190308162
190425184
190440604
190457248
190521008
190596767
190596901
190653883
190739789
190907629
190929530
191108597
191131527
191397460
191464573
191483240
191607489
191741541
191989839
192078326
192209322
192363168
192365928
192621958
192654882
192681866
192820004
192855554
192958508
193087508
193347275
193417712
193483593
193619937
193624118
193624320
193709554
193732736
193739285
193756884
193806870
193843981
193913635
194004218
194015724
194029559
194034308
194155992
194214977
194332347
194415293
194433957
194446252
194596684
194598624
194599407
194612262
194617934
194625112
194705524
194877116
194939852
195005741
195050282
195083735
195368086
195387844
195562709
195565309
195621039
195733687
195883740
195977250
196110865
196136778
196141799
196304987
196472688
196555813
196596222
196679576
196754859
196945314
196968524
197006428
197017293
197059480
197093035
197162146
197163957
197263256
197304937
197433106
197454324
197562037
197632217
197828171
198024093
198112951
198156268
198163246
198265811
198337439
198583234
198839135
198904823
199083322
199137184
199180855
199202705
199305697
199425835
199426548
199503706
199606792
199761756
199792847
199878339
199948603
200016770
200096645
200134312
200134903
200255627
200628880
200693896
200738346
200747079
200864235
200892123
200948507
201020137
201040026
201106566
201386373
201468203
201633278
201640168
201646091
201675613
201684126
201968086
202138404
202200418
202350893
202576351
202648419
202707437
202830207
202895620
202971012
203264902
203406166
203469814
203692589
203803846
203906095
203925004
204032084
204089102
204106246
204330209
204372172
204444239
204626828
204833617
204942126
205098138
205246332
205346138
205388718
205451333
205541147
205584547
205750477
205775578
205841024
205857880
205869069
205870938
205998570
206009198
206098534
206286814
206304169
206443579
206523725
206553173
206613260
206647054
206732080
206763641
206852263
206874454
206913379
206955479
207053806
207285106
207413850
207489511
207811281
207832890
207877714
207978159
208148858
208155376
208513484
208700209
208912645
209092255
209156239
209217292
209278021
209295526
209336456
209530477
209548825
209708947
209771870
209776112
209837522
209905036
209916495
209985427
210013632
210015887
210121344
210238856
210306682
210436062
210616340
210760714
210778662
210785764
210951610
211051335
211053516
211140652
211161927
211217878
211233295
211321432
211384292
211609443
211614282
211738867
211925316
211970117
212007091
212012401
212055170
212058817
212127496
212249321
212333804
212602881
212719983
212987255
213008659
213053353
213078491
213106413
213186842
213217254
213222387
213413450
213414885
213585294
213615496
213618802
213658019
213711095
213751718
213808955
213890977
213909288
213912578
214105678
214134304
214167065
214181811
214188770
214325040
214345652
214414407
214442191
214499287
214910209
215012100
215215409
215269971
215333216
215403624
215508986
215524734
215537396
215718640
215800733
215892112
215936486
216044790
216083547
216193373
216428224
216532022
216537716
216551850
216623167
216637736
216772540
217228133
217237819
217240491
217377083
217609060
217679718
217883862
217928465
218087777
218089399
218328612
218394722
218441234
218443948
218452815
218564035
218619840
218722865
218806499
219027547
219100263
219128870
219241386
219319662
219321285
219341034
219375072
219380374
219690377
219856752
219893254
220042783
220070508
220136765
220267285
220431762
220452253
220522210
220556397
220693484
220793272
220985880
221140772
221207575
221322154
221354397
221358527
221369769
221396268
221425161
221480788
221628713
221681094
221806125
221827745
221854505
221931041
221990624
222458387
222827476
222902477
222932512
223132445
223146705
223152851
223155954
223163157
223548500
223618871
223665840
223769754
223814936
223832867
223877116
223891342
224282643
224488189
224530353
224718545
224857091
224871321
224882501
224939803
225021791
225105208
225108719
225184529
225233204
225372328
225466303
225477790
225559713
225651415
225750361
225791756
225872989
225974754
226035350
226062604
226159075
226305119
226333515
226538035
226579561
226699354
226967894
227032621
227160361
227173719
227182563
227205288
227268835
227353501
227486525
227759190
227760967
227817151
227820704
227853657
227914411
228149240
228155998
228364499
228506238
228545990
228554859
228678230
228723091
228936288
229091225
229170748
229207132
229460735
229628993
229718127
229729935
229799901
229946957
230062172
230080249
230221460
230224521
230272043
230290514
230299650
230571865
230617733
230652289
230674338
230771855
230786384
230837986
230865363
230877907
231047368
231069500
231218390
231268109
231325315
231333285
231418984
231436156
231458956
231482601
231499990
231586303
231646651
231679156
231691845
231839411
231888513
231985551
232103735
232163080
232234654
232335287
232392243
232469690
232533153
232592656
232611631
232875162
232948554
232983299
233074009
233132750
233272604
233317734
233391378
233393736
233416741
233433598
233513304
233610062
233791903
233882993
233956598
233965535
234048986
234103150
234365003
234484271
234769832
234773323
235037551
235037964
235125827
235144259
235226685
235234037
235296135
235356737
235497650
235523695
235738722
235840925
235919176
236049162
236060481
236075445
236178293
236185102
236188204
236196010
236240191
236291030
236343056
236343970
236354085
236678760
236791190
236818948
236898593
236939906
237245387
237322773
237421395
237471752
237576527
237647727
237672853
237944506
238014272
238366864
238369581
238491976
238529219
238596375
238787058
238813670
238906196
239064961
239092819
239124864
239152578
239290367
239293325
239513849
239628323
239631950
240053483
240190999
240313058
240378634
240389453
240423724
240427940
240506171
240597559
240658259
240704847
240803101
240941288
241006228
241197930
241305359
241336602
241348053
241408211
241444934
241615232
241639209
241710874
241805453
241910228
241938699
241945273
241998437
242096195
242244565
242750014
242905178
242926348
242980494
243109465
243137601
243185740
243241001
243278098
243494071
243975061
243987152
244100054
244150402
244218196
244281161
244286512
244324372
244345334
244380884
244423220
244508513
244513640
244532284
244703624
244709220
244736192
245005657
245300475
245305172
245512994
245557673
245574395
245627441
245975274
246159308
246170678
246216930
246230186
246386600
246407626
246427501
246637596
246789075
246833668
246848297
246865584
246911430
246923112
246923968
246982209
247012329
247067898
247082286
247232033
247355672
247373370
247390854
247568518
247671785
247754556
247775193
248012630
248174094
248237663
248276137
248296839
248481958
248625635
248653138
248664664
248774059
248831646
248857735
248883153
248910058
248935676
249110702
249189738
249252772
249396582
249505474
249543463
249573351
249601063
249638173
249695100
249781990
249813305
250040462
250182530
250210170
250236248
250496661
250725464
250859557
251181693
251399954
251436627
251488465
251493917
251507217
251771789
252015329
252067326
252099959
252104331
252215434
252252608
252442592
252518046
252533557
252619362
252697216
252715815
252755407
252907061
252979980
253003205
253030049
253067776
253083423
253206371
253438952
253493444
253679909
253795048
253795734
253845405
253960102
254117709
254212032
254248172
254272199
254302056
254310329
254369067
254441881
254542303
254958199
255079719
255204629
255225180
255607862
255656730
255672437
255687145
255718795
255724105
255819919
255821109
255867444
255923617
256057088
256118996
256120998
256294927
256364834
256367372
256447295
256541670
256615813
256726069
256780837
256823475
256842980
257157841
257161748
257205595
257255306
257281290
257341130
257597247
257814297
257994740
258103313
258125355
258323999
258551102
258568811
258714507
258802367
258814302
258903848
258937611
259008849
259037527
259146150
259418554
259554015
259659488
259756245
259757436
259997018
260008166
260056638
260144395
260276152
260293652
260486306
260620216
261102347
261106697
261107616
261258796
261320715
261616368
261734673
261815633
261832596
261938456
261948937
261997752
262009163
262124307
262523666
262534392
262665737
262694221
262723110
262877143
262969737
263048178
263123023
263134135
263153776
263218577
263241628
263279812
263425545
263469386
263493761
263589829
263760080
263890603
263973870
264352129
264484749
264485829
264626523
264767506
264853225
265137708
265172411
265225035
265528228
265750787
265831171
266051504
266118511
266527215
266527648
266549332
266799297
266915046
266977312
267197694
267366762
267472340
267545623
267603442
267644507
267759534
268034061
268152081
268227615
268341718
268343187
268688593
268817185
268991119
269067192
269262490
269303571
269533496
269598113
269599596
269691361
269905267
269934996
269936376
270032242
270228941
270313533
270324755
270494396
270502160
270560720
270591025
270806443
271001189
271056561
271099075
271144363
271224930
271323952
271410145
271419640
271435285
271460215
271607274
271680096
271793453
272042711
272090983
272199715
272421810
272434131
272492716
272551093
272557369
272804246
272825936
273017205
273023335
273129120
273205448
273292074
273415411
273450336
273549340
273561890
273883659
273933712
274496341
274604958
274662462
274800104
274957455
274963626
274978398
274980571
275015502
275026508
275140943
275229305
275266038
275289133
275453184
275624877
275687323
275859453
275886722
275886929
275909047
276120283
276291654
276298093
276358254
276422651
276451582
276541343
276963910
277095030
277222660
277280510
277357694
277425149
277451707
277594411
277671564
277714210
277801211
277921477
277922424
278032681
278212973
278257100
278308783
278334781
278338531
278515714
278657223
278793269
278827394
279070393
279309978
279394416
279444190
279467925
279500050
279734941
279743370
279839103
279864046
279916344
279950814
280003745
280025584
280059419
280122920
280347491
280546194
280549655
280846267
280947139
281048822
281068853
281245778
281380952
281424939
281450182
281467892
281740109
281796317
281862514
282067555
282207542
282265092
282301991
282306493
282375308
282547399
282758040
282782046
282893805
283006981
283015847
283136486
283205008
283227726
283496277
283590724
283696733
283698156
283776573
284241999
284258414
284282910
284494600
284551343
284697787
284723865
284752007
284838219
284890995
285151953
285275144
285384716
285398366
285453870
285506732
285618751
285637103
285751251
285770268
285956909
286000585
286013074
286121971
286128160
286141752
286234978
286311428
286327526
286434791
286449487
286478762
286577776
286830880
286851139
286884602
287278354
287337178
287562786
287586896
287639624
287717022
287805912
288008197
288092398
288245089
288361611
288451447
288540230
288597419
288628293
288651393
288792160
288837648
289043210
289122866
289284214
289287366
289296521
289367125
289554852
289598508
289667975
290037712
290079846
290174223
290240995
290276470
290394451
290398994
290432214
290496494
290551897
290583510
290589848
290592579
290604177
290646088
291083915
291170437
291216908
291255136
291331208
291378791
291660753
291666738
291696690
291711693
291831580
291921470
291971410
292031199
292032719
292088496
292108650
292153713
292181995
292228588
292323175
292434546
292480612
292653700
292707664
292718690
292749884
292781489
292866020
292893837
292909361
292925605
293071404
293197989
293358261
293370949
293409199
293614164
293698529
293948202
294017161
294185938
294233629
294277888
294298226
294368370
294521742
294697203
294753556
294766410
294790113
295085749
295122596
295160229
295511000
295513230
295744412
295778911
295866043
295883853
296028159
296096953
296261739
296421133
296423027
296731379
296765372
296788018
296927642
296959861
296969438
297168591
297610604
297627444
297874094
297912125
298057223
298140724
298299321
298483833
298491100
298535156
298642884
298728250
298737850
298745402
298783248
299015704
299132109
299145686
299177940
299450603
299556933
299589481
299651618
299685904
299700262
299889549
299965505
300060930
300077068
300246547
300319375
300456055
300843167
301043313
301335645
301478128
301497515
301547637
301820418
301857021
301870553
301987056
302166756
302178093
302219970
302229212
302357670
302499256
302612672
302816058
302881622
302946172
303027278
303202961
303221424
303456436
303467191
303580980
303730989
303773899
303903239
303943029
304016456
304043246
304045907
304094558
304094897
304152047
304156328
304180698
304201520
304267780
304347992
304442982
304472462
304500673
304670576
304714408
304727197
304805041
304858423
304894923
305125059
305160707
305184475
305214682
305216016
305459118
305516131
305557972
305573315
305653507
305813788
305828859
305840457
305882963
306033996
306060243
306109319
306196191
306217074
306232520
306477734
306541573
306550216
306764181
306777039
306871875
306873737
306908213
306936530
307033314
307082811
307338058
307368551
307527746
307737090
307951838
308064395
308384717
308439687
308630621
308700832
308979951
309012689
309105022
309235161
309310708
309382012
309438030
309470836
309490045
309617025
309778243
309813821
309825462
309838677
309958976
310113661
310168482
310174806
310176231
310251601
310283551
310284629
310309116
310321086
310321831
310328095
310357416
310620792
310696744
310748994
310776575
310816268
310838864
310919517
310961878
311077361
311121170
311434832
311619033
311701975
311733951
311806560
311979413
311995060
312042460
312073065
312097083
312097583
312327124
312385398
312420032
312444421
312564827
312617260
312656441
312779793
312787958
312943004
312945047
313018923
313429382
313525834
313537709
313568287
313740352
313908212
313974018
313983475
314075483
314203566
314221999
314319915
314338131
314355566
314357598
314530275
314559383
314658813
314750012
314999767
315000898
315007891
315167406
315319454
315390408
315551583
315692741
315729878
315880131
315962702
316107842
316208996
316242608
316298716
316348892
316384884
316508334
316618384
316625785
316817616
317012452
317026819
317130895
317204293
317234682
317243118
317418699
317520736
317579684
317598756
317740903
317819860
317835367
317901787
317911401
317934762
318015455
318018804
318058528
318070747
318089059
318213649
318284131
318387657
318388579
318455380
318532255
318571775
318605492
318635108
318636608
318746001
318758585
318798159
318856153
318857259
318964546
318991578
319046565
319066709
319124024
319175719
319203509
319284523
319418630
319431938
319481551
319565246
319599689
319607830
319624928
319630985
319829750
319882796
319888337
319917031
320108665
320193845
320308395
320348329
320385639
320462150
320483742
320606204
320622020
320757287
320805929
320826757
320834802
320852140
320910925
321532247
321553023
321606345
321670043
321786337
321803109
322060373
322062814
322132435
322198780
322228702
322229468
322424954
322687425
322865198
322897157
322954233
323149492
323368894
323465497
323468221
323765835
323776396
323840499
323899994
323922312
323998889
324017279
324126353
324129603
324372643
324446246
324471159
324524221
324660518
324688862
324928466
325002243
325030386
325381191
325473640
325508445
325517076
325533339
325689905
325891062
325995505
326188199
326232369
326248213
326556573
326618580
326716015
326767930
326829079
326867339
327003439
327123226
327157156
327286340
327436905
327487325
327510076
327512674
327522580
327618723
327968121
328062213
328140879
328295167
328307307
328396129
328408480
328414543
328414708
328441063
328455646
328488091
328692438
328695369
328731694
328905115
328985516
329026968
329087569
329290490
329364578
329421875
329775397
330040233
330060852
330087524
330378026
330406519
330478703
330482464
330555288
330698427
330952168
331023823
331045389
331149324
331279179
331455043
331471534
331621830
331890279
331908433
331912180
331951561
332001416
332005009
332018363
332071810
332162360
332278956
332544678
332585978
332644642
332664360
332705647
332820673
332862606
332917770
333047224
333049222
333072675
333154329
333190903
333203917
333487606
333603069
333631775
333702854
333764361
333791038
333848877
333854765
334112392
334144046
334329688
334485502
334602333
334654093
334689036
334776601
334846773
334920061
335021818
335044282
335184445
335207171
335322920
335340695
335367449
335538767
335540777
335749514
335882053
336004867
336093286
336162054
336362614
336370355
336378810
336448895
336520596
336526646
336566544
336617225
336743337
336825541
336944565
336978969
337060284
337368538
337508157
337565502
337625874
337642352
337795156
337805888
337828570
337851646
337886243
337933467
337963117
337971853
338103974
338198804
338425818
338723293
338748959
338994361
339125916
339177135
339284136
339349181
339373640
339458700
339570466
339731140
339950056
340138665
340174339
340376579
340627834
340858003
340865126
340937957
341048236
341081606
341349347
341398633
341442303
341460357
341518512
341531745
341697272
341697474
341756771
341792309
341870598
341881544
341961608
342057594
342110541
342198155
342304612
342307819
342369224
342563350
342568040
342647410
342720713
342891109
342987955
343104771
343222941
343278396
343494123
343503553
343531353
343571015
343607381
343675803
343731357
343764368
343790956
343801763
343915918
344059687
344097121
344177155
344228002
344422954
344429830
344446880
344478796
344504735
344792915
344838825
344866596
344949894
344994512
345045282
345069102
345155205
345169621
345285501
345302643
345411670
345524956
345638715
345754063
345768431
345777218
345998387
346022959
346076164
346097480
346157365
346211774
346230847
346407721
346484739
346523481
346544181
346638633
346730080
347008627
347027729
347212182
347271867
347312402
347323481
347337041
347393376
347394205
347679715
347786240
347952126
348110616
348137907
348233565
348236516
348258336
348270108
348354212
348624090
348704066
348819837
348931119
349131418
349221695
349233844
349280590
349303731
349342733
349453395
349752304
349934849
349974068
350067877
350123222
350199510
350205619
350230279
350421498
350424894
350555346
350578355
350658886
350667224
350724715
350795789
350903018
350906835
350921964
350980786
351243489
351278959
351297865
351354747
351362157
351383667
351669512
351702287
351720804
351843135
351891024
351976795
351984175
352086112
352164031
352294327
352425304
352438524
352445840
352507020
352520286
352545059
352605463
352689757
352927043
352964118
353159238
353250675
353325062
353485313
353728653
353888307
353996940
354045620
354075983
354252368
354365688
354449722
354525648
354771636
354789161
354802875
354873621
354912291
354959636
354974262
355037383
355067943
355197640
355247881
355456111
355508635
355549853
355629457
355662175
355713700
355775806
355782836
356035423
356038154
356061118
356199278
356217461
356232603
356443342
356652471
356787255
356811876
356820782
356936176
356937116
357168183
357211560
357426818
357462606
357494515
357503100
357514032
357533094
357637758
357700295
357779589
357800725
357811148
358093161
358278113
358536392
358608191
358610810
358689641
358927799
359063604
359275715
359434317
359575362
359579457
359622405
359657578
359678486
359692742
359840104
359969730
359969835
359975286
360060396
360140852
360351845
360380908
360553663
360780489
360783264
360886926
360909299
360932083
360939338
360968324
361201730
361475444
361652690
361662013
361731439
361985752
362089680
362158170
362235885
362295516
362296463
362432914
362517468
362689910
362863974
362957522
362992083
363120429
363140118
363195710
363213409
363326677
363408046
363527334
363581615
363628568
363679447
363841291
363850174
363933736
363979936
363992383
364053576
364239149
364336159
364345897
364360886
364397339
364678931
364799004
364848650
364874408
364903189
364918056
365136868
365140355
365144432
365166016
365205754
365376411
365451012
365629915
365811180
365811821
365875790
366023932
366027276
366097658
366102349
366122586
366406405
366424674
366573116
366612169
366616109
366658988
366961113
366997320
367017433
367071210
367186627
367301749
367330022
367561814
367576686
367791421
367802332
368199365
368357224
368507300
368699262
368796839
369108873
369166172
369176878
369376609
369395394
369474979
369616650
369650824
369661662
369794596
369794668
369877313
369891469
370246742
370351413
370376127
370421853
370497077
370524165
370648082
370739547
370748510
370805833
371043290
371275317
371307730
371437461
371729720
371930175
372317418
372526152
372612019
372681045
372688619
372754980
372950568
372975353
373060835
373063608
373177618
373307944
373394982
373497820
373553308
373562638
373821904
373856432
373908932
374102743
374182047
374194436
374209536
374305405
374364481
374459016
374536197
374572138
374761968
374905240
374981809
375120745
375148308
375190664
375406706
375428214
375437685
375510855
375534437
375724935
375737401
375933854
376059692
376125647
376660937
376747978
376809657
376908565
376911435
377075305
377167562
377261628
377298141
377310723
377480877
377527615
377544623
377626257
377628604
377828828
377855638
377930267
378059554
378151744
378208354
378213664
378309116
378454415
378531252
378568585
378591219
378594013
378694917
378848834
378962017
379091301
379129306
379180857
379195445
379383445
379408610
379417868
379493602
379504192
379535394
379558533
379715291
379737538
379762283
379802935
379831284
379939504
380065536
380239414
380370004
380426299
380485743
380660300
380715669
380740563
380856167
380963671
380988591
380997926
381038591
381170502
381214855
381282704
381352652
381437644
381475948
381536873
381748879
382095314
382194355
382312970
382421958
382566130
382623173
382791977
382997342
383164265
383225212
383383417
383422930
383499585
383520417
383567082
383568580
383576658
383627256
383646474
383691411
383841259
383854690
383932532
384433745
384513317
384519707
384534559
384560176
384568650
384601459
384733755
384868686
384871861
384938744
385055138
385299367
385499259
385538863
385553244
385609881
385741924
385784516
385857311
385890587
386047543
386055996
386068244
386078239
386200822
386203199
386809081
386900451
387121896
387592051
387650465
387669003
387695640
387697195
387726938
388003235
388026776
388337719
388430538
388473367
388481432
388564875
388608783
388704705
388897790
389031506
389090222
389143707
389227611
389355417
389405436
389569350
389588239
389598507
389785539
390048358
390065596
390091740
390104082
390163130
390175094
390242608
390255419
390343737
390361611
390479173
390548885
390709690
390796033
390817773
391034294
391597943
391641889
391689071
391736624
391798050
391817517
391925694
391941758
392061087
392315297
392367796
392436993
392569624
392796508
392799432
392860974
392927677
393255923
393275689
393351373
393405382
393406628
393417985
393473144
393487067
393525980
393531921
393609190
393641459
393643137
393886964
393954556
394105294
394283526
394399035
394470205
394754871
394798236
394840061
394922497
394931262
395199874
395408094
395790477
396121974
396130597
396145271
396185837
396208941
396282973
396415918
396710945
396783363
396816870
396863774
396920190
397018436
397101335
397225491
397386546
397482153
397566458
397584476
397605104
397698673
397742472
397988311
397995118
398120779
398165906
398200971
398313596
398360319
398467432
398570352
398660114
398721405
398776578
398795455
398966655
399160704
399193238
399282497
399379567
399456051
399489623
399503288
399519337
399553428
399602387
399623335
399772040
399777338
399781829
399945970
399965130
400094057
400130044
400239566
400292594
400320772
400502473
400515657
400726067
400730863
400811771
400844901
400891754
401035898
401296516
401624768
401679143
401889644
401927483
401948334
401964460
402237624
402270981
402292929
402484624
402545285
402617287
402685271
402735754
402892396
403003393
403099841
403194720
403275819
403348760
403351848
403447154
403501709
403544279
403547307
403591083
403711870
403752096
403768855
403891309
403923925
403939115
404063840
404111193
404115142
404259228
404351670
404578724
404784412
404831916
404935915
405105621
405145248
405242774
405268629
405300422
405320641
405332730
405337672
405340653
405389435
405606742
405640891
405808749
405833505
405878540
405892686
405901164
406009277
406030479
406209135
406272248
406303269
406458430
406586457
406606024
406833915
406877662
406918938
406922452
406951562
407014088
407063818
407174533
407178532
407245482
407343725
407893155
407942112
408011525
408020843
408053873
408138059
408149072
408270642
408366595
408479382
408525578
408793110
409043239
409097988
409117637
409137283
409195138
409222267
409246503
409248939
409317237
409559812
409691967
409730158
409797112
409800659
409896856
410225368
410426418
410520219
410564735
410580214
410630366
410642137
410660401
410935881
411025144
411025242
411029404
411143661
411151148
411218995
411347950
411352644
411400778
411429720
411434223
411588576
411766235
411876897
411959931
412086664
412133443
412213354
412252409
412322415
412373535
412392002
412491150
412525421
412624607
412662648
412796018
412927908
412957620
412972020
412976277
413251137
413334202
413342210
413613093
413696448
413857545
413960819
414161619
414285047
414368470
414466264
414493023
414494391
414694940
414744034
414747349
414977136
414994581
415186690
415238633
415282469
415420737
415524226
415552736
415600498
415613879
415805387
415911110
415926074
416231232
416429798
416461286
416563796
416606471
416663326
416689785
416860944
416956689
416990688
417008993
417142659
417153942
417333451
417390371
417459629
417516684
417624824
417632077
417732716
417755825
417904121
417937475
418022060
418177863
418239568
418321477
418405686
418470905
418540691
418794551
418812513
418873262
418874706
418940243
418948990
418970443
419045803
419226666
419229440
419274888
419353096
419385032
419394464
419543873
419649581
419733331
419865560
419868231
419923336
420063825
420364597
420413322
420535886
420546562
420674387
420881842
420887017
420936853
420966638
420971706
420991669
421386900
421411046
421522527
421635203
421743361
421804972
421908162
421915100
421927570
422010895
422151154
422183767
422190185
422234836
422440756
422449767
422578381
422861629
422889541
423021312
423095786
423429760
423449251
423628989
423713206
423910191
424047733
424049971
424086297
424146520
424339240
424385011
424493612
424758125
424807841
424857427
424865110
424943646
424976730
425051160
425152384
425187368
425206665
425320638
425338901
425385692
425391191
425435232
425477353
425573041
425639847
425713477
425832655
425951975
426075853
426096472
426163728
426166835
426204776
426287091
426307613
426316404
426396001
426745636
426747342
426796318
427019556
427129678
427181809
427210826
427276576
427296705
427369817
427414835
427423394
427426160
427652958
427690629
427733722
427751553
427808494
427929624
427970298
428115510
428213549
428276369
428440251
428454145
428491642
428636840
428664891
428794911
428944062
428944300
429032609
429045931
429334888
429337528
429369618
429421630
429574948
429793267
429804792
429846606
429904618
429918341
429945937
430125257
430148892
430273450
430302716
430319211
430423372
430449897
430467021
430519708
430557769
430655167
430658452
430702899
431141994
431225199
431462607
431598111
431793480
431810528
431854591
431872667
431873129
431881549
432089069
432129401
432132265
432166272
432190417
432530737
432690861
432777927
432939481
433152514
433158283
433170025
433382401
433405577
433477290
433527506
433686512
433707040
433754703
433825644
433848129
433970472
433990431
434463421
434604157
434711951
434745313
434826179
434840160
434862798
435078542
435163905
435190658
435198073
435272643
435506151
435552282
435613243
435691528
435695351
435722053
436272342
436297572
436499620
436576685
436584109
436675440
436687552
436763558
436828389
436901444
436923425
437056427
437086436
437100260
437273983
437373089
437376782
437489324
437535709
437574185
437606316
437639872
438204611
438237179
438263686
438269852
438382617
438579969
438768689
439009401
439038489
439145890
439177896
439248569
439283792
439400370
439581611
439607779
439645076
439849985
440208802
440308274
440394143
440474840
440487021
441087052
441432352
441525958
441797761
441818614
441854485
441861884
441928623
441985036
442022465
442061547
442071416
442325050
442566687
442597147
442610442
442923182
442998458
443045560
443331626
443397675
443555327
443588070
443662113
443675930
443710312
443785680
443953102
444019503
444084915
444121410
444224937
444352939
444365954
444366087
444451673
444942132
445090195
445169868
445223919
445372666
445397074
445405940
445424772
445431729
445461286
445583844
445786669
445883060
445943529
446103464
446110421
446181808
446491235
446497494
446606215
446666024
446692679
446729864
446733577
446758970
446793300
446860723
446913320
446980751
446994479
447086975
447451417
447451615
447551209
447735704
447741246
447850318
447897759
447931125
447981529
447995252
448004077
448004487
448011479
448030311
448225922
448226112
448271531
448300633
448360655
448595099
448711835
448910153
448943734
449244073
449251838
449304805
449538493
449539910
449690636
449782657
449796239
449958161
449963656
450012062
450062188
450174806
450282644
450311917
450408671
450478237
450605234
450981856
451013906
451229998
451305966
451507684
451554293
451647000
451816046
451887952
451922649
451947633
452004590
452019458
452209248
452340463
452341055
452673422
452688971
452751286
452906771
452978997
452992528
453067746
453189464
453295337
453557362
453560609
453742201
453852948
454022741
454032190
454116053
454287663
454370503
454393562
454394739
454455985
454457165
454564785
454578403
454615961
454682512
454712944
454924037
455041751
455184140
455216111
455254431
455297736
455401312
455515713
455663556
455724100
455813951
455841658
455898738
456078146
456085280
456087491
456487746
456557853
456581894
456900339
456939616
457029334
457100075
457230808
457517617
457560801
457677264
457688144
457926640
457950617
457992155
458066388
458105645
458127977
458391319
458422236
458622305
458654523
458786001
458801597
458834002
458889650
459228527
459320543
459366671
459433249
459481728
459522155
459769684
459885853
459942084
459993731
460014269
460276799
460308887
460310700
460442316
460615529
460766936
460803563
460942135
461059575
461317195
461344661
461372557
461471226
461616819
461645101
461684931
461787229
461852584
461865527
461939178
462021557
462074501
462142841
462252207
462313610
462374314
462440088
462442477
462738413
462751748
462761046
462802706
462808457
462910269
462910525
462951015
463188262
463295488
463480540
463545869
463576018
463623188
463653176
463744396
463787293
463854535
463861257
463889723
463933571
464065744
464116970
464130177
464138351
464197881
464319250
464376837
464378961
464529459
464749724
464767159
464779119
464822849
464841707
464845323
464918487
465066081
465333397
465382098
465548147
465850905
465852387
465874339
466018588
466142025
466211635
466242830
466356696
466386998
466441782
466458146
466717024
466770756
466789059
466807529
466923754
466965051
467053390
467158868
467166697
467183655
467221128
467295419
467384166
467418596
467420437
467437165
467563202
467576251
467753483
467855641
468015969
468291965
468357714
468463711
468603607
468792408
468880377
468925935
468985380
469111790
469285186
469368894
469385143
469523783
469601238
469625979
469762754
469773543
469778102
469802117
469811481
469868759
469911812
470012820
470067778
470291663
470332433
470385190
470419531
470519728
470661238
470695962
470728037
470742596
470764338
470814828
470834972
471149347
471164597
471206312
471213634
471241166
471359838
471436380
471508502
471510284
471670964
471702061
471777203
471844970
471968144
471973018
471986134
472160212
472250171
472274461
472348027
472348694
472484828
472609433
472921999
472970381
473158612
473262742
473275959
473407188
473422372
473489811
473645226
473700137
473777530
474164022
474197710
474236546
474269731
474351824
474444285
474514378
474651388
474885800
474915966
474927763
475023486
475076671
475090758
475149634
475334373
475425791
475538329
475576360
475636813
475790673
475804643
476014894
476099097
476121279
476168544
476176559
476259446
476374107
476394812
476405503
476505068
476633166
476679070
476697028
476729368
476818619
477062304
477175664
477397385
477438593
477605785
477795027
477803549
477904424
477989955
478056786
478244109
478249347
478311681
478354583
478426570
478449296
478475785
478483488
478539466
478712618
478747455
478799788
478823723
478854677
478875462
478976740
479067244
479274643
479462768
479570200
479588456
479677243
479686203
479848760
479991278
480109339
480111676
480387066
480519239
480538675
480579767
480783423
480895564
480983500
481139981
481229156
481242248
481331420
481340184
481422387
481465248
481624630
481715949
481897451
482068480
482094204
482262776
482319692
482332239
482352084
482490877
482563010
482568256
482588785
482667548
482886694
482983070
482984112
483168119
483179885
483241770
483345368
483569251
483705532
483744542
483835566
484020366
484059513
484093524
484131038
484144791
484247423
484295384
484316711
484477103
484557827
484576058
484658657
484666974
484777625
484784008
484804366
485082102
485103101
485185408
485429138
485511182
485762992
485986533
486222093
486244675
486281207
486347207
486889355
487032405
487220078
487229919
487236803
487245186
487340997
487356462
487430869
487459237
487704540
487784115
487942470
487992542
487997551
488048131
488282720
488460938
488482796
488567360
488710703
488761406
488837587
488928782
488935329
488977438
488980764
489090437
489140467
489310804
489312792
489338474
489415569
489469837
489495742
489656914
489748046
489844810
490168087
490187460
490202382
490364541
490430112
490449954
490565597
490689827
490701086
490811478
490846754
490908004
490937316
491013128
491019354
491125969
491222090
491257812
491312014
491341565
491373141
491460586
491556399
491578264
491634392
491681519
491774353
491788714
491803448
491811620
492089418
492100086
492368125
492504762
492580888
492695829
492900757
492919769
493059803
493292995
493464492
493489909
493620431
493754480
493971696
493979974
494092030
494104334
494290446
494308546
494387887
494415495
494437953
494769330
494811729
494816712
494819067
494892956
495052787
495404164
495424661
495714177
495762113
495827059
495862629
495889211
495936102
496023916
496078834
496093124
496159105
496336994
496421827
496443228
496493647
496548561
496747434
496839160
497264361
497430878
497732013
497787201
497806951
497898180
498114918
498298558
498492023
498607221
498609962
498655449
498675368
498735895
498989370
499123473
499138539
499170642
499298704
499460090
499675424
499777277
499788799
500019102
500301502
500320557
500410551
500549592
500721012
500757670
500880442
500980955
501037350
501045361
501075811
501138508
501141828
501233630
501308630
501480078
501572120
501641660
501705265
501899891
501986678
502109904
502165387
502166279
502321068
502387729
502412697
502435595
502455993
502585931
502695768
502737088
502875743
503062306
503078231
503120212
503180129
503385534
503418649
503444797
503537887
503561550
503601254
503607372
503627683
503731717
503742239
503775221
503792911
503864296
503925581
504016872
504120087
504149406
504172457
504436850
504504589
504689613
504807768
504819804
504838360
504937756
504997058
505041463
505077488
505218985
505367268
505480019
505497491
505575939
505723082
505805417
505955166
506041862
506181370
506337844
506426414
506427614
506440144
506484680
506582394
506777430
506831364
506988955
507028144
507037652
507053650
507061447
507169806
507502405
507594777
507639319
507676540
507738519
507739319
507753435
507858688
507983952
508094270
508342983
508534619
508711469
508762774
508779653
508824869
508826439
508937097
509008661
509189584
509455305
509502356
509890375
510168827
510179040
510234941
510291417
510476740
510528783
510564694
510641884
510750269
510762350
510795111
510842106
510891430
511282973
511346936
511350347
511387004
511420293
511423351
511455917
511546820
511654294
511706194
511800088
512038369
512059647
512216724
512234739
512299487
512359975
512362959
512401114
512522507
512727992
512749209
512754805
512790677
512820267
512881574
512891615
512918349
513096027
513150538
513200358
513206179
513303280
513344942
513511326
513596815
513600300
513743157
513753234
513784399
513833069
513838220
513887691
514098640
514301954
514359004
514390835
514691600
514978370
515031806
515088236
515261686
515348992
515499604
515546402
515689340
515740224
515935967
516012556
516030555
516167160
516262605
516284408
516325554
516441624
516451247
516535000
516632788
516655840
516699562
516714616
516718006
516753765
516781201
516795444
516810725
517122243
517234220
517258254
517298312
517360334
517374134
517374958
517534554
517668331
517682987
517738927
517775385
517832225
517991981
518139987
518328257
518341273
518401996
518424028
518580078
518628082
518696637
518853778
518915422
519016612
519071143
519299014
519367161
519486295
519609353
519887141
520045718
520117266
520204985
520323294
520440209
520462662
520573271
520608284
520746449
520887644
520903877
521160628
521331173
521434967
521658526
521843692
521863561
522107403
522110265
522219519
522255542
522290178
522326691
522388556
522394998
522434321
522498493
522508488
522547072
522574948
522661715
522663788
522764969
522841388
522926275
523122007
523344731
523456869
523603638
523635269
523677769
523900661
523904451
524295893
524365696
524407265
524421015
524423830
524451559
524467036
524482700
524572064
524609857
524704390
524878110
524903611
525032563
525075469
525111367
525153458
525339746
525450707
525599478
525612272
525831322
525858122
525973188
525981606
526133448
526152451
526251455
526349187
526384775
526393680
526464179
526578374
526625432
526829783
527039166
527265418
527305796
527369062
527386661
527425718
527503773
527516412
527542197
527577581
527720524
528111211
528135950
528488568
528581843
528672309
528769746
528831021
528845470
528933802
528948180
528961031
529121237
529152394
529520865
529573840
529884050
530111098
530150569
530181819
530185067
530214102
530288221
530305123
530839483
530844908
530867540
531170197
531360809
531398312
531447497
531506617
531522535
531526518
531577750
531650782
531835135
531915025
532234450
532243046
532275355
532288831
532335779
532455424
532785896
532791290
533296345
533316803
533536737
533568788
533589936
533620768
533625468
533708076
533993840
534093285
534123827
534409568
534435400
534513304
534524337
534524697
534661638
534703185
534785740
534972676
535170410
535199176
535325978
535662925
535716046
536165626
536237674
536331063
536488269
536493763
536563077
536625825
536903306
537026817
537051222
537101387
537269402
537411074
537491683
537562799
537587452
537858746
537898155
537970419
537970560
538049441
538068105
538108693
538259309
538259685
538476976
538541905
538602120
538728685
538777804
538921835
538989428
539265097
539536411
539571414
539658127
539668223
539755350
539856561
539917350
539954019
540112584
540177392
540177862
540397431
540464281
540482673
540543701
540607547
540706335
540717725
540861857
540866100
540968831
541152575
541307788
541471046
541523320
541532228
541569987
541611113
541656838
541664347
541687442
541693592
541727678
541906957
541932854
541954616
542067904
542125114
542162889
542202874
542214424
542222637
542391927
542498346
542531042
542682279
542729870
542783614
542854301
542899177
543020463
543177578
543193893
543271561
543297177
543298657
543358626
543358828
543530025
543591999
543725160
543783429
543818902
543880149
543895150
543965508
544156340
544377656
544462805
544509579
544545690
544571185
544616859
544734245
544819681
544843244
544960802
544983208
545012096
545308131
545355076
545408888
545544078
545586168
545589776
545889195
545932742
545972654
546039292
546063752
546175806
546218445
546223198
546237406
546316477
546570482
546688921
546728082
546795788
547054713
547150994
547226105
547324572
547377377
547464746
547614123
547764006
547793606
547828323
547925832
548171312
548289332
548401170
548472752
548566719
548637518
548698193
548987196
549025658
549095521
549142173
549260142
549551744
549677026
549688123
549721071
549741334
549803505
549834888
549839543
550311296
550319672
550344658
550671556
550784948
550843913
550869901
550927969
551008155
551069572
551099329
551115734
551130831
551140293
551272622
551310776
551342025
551352191
551417664
551484247
551597927
551642095
551701174
551825839
551896926
551960303
552009512
552084433
552116254
552256641
552342712
552404314
552491582
552708236
552716265
552728632
552773108
552805007
552955816
553085191
553150147
553327799
553355350
553474616
553558771
553704437
553788335
553897878
553943225
554013083
554029337
554078537
554342084
554458880
554716203
554717914
554795620
554838675
554878083
554927907
555076983
555135372
555148908
555170786
555420653
555431526
555534711
555641112
555650569
555909909
555972011
556065206
556081741
556166608
556297269
556299204
556368175
556583541
556638047
556858888
556865457
556994865
557054941
557224998
557467629
557468273
557496393
557535036
557555569
557582645
557594121
557764282
557809776
557829395
557995481
558363964
558399959
558520762
558600694
558665072
558681736
558707268
558739973
558779930
558788147
558994673
559008459
559091297
559091720
559208265
559368107
559441966
559513252
559546729
559572075
559698963
559707075
559710000
559780383
560059206
560074685
560094728
560147741
560151716
560228556
560296376
560303192
560401258
560588272
560833717
560891182
560910369
560959945
561021310
561139345
561168112
561216533
561453440
561537107
561776125
561904559
561990565
562045599
562090896
562111787
562114323
562303990
562309310
562366193
562429034
562533002
562587439
562623113
562732178
562766937
562792477
562792561
563129234
563138981
563231842
563340809
563369156
563437335
563539076
563555843
563691956
563741278
563761041
563801716
563801972
563820125
563871227
563887217
563952961
564124034
564227282
564547206
564698095
564709988
564710362
564770803
564907326
564995549
565054401
565188228
565200888
565211844
565379313
565384643
565412864
565863480
565870834
565954072
566045439
566080230
566230348
566231622
566337678
566343330
566347194
566463854
566478941
566554685
566560665
566647461
566672119
566716301
566866155
566921577
566990031
567035000
567176656
567325535
567356117
567414377
567481637
567496411
567579353
567597358
567636851
567758395
567833699
568030887
568044355
568059410
568173576
568176841
568267624
568269150
568297915
568362177
568484712
568541321
568951279
569112518
569148820
569170254
569487967
569505638
569564541
569594303
569604582
569713258
569723098
569821228
569934046
569953919
570082401
570082886
570135917
570184962
570187467
570206666
570361951
570450656
570491355
570512322
570571714
570625745
570657390
570672053
570712416
570754633
570884030
570968384
571065685
571156375
571239128
571428458
571429326
571473308
571634280
571708231
571809986
571856237
571884763
571937359
572065445
572075370
572179443
572214124
572264425
572562486
572639567
572940907
572984480
573114172
573205502
573285105
573441382
573761599
573789614
573831420
574120568
574239976
574270822
574362891
574376525
574457911
574693503
574785108
574816827
574885019
574891192
574894617
574915009
574957839
575026911
575084294
575177115
575238947
575436687
575465212
575625075
575773275
576044916
576120026
576121055
576246824
576257800
576396072
576412355
576437683
576522413
576535440
576560166
576615353
576872739
577075058
577133308
577148054
577217321
577273658
577305482
577339228
577374886
577541431
577678287
577769265
577855293
577915560
577923259
578187748
578239917
578262016
578483730
578640374
578740728
578816079
578878418
578900353
578945308
579074639
579098462
579178498
579407446
579476516
579643847
579711430
579714554
579922129
579998779
580037892
580052689
580074814
580092001
580233646
580298076
580336369
580396284
580404040
580462770
580477515
580538765
580578543
580644726
580668497
580710324
580749871
580774802
580915386
580926633
581122654
581180966
581224573
581547583
581714733
581879269
581993232
582230316
582334549
582432240
582434227
582505430
582685102
582864515
583006196
583152857
583228501
583303657
583333157
583449982
583472693
583476051
583560366
583578912
583633963
583659533
583758306
583786887
584316128
584353725
584432851
584502846
584576183
584639826
584659150
584866386
584867000
584980490
584981633
585041745
585051659
585232261
585239181
585579539
585653487
585776644
585790975
585799071
585865424
585936714
586005758
586068861
586094613
586098996
586135129
586254171
586416138
586425356
586514492
586519953
586649478
586830256
586934359
587075738
587317972
587378103
587399933
587416544
587441844
587464729
587521093
587523965
587690861
587775333
587780163
587984242
588039488
588073539
588372314
588459863
588512589
588527039
588606051
588630141
588768912
588782772
588828200
588977893
589199460
589401588
589417160
589510518
589529687
589534486
589542306
589643246
589920280
589939812
590014796
590064738
590154423
590156642
590338812
590349904
590392605
590393442
590442772
590466420
590494568
590504813
590543269
590678099
590759098
590925846
591003087
591178364
591390386
591473174
591523554
591622508
591838813
591937180
592025000
592318937
592429503
592565350
592637574
592654439
592759501
592925701
592963103
593012654
593095314
593163984
593205988
593451138
593494517
593662269
593670407
593773169
593836214
593865828
594033567
594126083
594133056
594359187
594401324
594444549
594450427
594563918
594607235
594778726
594837576
594916208
594981851
595456737
595471453
595478166
595506536
595543897
595843778
596021417
596064806
596077205
596242287
596499787
596523297
596556786
596765075
596831757
596941756
596947404
597035007
597092211
597122584
597224609
597253501
597287528
597519464
597541171
597675224
597700382
597713210
597727466
597800369
597884372
597945100
598030722
598085241
598188682
598217453
598222537
598288201
598501421
598630741
598773575
598808765
598998714
599145932
599208575
599283393
599311664
599470063
599508353
599719999
599726180
599789775
599806692
600051705
600257108
600638344
600954346
601037591
601055360
601321751
601357579
601517329
601541292
601581858
601647222
601730912
601978435
601990754
602011600
602025520
602133518
602149177
602235725
602285409
602441661
602466173
602573386
602685887
602877009
602932432
602982186
603003142
603118540
603179617
603305419
603309433
603370139
603403665
603439806
603502541
603676359
603703626
603716215
603741650
603745455
603800444
603903036
603918532
604005613
604052703
604087232
604127516
604437951
604526362
604713829
604797503
604797886
605238182
605245132
605264620
605361246
605389189
605399617
605502034
605590310
605612484
605659100
605661658
605701194
605711348
605752341
605786619
605812566
605899445
605922324
605929765
605950661
605961090
606066512
606139096
606152760
606220966
606624676
606796537
606890348
607161283
607164185
607290440
607352078
607597285
607740117
607800981
607947172
607960286
608017907
608112646
608235706
608263997
608361717
608497959
608661037
608715710
608773905
608891520
608927740
608951091
609109742
609125038
609325790
609506917
609585305
609780608
609815039
609834741
609969555
610013534
610044657
610198881
610268439
610424701
610438576
610467737
610699757
610753566
610795899
610985899
611102547
611339529
611366056
611476750
611762517
611799532
611833737
611902183
611945750
612007442
612097646
612115192
612146584
612321344
612466726
612530249
612763503
613028286
613070174
613087578
613091167
613124220
613159331
613202365
613342952
613373786
613607771
613655500
613720375
613881939
613942476
613987175
614037398
614044343
614136904
614202309
614227837
614550060
614620416
614650418
614672128
614757482
614865010
614899339
614899883
614947229
614965307
615064522
615069728
615206924
615215121
615292809
615294408
615312122
615378283
615396805
615581198
615638511
615728302
615796104
615823333
615848327
615932482
615937886
615969440
616081279
616278964
616351708
616542157
616761170
617001445
617002163
617086692
617088030
617145840
617356066
617519096
617768974
617799491
617973608
617973691
618019723
618106587
618136186
618143810
618148572
618148981
618199205
618204899
618214040
618349021
618356491
618417382
618424306
618625003
618638534
618705601
618758014
618931753
619054999
619128930
619132928
619422728
619500313
619527427
619549557
619620945
619863741
619912764
619926063
619941667
619958794
620126518
620190494
620202976
620228841
620508274
620554990
620609284
620951844
620955514
620998479
621053763
621211553
621248108
621280223
621325519
621344834
621400750
621513806
621577537
621644085
622014298
622034640
622174177
622423961
622549733
622749678
622785169
623150996
623290553
623304133
623414533
623448755
623477384
623489533
623516103
623653491
623661256
623692956
623700037
623715744
623770363
623772822
623817238
623856482
623857207
623945065
624021094
624088272
624093552
624137581
624154775
624409480
624469666
624469864
624552118
624603254
624712221
624726151
624756399
624758554
625047644
625082363
625157204
625314310
625401840
625603703
625704474
625968753
626047387
626108349
626211866
626260257
626416880
626721801
626800655
626908023
626973213
626987020
626990268
627135424
627145792
627153507
627255362
627333655
627434092
627493185
627509277
627515576
627515691
627538789
627542642
627551495
627653968
627678224
627699679
627720383
627892884
627935981
627994514
628088015
628096532
628169097
628229312
628649925
628655127
628700947
628989127
629195201
629247579
629289068
629324291
629418418
629501974
629544747
629814554
630010870
630126109
630132826
630182235
630216026
630247489
630347190
630378008
630528810
630659840
630722625
630732725
630933039
630957725
630990616
631075027
631241918
631283802
631285133
631317634
631451003
631464326
631714903
631760501
631879790
632059432
632085869
632106335
632418422
632425451
632565423
632747358
632836288
632933429
632943649
632975518
632979179
633092964
633093141
633218863
633238326
633252725
633261206
633293250
633300416
633415864
633476499
633581898
633658581
633680588
633681133
634165604
634241598
634502196
634578092
634703818
634764098
634963123
635021932
635109431
635428327
635498879
635603998
635649254
636200629
636329187
636549154
636650567
636800211
636800962
637004096
637084431
637131567
637207009
637221432
637235137
637392106
637434350
637478314
637542785
637545602
637700874
637784820
637823075
637857255
637990998
638083668
638118852
638208018
638341770
638378265
638577999
638638135
638670011
638939033
638963837
638980699
639082458
639092753
639134882
639211336
639225677
639361754
639430281
639560372
639578439
639584811
639821919
639914705
639940470
640024065
640046936
640460354
640766452
640898678
640980620
641120060
641180437
641335450
641555425
641567538
641673089
641754188
641754611
641829937
641909940
641920490
642017901
642056706
642069415
642107248
642189244
642272307
642350336
642516668
642557994
642627872
642647916
642688899
642714294
642738779
642816043
642865192
643144931
643281836
643355480
643453855
643471844
643473513
643583549
643659730
643729135
643789861
643825992
643863883
643907858
644123072
644140966
644163696
644438195
644805506
644872342
645175419
645447071
645510381
645630259
645714340
645751319
645910113
645921230
645958289
646020928
646162121
646176661
646213769
646419112
646499103
646593874
646637945
646743343
646796338
646988076
647070866
647132063
647141799
647250964
647303907
647457184
647553954
647574748
647707558
647724610
647849288
647944677
648051461
648078181
648158845
648313091
648378620
648391993
648414198
648585667
648613211
648645675
648803359
648925041
649117795
649125833
649154385
649154673
649245161
649353754
649415125
649422417
649441890
649699256
649908028
649930578
649945269
649984468
650057796
650236186
650271748
650362883
650471624
650491055
650547421
650619089
650770124
650793413
650917633
651050105
651074731
651271293
651277312
651299561
651305789
651334947
651358942
651378441
651387541
651425099
651440461
651523703
651544442
651619076
651747680
651764879
651802745
651814146
651871712
651983200
652008401
652160535
652278988
652337808
652371935
652438659
652465474
652680797
652849102
652859513
652906068
652932509
652992881
653147197
653185042
653224652
653360169
653773031
653788053
653803061
653844958
654061745
654126352
654138606
654183082
654189739
654194417
654221157
654265902
654492167
654524754
654630542
654797852
654837833
654849000
654963543
655066221
655122795
655155684
655180229
655233671
655409546
655513763
655577927
655579231
655672048
655739268
655746810
655768389
656002958
656010586
656012080
656016736
656103621
656232848
656268881
656402884
656503080
656644818
656799091
656823373
656912068
657000649
657031048
657085929
657155741
657326323
657350218
657415563
657442319
657585304
658012115
658061389
658082936
658200003
658310437
658454443
658468680
658679387
658779353
658785898
658884641
658936934
658991358
658996063
659107204
659134477
659373231
659394560
659556922
659581025
659640939
659673182
659692727
659933744
659991451
660048660
660297173
660542754
660772797
660961149
661072216
661106659
661109033
661216508
661346358
661386187
661424989
661591937
661625172
661740783
661834723
662049874
662050878
662185172
662233469
662470373
662480400
662532174
662548386
662717222
662837028
663004410
663074520
663112517
663247734
663287368
663447565
663555714
663584977
663808132
664072654
664077812
664118301
664234807
664302320
664305580
664370174
664403460
664406011
664653434
664775826
664866602
665017293
665110053
665170184
665224711
665246909
665266716
665294897
665404153
665592143
665621273
665711227
665855220
666022799
666071385
666081414
666239411
666264950
666636720
666679417
666682852
666696870
666706480
666706488
666905608
666948105
666986649
667033090
667131057
667205466
667263720
667274281
667290446
667330631
667333901
667604617
667780436
668083281
668117579
668299091
668384932
668412974
668506582
668632735
668643601
668702872
669002497
669107651
669171414
669176529
669229474
669301843
669325712
669336677
669434154
669542470
669706637
669768285
669810006
669846912
669968916
670023791
670075674
670378484
670389773
670563720
670635375
670647364
670650567
670656432
670912397
671082826
671109794
671194109
671267747
671302520
671349521
671397773
671534729
671570639
671871543
671895884
671898659
671959619
672253311
672273310
672289582
672310631
672340438
672357694
672430774
672441602
672450013
672453726
672467073
672477839
672548504
672578804
672614186
672658773
673003037
673023830
673051706
673071169
673425504
673565846
673569848
673584825
673759891
673779813
673827473
673941186
673966542
674343445
674402616
674416720
674457951
674553010
674701004
675013480
675172745
675226799
675398759
675477595
675484178
675551780
675577767
675665645
675714102
675826618
675971051
676301402
676304370
676307851
676356165
676410883
676434019
676447741
676551152
676662798
676727107
676820822
676909116
677024900
677174541
677196225
677211228
677326171
677657240
677772756
677829040
677868005
678008007
678162355
678193215
678378796
678418988
678428994
678444660
678489238
678496642
678529706
678533752
678544252
678605092
678645579
678689682
678825722
678904040
678950423
679009024
679114549
679335934
679367406
679418490
679529025
679567066
679700088
679716595
679769663
679805736
679838877
679936307
680056686
680154972
680159747
680190786
680194178
680203112
680281732
680315590
680501730
680527537
680650942
680684990
680701059
680742298
680831257
681004892
681027420
681143857
681533970
681546257
681610576
681720287
681956641
681964490
682001759
682124607
682182940
682217608
682334132
682579303
682663640
682711388
682743886
682778032
682807551
682855305
682932495
683021943
683079846
683097994
683207665
683285842
683338753
683416242
683467485
683475539
683529176
683718463
683784522
683882656
683883828
683886987
683963235
683985022
683995318
684054352
684081229
684090561
684388797
684489334
684537344
684607448
684646574
684682946
684751329
684856714
684879047
684973493
685021428
685374986
685536332
685598275
685751874
685784729
685816414
685946382
685955403
685975075
686091398
686096856
686131140
686183997
686231649
686505518
686533894
686582942
686782371
686837805
686883563
686989878
687076098
687186398
687340776
687351208
687452304
687618273
687672599
687879042
687905494
687954879
687998126
688023708
688091273
688092147
688102301
688264515
688331781
688435273
688497519
688617871
688681565
688710024
688752200
688808213
688971936
689232401
689332943
689345520
689369862
689423406
689470408
689505691
689711220
689716760
689951589
690184284
690226165
690315619
690444518
690558782
690905328
691419572
691434925
691517447
691539562
691553096
691686016
691944172
691962248
691974945
692056891
692092615
692137985
692243651
692278722
692324219
692467387
692625047
692727753
692801904
692852151
692885773
692887913
692892240
692894586
692918271
693104220
693115675
693146930
693155149
693210196
693322977
693470584
693498543
693570380
693598721
693733038
693764556
693804856
693812228
694009670
694092793
694098504
694176102
694277690
694287874
694288818
694305984
694415105
694489223
694577419
694602506
694631152
694705259
694914730
695446723
695473516
695543878
695711443
695838106
695892691
696205264
696232975
696373936
696568860
696594440
696612024
696795621
696796175
696912924
696937661
697106007
697109457
697279673
697485670
697540335
697544768
697666252
697722579
697785911
697786434
697888440
697979994
698324415
698368913
698388981
698420662
698616621
698781964
698788012
698825539
698902345
698962654
699116646
699442584
699532680
699577566
699618975
699631339
699672792
699774407
699786208
699788715
699821492
699910736
700005498
700156056
700402133
700447727
700494329
700596703
700641048
700666456
700797369
700802451
700862130
700868556
701002577
701009378
701026720
701061098
701072978
701182138
701494237
701533789
701633382
701657370
701750785
701932048
701981534
702003619
702018642
702071883
702216673
702253932
702347737
702467020
702851153
703126473
703193457
703194592
703244429
703267898
703301174
703384950
703460188
703501150
703606706
703693160
703777844
703864798
703952460
704011732
704080318
704086933
704254582
704256492
704273000
704277616
704715604
704809924
704896315
704924629
705095345
705127638
705162790
705337444
705363849
705366940
705875017
706009719
706021324
706067046
706086381
706142659
706275578
706414430
706499533
706503048
706516440
706526691
706605751
706833080
706862916
706996233
707016352
707053472
707079188
707092340
707114110
707128808
707159707
707178378
707368406
707380419
707387461
707525948
707534243
707616025
707840224
707969391
708109607
708179971
708247402
708525402
708611389
708774929
708808057
708988699
709173035
709280584
709353856
709585156
709627307
709806652
709847733
709858717
709946424
709969946
710047649
710051439
710085990
710140166
710211085
710295637
710375390
710407275
710486937
710768024
710840064
711060982
711072410
711184610
711199208
711223959
711277035
711392963
711400993
711500957
711525200
711613733
712026168
712060717
712382922
712451325
712483003
712500487
712598327
712646736
712821059
712977918
713008584
713095506
713116976
713122636
713232220
713278652
713352024
713395681
713494749
713579135
713624450
713641018
713654755
713879522
713940166
713998810
714116988
714124215
714126715
714132710
714248637
714289212
714309921
714370077
714483668
714509489
714571316
714579456
714677449
714768497
714835195
715273803
715490881
715542767
715728338
715799093
715812057
715922196
715976098
716041843
716079365
716199965
716342872
716623601
716681246
716756265
717010861
717074670
717078566
717198232
717232233
717239592
717267678
717599377
717746621
717767087
718046409
718070765
718073601
718217378
718281497
718332177
718367347
718431822
718456147
718461098
718499426
718510268
718565701
718570047
718588735
718597063
718641750
718647556
718650109
718867301
718883328
718903076
718927501
718991953
718994606
719037765
719154946
719258579
719329920
719364756
719598484
719608072
719798751
719971694
719985492
720034480
720203913
720246708
720452216
720816796
720989062
721105885
721201012
721404495
721430842
721481266
721491870
721541902
721753178
721915838
721962646
721986391
722105798
722196132
722216312
722327482
722368197
722404579
722456942
722542794
722752216
722791292
722867442
722899972
722921813
722967119
723128802
723129216
723258330
723338200
723447820
723537671
723787541
724333637
724358510
724425929
724464653
724546369
724861991
725150349
725323830
725511673
725578110
725649895
725678889
725725458
725770818
725848116
726007791
726071942
726176353
726392880
726585935
726680555
726771731
726790463
726859761
726906487
726980099
727035279
727037739
727088510
727370961
727376904
727378894
727582519
727753560
727872927
727876497
727931069
728031113
728136455
728173109
728392724
728394158
728405756
728491802
728836932
728854522
728983044
729233271
729323309
729550913
729577955
729666668
729716541
729952450
730172415
730268159
730274051
730377344
730651317
730678275
730791379
730795871
730818670
730868208
730889340
730941950
730984621
730985703
731159382
731160576
731171584
731308314
731497675
731505142
731638634
731658195
731827639
732041763
732051386
732128225
732352288
732396448
732477522
732754814
732820304
732839858
732885760
732932977
732955790
733003952
733022516
733335088
733373331
733419578
733606703
733670311
733812784
733864401
734428993
734431750
734482666
734573859
734666077
734699163
734709381
734985978
734999344
735477059
735519852
735614933
735658512
735803452
735865890
735958550
735987370
736005098
736110409
736118269
736126853
736188811
736221191
736301279
736311656
736336600
736359113
736370616
736522726
736603095
736766154
736980471
737232522
737354437
737461281
737937612
738062522
738093612
738192590
738269669
738429648
738647776
738662953
738856460
739060532
739080969
739099680
739109387
739148057
739176972
739267470
739410625
739438735
739443533
739481491
739538265
739688576
740051226
740080623
740105980
740153760
740178311
740190953
740195180
740401391
740613553
740771805
740793129
741119845
741208202
741221704
741292077
741345581
741365032
741418808
741450082
741486750
741617729
741781809
741798996
741829779
741948908
742095100
742193251
742197479
742219148
742456026
742493610
742546959
742695711
742721323
742768293
742908122
742950564
743053133
743211058
743216517
743302403
743525174
743534456
743614940
743678682
743687434
743731178
743971578
743973340
744011451
744110211
744386027
744402033
744668211
744786361
744931529
745135223
745362936
745400841
745412441
745441254
745488624
745493046
745504141
745548804
745589041
745612191
745658145
745806109
745825128
745928466
746022807
746104729
746167492
746244645
746429487
746433463
746696978
746758534
746758821
747037775
747181573
747254384
747259214
747286491
747310076
747352328
747518975
747632327
747696804
747821362
748127671
748299766
748386119
748426825
748435095
748515496
748584759
748777973
748778332
748817339
748875374
749129699
749134722
749160481
749269454
749386777
749547178
749648209
749746926
749993522
750223978
750247690
750317174
750591811
750616847
750635000
750675094
750750510
751023750
751291377
751352548
751442385
751597841
751618707
751806151
751815148
751843461
751851200
752040290
752081655
752110860
752128725
752230196
752233586
752391057
752695509
752720251
753084743
753162684
753186712
753246925
753326992
753392701
753454420
753521591
753538341
753626327
753635871
753707390
753725352
753928977
754046115
754117191
754152458
754183069
754222562
754235165
754274717
754401192
754429719
754450963
754592198
754612160
755070504
755080088
755257156
755440655
755562630
755568459
755600575
755699531
755714905
755757770
755798079
755837019
755921917
756082078
756461893
756609735
756619461
756648622
757242422
757303305
757407095
757437145
757626692
757773329
757790878
758050855
758082032
758271994
758357765
758504600
758720622
758749960
758838992
758841376
758926289
758986134
759001569
759021195
759305404
759320556
759355415
759410375
759504071
759633581
759776803
759893485
759993497
760017600
760020163
760286957
760340871
760893823
761252762
761265161
761364302
761456953
761466562
761473981
761638067
761691267
761694511
761880366
761922276
761951879
762105900
762111142
762173366
762257205
762282590
762287892
762314367
762459356
762644316
762751232
762804680
762959596
762966867
762976371
763005843
763018481
763213999
763361471
763532466
763557254
763568832
763659657
763760279
763787460
763834693
763860859
763864374
763878837
763903331
763975563
764013467
764017920
764039104
764061218
764080180
764128607
764266429
764287495
764416951
764421681
764423544
764458194
764472735
764586255
764614671
764618548
765071877
765400954
765469984
765677202
765938684
766064504
766267168
766470100
766508306
766586645
766657426
766661242
766675197
766802543
766850677
766989972
767081523
767122470
767245273
767250663
767313369
767362509
767460023
767559531
767585226
767770722
767845807
767883322
768061074
768093488
768106267
768178451
768190101
768200961
768425131
768647085
768661539
768918219
769057958
769095023
769184255
769241960
769274671
769352670
769476029
769631386
769851098
769880935
769917511
770068933
770083171
770203072
770220022
770464662
770522300
770592075
770667110
770743772
770806684
770845018
770850240
771005774
771690943
771919993
771977304
772116371
772390184
772398486
772640489
772753872
772773468
772814186
772832713
772850974
772856787
772864161
773105822
773117626
773205416
773395253
773596205
773660636
773669333
773722829
773908615
774014382
774154411
774217774
774320333
774343363
774730871
774808699
774838269
774848750
774946196
774987708
774996781
775164642
775228010
775267875
775300758
775378435
775394336
775405470
775408007
775442285
775489222
775838738
775945796
776220752
776382297
776552184
776681984
776707749
776766099
776767214
776773228
776955362
776994636
777098163
777166620
777231621
777296508
777333020
777387931
777429526
777902774
778153237
778161747
778260268
778296705
778331630
778373708
778491858
778798776
778894210
778912284
778945041
779039989
779153258
779202028
779235460
779264753
779448893
779564523
779619860
779621892
779776645
779933777
779996840
780202237
780228245
780274621
780340987
780405787
780634754
780796128
780805837
780849238
781048185
781209219
781225739
781460798
781490201
781624273
781648340
781729052
781778089
781792835
781847831
781852258
782158598
782419770
782476490
782494037
782507962
782717019
782798624
782837665
782964043
783191553
783220013
783222129
783343304
783405812
783443926
783838956
783853861
784053138
784120560
784497030
784562042
784614775
784622873
784650866
784736273
784771669
785119293
785148320
785297629
785914709
786051207
786246607
786266738
786342217
786486481
786559349
786670925
786704952
786706597
786841014
786955608
787042151
787437943
787496958
787499548
787577879
787603783
787645413
787666844
787793441
787849267
787851191
787960584
787967777
788088585
788121810
788207255
788239527
788276289
788498627
788618273
788624701
788677286
788677602
788731094
788805207
788811392
788818215
788855092
788877442
788886792
788913167
789017118
789065853
789089922
789130744
789276923
789303373
789425908
789633445
789684955
789824355
789915724
789921227
790040361
790085436
790126136
790139117
790245024
790365567
790418454
790535788
790560402
790678687
790820509
790934470
791091514
791111969
791211588
791255146
791668942
791682505
791706971
792041841
792058663
792216458
792284174
792416419
792697813
792730253
792770737
792798102
792886002
793128517
793146781
793256026
793268202
793309432
793370571
793507192
793527577
793531527
793696165
793702562
793866002
793913927
793963939
794018422
794077491
794232679
794303976
794500484
794513122
794727934
794776514
795041110
795139492
795140980
795355347
795453769
795621152
795622898
795747549
795963985
795984563
796420533
796599862
796614764
796765321
796838938
796870223
797024656
797144484
797231629
797304351
797340339
797648782
797782520
797806356
797937104
798231193
798279058
798429361
798457910
798503982
798539256
798604434
798648927
798744710
798796942
798951836
799044031
799053648
799092310
799239671
799256969
799399434
799456000
799472128
799501360
799605999
799818905
799828374
799873268
799997892
800068217
800073763
800116420
800131995
800288469
800302324
800367667
800390050
800489198
800732400
801283407
801374311
801380263
801429754
801468885
801557194
801593424
801603298
801704598
801734571
801736724
801814236
801882651
801984062
802011981
802073296
802441859
802624134
802675991
802691689
802710792
802768418
802804910
802890517
802957416
803012282
803163154
803292116
803400311
803452443
803841578
803856019
804480463
804483701
804487491
804589120
804659726
804671914
804682755
804728090
804963160
804987904
805018791
805078568
805251798
805296344
805332348
805334720
805388421
805429112
805612919
805713140
805791865
805836086
805923894
805934697
806092764
806366183
806393982
806444854
806619996
806628900
806719172
806796280
806866625
806872197
806975840
807126749
807208999
807335542
807411635
807478918
807605726
807653357
807681663
807819240
807897408
807983433
808357189
808735681
808903761
808932368
808947390
809086214
809173843
809209194
809242011
809335545
809452719
809506052
809702544
809712722
809745215
809798958
809875866
809985131
810120343
810212338
810220040
810306253
810325669
810335261
810420383
810446670
810555248
810731841
810781069
810790634
810832864
810866498
810897970
810914795
810996227
811026354
811084943
811139790
811168031
811208909
811234390
811403674
811517759
811524980
811542134
811570459
811635180
811674644
811706560
811743786
811806731
812302019
812364436
812406027
812623031
812702479
812724445
812774251
812857906
812910375
813009524
813128200
813375890
813505014
813732848
813781519
813864980
813929270
813960198
814022140
814040045
814060921
814128564
814651098
814677964
814737595
814785879
815106874
815113923
815217531
815308106
815442394
815517663
815655291
815733483
815949465
815983892
816065110
816162274
816316639
816328281
816346906
816496247
816496579
816523142
816601128
816692564
816773899
816869746
816918457
817018475
817055093
817178459
817205866
817360351
817367163
817427753
817627962
817642060
817653849
817792100
817872949
817896191
817990585
818215972
818229127
818239673
818277029
818405982
818475117
818570043
818719741
818833590
818842086
819340484
819462107
819512215
819637429
819652866
819734940
819818782
819865103
819901404
820051131
820152671
820259280
820361187
820676414
820765464
820821298
820824119
820895498
821115770
821138385
821144336
821158558
821239354
821277971
821377248
821397953
821407338
821424250
821453997
821593321
821597406
821746270
821810934
821836244
821941450
822241461
822382548
822607816
822727654
822751565
822807214
822838949
822958169
822988287
823016422
823044657
823063525
823244238
823422048
823507478
823518674
823532373
823712570
823762700
823791549
823830000
823880500
823905743
823998522
824138000
824595868
824637909
824736200
824883999
824919000
825079510
825087122
825113018
825151653
825172534
825173689
825248709
825261772
825280504
825386832
825445815
825822508
825842254
826025746
826422956
826532915
826544373
826553052
826558509
826588041
826646124
826824409
826874615
827060110
827072247
827100045
827192766
827257129
827323666
827541352
827559841
827595685
827882886
827909729
828010995
828081647
828174290
828207699
828361841
828457568
828555849
828822108
828843094
828874694
828897948
828911897
828918128
828940375
829013854
829024495
829037353
829381745
829850944
830065905
830224019
830291505
830312149
830378115
830411777
830431873
830649032
830679362
830717183
831044842
831050313
831114291
831318263
831353674
831410290
831502106
831541727
831581215
831590343
831673552
831890336
831967032
832325198
832649061
832673865
832677492
832694873
832971755
833072855
833078345
833095806
833100259
833136090
833212296
833375424
833522934
833659968
833853778
833953659
834142808
834158047
834288844
834351261
834438072
834519929
834541409
834661000
834793349
834804125
834822931
834823912
835066809
835103902
835121284
835169697
835401712
835443192
835832658
835836804
835941104
836006428
836103043
836331639
836522439
836522903
836658364
836660333
836742483
836785873
836825067
836904861
836955854
837016709
837068001
837094104
837139882
837340759
837359302
837374132
837389318
837414123
837490714
837500982
837655664
837729221
838122216
838162144
838197284
838255705
838272763
838325963
838346314
838352643
838393191
838475977
838603699
838689992
838760950
838766749
838766906
838823676
838894695
839090949
839110144
839154301
839220671
839368758
839400420
839407818
839607972
839663458
839697059
839702366
839811605
839835439
839935646
840022057
840091311
840132866
840256200
840517770
840523556
840600686
840873136
840910494
840954763
840992033
841191612
841352374
841567163
841649035
841684516
841711690
841742048
842021749
842036941
842125165
842194372
842484268
842547370
842597486
842689246
842771361
842829179
842887399
843080299
843174228
843366302
843386764
843507749
843531193
843544135
843544591
843580790
843870384
844077199
844150305
844325962
844376659
844401686
844768645
845141388
845186968
845276497
845376559
845380740
845507235
845597209
845870192
845881654
845961546
846012834
846137445
846193407
846284476
846494615
846536522
846587848
846627564
846645509
846763149
846767531
847014251
847094165
847166266
847371556
847384548
847402115
847446678
847473355
847473907
847508360
847567833
847689530
847729984
847809682
847830286
847960716
847978349
847983854
847994095
848008633
848066877
848168100
848243154
848382139
848393575
848598011
848658938
848735800
848761691
848815171
848821232
848826149
848855183
849110935
849512252
849526600
849553859
849707191
849751626
850049989
850053766
850081716
850093296
850163695
850386072
850412267
850830929
850848852
850879113
850935942
851023301
851050178
851050346
851250643
851368257
851385635
851417953
851458295
851525259
851587196
851643992
852056300
852077278
852095555
852097045
852117255
852137295
852227158
852339987
852643039
852837776
852862306
852894197
853003564
853040754
853306919
853485623
853548568
853943049
854089608
854176265
854406211
854498191
854674896
854719577
854726450
854737688
854773214
854855612
854907183
854945732
854990811
855017750
855061694
855092383
855546975
855549393
855565892
855723210
855827829
855836210
855843133
856001254
856041186
856079607
856419191
856474314
856535479
856598953
856643860
856659530
856896744
856896841
856941601
857176906
857231278
857236185
857276796
857293011
857301218
857365774
857421590
857457729
857458467
857472141
857508707
857513457
857942449
858009712
858081975
858089915
858145234
858327015
858568080
858585345
858588460
858600726
858618045
858627841
858832354
858926764
859041631
859091950
859247539
859267596
859382897
859485101
859517390
859589668
859745288
859756078
859777705
859814199
859953560
860058267
860096932
860167077
860170134
860260506
860286994
860496974
860634685
861002653
861099481
861388876
861403864
861438707
861561749
861572636
861682246
861723772
862078532
862094291
862216108
862283793
862376481
862393115
862579148
862873008
862890695
863116352
863202432
863219821
863267281
863485220
863545598
863576701
863670821
863818710
864023472
864065631
864117902
864435661
864441340
864501417
864641813
864666521
864769451
865204014
865234849
865423583
865624231
866185929
866284538
866328309
866408404
866505958
866761346
866797441
866953323
867090304
867233502
867332162
867444579
867554514
867748594
867895043
868019889
868449995
868635341
868705068
868722678
868768549
869082516
869249955
869277039
869389009
869409093
869686477
869749240
869752344
870040707
870243399
870249083
870350162
870619552
870796603
870836459
870952934
870990423
871048463
871110712
871476549
871498510
871521136
871569873
871588782
871692607
871761162
871827907
871836030
871877964
871934753
872087974
872166181
872200752
872224233
872393797
872411252
872594702
872753839
872758714
872832074
872868300
872985416
873065028
873115102
873292837
873294686
873549856
873655090
873797671
873819130
873886017
873907538
873921073
874002671
874272722
874372797
874459992
874464650
874496299
874537878
874713577
874731136
874772462
874847403
874870169
875212560
875326116
875565225
875568920
875706089
875799800
875958585
875970594
876104728
876168516
876229397
876248247
876324775
876443921
876491021
876561884
876790603
876791020
876914478
876938362
876975376
876999583
877116238
877228979
877279357
877303833
877377829
877395108
877419284
877427031
877452588
877524741
877561373
877677845
877728624
877949591
878020178
878031471
878126833
878131892
878143547
878184890
878246416
878256305
878342302
878380400
878667542
879097399
879108636
879113780
879186406
879364717
879497721
879651077
879709448
879950247
880018971
880243603
880455213
880465138
880484294
880487275
880498510
880507830
880624039
880741768
880752154
880786337
880820146
880874751
880883935
880929818
881037607
881073525
881091825
881219569
881222690
881368812
881528245
881546803
881734897
881766105
881815670
881836767
881889930
881937892
882138168
882145548
882291364
882373331
882528796
882604864
882629202
882668719
882747816
882919623
883028849
883258336
883349792
883429991
883485203
883531091
883955074
884035448
884088019
884228414
884394237
884583096
884656619
884754341
885035057
885067859
885275701
885276233
885317658
885346729
885437257
885523860
885565315
885604302
885630554
885642894
885651451
885683719
885691473
885803592
885849773
885880011
886014508
886093746
886129230
886153340
886235496
886267139
886303158
886331070
886473684
886485907
886579185
886755002
886834732
886845301
886907749
886956419
886960344
887065246
887211126
887301571
887580613
887745027
887862170
887905144
887942717
888005502
888038158
888071226
888108987
888196528
888229106
888623027
888715743
888883189
888911395
888934449
889080179
889095613
889259904
889579572
889671961
889706662
889730200
889762305
889891018
890053126
890184657
890310166
890478673
890594409
890607874
890720758
890737262
890739818
890795712
891005683
891076518
891301047
891398814
891497179
891723107
891766272
891766735
891781958
891881563
892061838
892188087
892232858
892251421
892253540
892255371
892364304
892537149
892585005
892669805
892947233
893038175
893040076
893232648
893275557
893347080
893460922
893518525
893628817
893905252
894062348
894117878
894212812
894311645
894465562
894484686
894504901
894521482
894870803
894979939
895067162
895073964
895119534
895178175
895246915
895318843
895379720
895499663
895557332
895674748
895857549
895902223
896065785
896282513
896391041
896821668
896882036
896884011
897026898
897144202
897257279
897300037
897320727
897325260
897535703
897678085
897743599
897771632
897778603
897973087
898263948
898281990
898310854
898435057
898573091
898748452
898756442
898779992
898819511
898982675
899475814
899559320
899566791
899617540
899669893
899672109
899918031
899925051
