96367
246424
372363
543827
573416
864926
900350
958351
976645
1055303
1132119
1163521
1169089
1269743
1331407
1388551
1481936
1513565
1532026
1558369
1669152
1737783
1790190
1856994
1869221
2074208
2098145
2141752
2269723
2277302
2485593
2669341
2765584
2960835
2963610
3031630
3039734
3207482
3229096
3240254
3305276
3361570
3387308
3425107
3547398
3843324
3866377
3897183
3948250
3974243
3984879
4058223
4108351
4134460
4183954
4275198
4375330
4505176
4507098
4512119
4648114
4745622
4796774
4887923
4929085
4989624
5059316
5068542
5296602
5310012
5426861
5503986
5593061
5756302
5775082
5855716
5937973
5973138
5975583
5978584
6030163
6097482
6224798
6251908
6416912
6593354
6808842
6940067
7014746
7128470
7151573
7167389
7331377
7402454
7438368
7658213
7875857
8003838
8145509
8163330
8256304
8334883
8342578
8383468
8407120
8495239
8509233
8550005
8626041
8716545
8809306
8818681
9007508
9026931
9044067
9094946
9172973
9205833
9338631
9343317
9383447
9402416
9500702
9505348
9552691
9659536
9719067
9923462
9939971
10021017
10044172
10221307
10370940
10507788
10623287
10635449
10722538
10739139
10762973
10822611
10854768
10868909
10921384
10980315
11011568
11020491
11171632
11350350
11401440
11544624
11565181
11690032
11707990
11855196
12051166
12229620
12316540
12559617
12597705
12620179
12751696
12764949
12920159
13036439
13166715
13219459
13308655
13461920
13480741
13590070
13695100
13709174
13769268
13809880
13933497
13997015
14016905
14087770
14211681
14214226
14273520
14319761
14440654
14487210
14503664
14540674
14640121
14641598
14972027
14977615
14984020
15087410
15160093
15203148
15288652
15393841
15442864
15458172
15499299
15545759
15557168
15632353
15671021
15812231
15886436
15907974
15967324
15969733
16108447
16152100
16190310
16248510
16292509
16295416
16413719
16595597
16651613
16716425
16981449
16995572
17004777
17054948
17231494
17254111
17293383
17335885
17610624
17660354
17743869
17813716
17952005
17988827
18188996
18213215
18226566
18240118
18471292
18513478
18536050
18563352
18596480
18734611
18734980
18786326
19010548
19109849
19201938
19292165
19317816
19532507
19547585
19562733
19602089
19662861
19788565
19939105
20055222
20110074
20151914
20230329
20263495
20316323
20374197
20605217
20619175
20640141
20671253
20679305
20789240
20995815
21045776
21079662
21422104
21545529
21560908
21564646
21759606
21979672
22101055
22164063
22465295
22512493
22615367
22723590
22928368
22967106
23001257
23066049
23194457
23336166
23443556
23515587
23535085
23559524
23569065
23646154
23676371
23871233
24306446
24441512
24618889
24931888
24944143
24952345
25052648
25101637
25123574
25369983
25385366
25524887
25628617
25686744
25699667
25708995
25732519
25906327
25939477
25994215
25996124
26049092
26124604
26127900
26182714
26201411
26202724
26285911
26305303
26532137
26758621
26763687
26849915
26872270
26950127
26954905
27064669
27280617
27410369
27412699
27522945
27526600
27535973
27579945
27591125
27650648
27839440
27963185
28258706
28272078
28304370
28446891
28461382
28466550
28541362
28707075
28715188
28741431
28896626
29007616
29078529
29143183
29200490
29385725
29399072
29473939
29511372
29669124
29762696
29817911
29892990
29998455
30008848
30012581
30162491
30229030
30304057
30334980
30349379
30475885
30478331
30622787
30825992
30994605
31426547
31554648
31561534
31584620
31637720
31873834
31911252
32353235
32412598
32476986
32501446
32700384
32892604
32949257
32995015
33016566
33026581
33051456
33094018
33212494
33300682
33354861
33363482
33404222
33624272
33669234
34044745
34143081
34367033
34480576
34519924
34547323
34557843
34632265
34784688
34833660
34892178
35010978
35018566
35045230
35053339
35243487
35327321
35385656
35491390
35554504
35592178
35604267
35706623
35714435
35754488
35845150
35853645
36027233
36080575
36099200
36134371
36193582
36301733
36407815
36419908
36579785
36758586
36785267
36832289
36875194
37319978
37467553
37491806
37531305
37608537
37719884
37762997
37771904
37783616
37957506
38170670
38323276
38516738
38532036
38545231
38618020
38708332
38709181
38724054
39261193
39322942
39332259
39354614
39398025
39421782
39644613
39759812
40050205
40085313
40111082
40122341
40249176
40543880
40613490
40747584
40801295
40842972
40902933
41104941
41186555
41275827
41288141
41323407
41372966
41455897
41702743
41771374
41894624
42038790
42148790
42312954
42398845
42457073
42526559
42539862
42555253
42720531
42935802
43166273
43476720
43583136
43592403
43600710
43787193
43882392
43895319
44025964
44110680
44163567
44330627
44392228
44420306
44670602
44783007
44902771
44930368
44998037
45375797
45411638
45577980
45625945
45639795
45707419
45804559
46117622
46278287
46289876
46445086
46459099
46463065
46466558
46722787
46765036
46815397
46866084
46971431
47140792
47284546
47302413
47383399
47465496
47551729
47574060
47589403
47827215
48126214
48164788
48392627
48442955
48535406
48584710
48608103
48724161
48756649
48884279
48997913
49001294
49044862
49166306
49280282
49416503
49558360
49664335
49917425
50020228
50183655
50191321
50198890
50287234
50306567
50329567
50349994
50439863
50515114
50568598
50670819
50876396
50881814
50906224
50955936
50989814
51089956
51315602
51441032
51455642
51523630
51589449
51649829
51769101
51792456
51795433
52092034
52208597
52323226
52354524
52419160
52426891
52427270
52508451
52631094
52751210
52778473
52812906
52907222
52973148
52995170
53180835
53187795
53231480
53339312
53355203
53380264
53382613
53398289
53502457
53599293
53614128
53629756
53650602
53706692
53717629
53797201
53823079
53842501
54009189
54023556
54037740
54098380
54345405
54365537
54377787
54478731
54478997
54631596
54953051
55111856
55145836
55178731
55266504
55281683
55386538
55474750
55479674
55638990
55787072
55973133
56013102
56110406
56193480
56196522
56298200
56318265
56340612
56401426
56460289
56465350
56570265
56946888
57031193
57232665
57451302
57499204
57504602
57577374
57608159
57685717
57715032
57720679
57724500
57750362
57779181
57799725
57800570
57878927
57892715
57989602
58176223
58181439
58187455
58789266
58881087
58887507
58990422
59019194
59178179
59220892
59399002
59501336
59658527
59779111
59805358
59814640
59845091
59875124
60187155
60342474
60398108
60488116
60585669
60618462
60789151
60828144
60919534
61022517
61352523
61510402
61572696
61602183
61630616
61678785
61731160
61873139
61989140
62172100
62311143
62331135
62362535
62424616
62492547
62508138
62735920
62808871
62861071
62886903
62965430
63057571
63128675
63374399
63403980
63527425
63722166
63745898
63884040
63917350
63985682
64033816
64067113
64141341
64523365
64544670
64578906
64579759
64606406
64640474
64828450
64906315
65004154
65090396
65145019
65159769
65509643
65568796
65763577
66061031
66102456
66135409
66391203
66434662
66549516
66699208
66761340
66893018
66899946
66915606
66973202
67059135
67269744
67308515
67323203
67368339
67589650
67627120
67707353
67854581
67901761
68058233
68066828
68179472
68201599
68228480
68266821
68420005
68496825
68504918
68546222
68640789
68666566
68899671
68980717
69112512
69245232
69499492
69521844
69706687
69849565
69901441
69932790
70123275
70129927
70214024
70292627
70298453
70393018
70549763
70565725
70767186
70970608
71006523
71021710
71118684
71215362
71368308
71403589
71405672
71455271
71520011
71561030
71709607
71864451
71873494
71900828
72007529
72239753
72292065
72350732
72376257
72452844
72591311
72599396
72723008
72787257
72930050
73095626
73105346
73180533
73195310
73389452
73774043
73779028
73787927
73789258
73901715
73983551
74071148
74287567
74294514
74654857
74679473
74729397
74787191
74814794
74898262
74951801
74986760
75045500
75051522
75061309
75095540
75343762
75367888
75488647
75622835
75642828
75645992
75689006
75750958
75804026
76016591
76168683
76170940
76289527
76424351
76455085
76739461
76752018
76963439
77014333
77027032
77097896
77147339
77321398
77845760
77947150
78130611
78145408
78150306
78164545
78172083
78340152
78383766
78450308
78476660
78698609
78712774
78823445
78916722
78946105
79016154
79074981
79130130
79183162
79311907
79370792
79401341
79434815
79454033
79502417
79523381
79530733
79549624
79706484
79841681
79846798
80090159
80106014
80401303
80422060
80610774
80683345
80720392
80750412
80802070
80913351
80930964
80946735
80991624
81125656
81126557
81447195
81954793
82087855
82140294
82164839
82190438
82208348
82219359
82222422
82319335
82444120
82526840
82559275
82622283
82624981
82686080
82716142
82743835
82778337
83132947
83213279
83248086
83290995
83469085
83511754
83545998
83712599
83762859
83947158
83954576
84030755
84110551
84265622
84553418
84799008
84808959
84916215
84943595
84951198
85186167
85287518
85490380
85612722
85667448
85708106
85786931
86067158
86109145
86123962
86133990
86291398
86556420
86602065
86623943
86717177
86726847
86734061
86903574
87080564
87104720
87143185
87312175
87464657
87495888
87500978
87538550
87552663
87641562
87676347
87813595
87918419
87927855
88041287
88099098
88160915
88420484
88475998
88523699
88574697
88645930
88676712
88850108
88905089
88907815
88946443
88972586
88986344
89027452
89038873
89064880
89065952
89108491
89354502
89378755
89432885
89485373
89539039
89587287
89654334
89864927
89966989
89985687
90109704
90125765
90218085
90409742
90507077
90517804
90608797
90665627
90720258
90829661
91126672
91225802
91310119
91375589
91408674
91446870
91452110
91498605
91843956
91876204
91910892
91952922
92051175
92091474
92199911
92361006
92411472
92425925
92475275
92495676
92551602
92553188
92759470
92866895
92923077
93047890
93062085
93137858
93245872
93259274
93269787
93478897
93693130
93839848
93952316
93967248
94029574
94225362
94231406
94295629
94343792
94540101
94544263
94640755
94843915
94950496
95012021
95032665
95069153
95146345
95164465
95225180
95285652
95307090
95309179
95373201
95418624
95516233
95650033
95688171
95855779
95883817
95901082
96060076
96063790
96068542
96097862
96148321
96200953
96337785
96408263
96414326
96458070
96720305
96968324
97042177
97045643
97122995
97234334
97416800
97464605
97690583
97699182
97710773
97712557
97849034
97926369
98088970
98113320
98165826
98187722
98428435
98434534
98451295
98815903
98992363
99068270
99099040
99158355
99292836
99316448
99565671
99608915
99624020
99692163
99746691
99754513
99777063
99913670
100012611
100064933
100142229
100145406
100177174
100304009
100307444
100487248
100488913
100711155
100968217
100971925
100987779
101051713
101058202
101181739
101203579
101205570
101214247
101231212
101236657
101242624
101372498
101514637
101559195
101588171
101708597
101726002
101758114
101921422
101963480
102288336
102296850
102438528
102459502
102641472
102834376
102990670
103034826
103036325
103321532
103394136
103502677
103629208
103728662
103773814
103816360
103927374
103943267
103993152
104022504
104038657
104130577
104197335
104228729
104271564
104314715
104499789
104525077
104587185
104589736
104715782
104726700
104830634
104847739
104863444
105059595
105059843
105162418
105200130
105204565
105214180
105261709
105320053
105326476
105344479
105415919
105423607
105468346
105488658
105544026
105590629
105695258
105774727
105797261
106043363
106044573
106045614
106087407
106122182
106146853
106147740
106196194
106323688
106485842
106603134
106691249
106730124
106874058
106883120
106932381
107065786
107161322
107197446
107373812
107422575
107442058
107469277
107627964
107666462
107673824
107809697
107824593
107869169
107918744
108107614
108128504
108132591
108162122
108236284
108464679
108519741
108624723
108683579
108771289
108786107
108796378
108798429
108833290
108845699
108860776
108956494
108995801
109058178
109179806
109197617
109210351
109225528
109262796
109304297
109313316
109313482
109470178
109477981
109623479
109799434
109843267
110116353
110330326
110380609
110443827
110448131
110561286
110636625
110765748
110842098
110986521
111136903
111297304
111343465
111734419
111842268
112027337
112113003
112347562
112365830
112412476
112423932
112443271
112529296
112556120
112606216
112622747
112685728
112766765
112789646
112913928
113004788
113260323
113266606
113329002
113484847
113527062
113680461
113717213
113812272
113862459
113862845
113897559
113935914
113947965
114135835
114272983
114273238
114348771
114412594
114671830
115017470
115046440
115053870
115189593
115234891
115282111
115543806
115619087
115952250
116006864
116052239
116069888
116274790
116333648
116452503
116523916
116556622
116557616
116567237
116748772
116877069
116909291
116921547
117012283
117055513
117193521
117260828
117348410
117469404
117498104
117505616
117642742
117644329
117704306
117807098
117871095
117949651
118077934
118252362
118258731
118262106
118285927
118412308
118455997
118490174
118512703
118581495
118761296
118789745
118980798
119281607
119331543
119487487
119493923
119540699
119593834
119630991
119723395
119726764
119827514
119917769
120032870
120033003
120099343
120527958
120662107
120754953
120770110
120864305
120946113
120985628
121059956
121255362
121373229
121529239
121549261
121583850
121654875
121735566
121788657
121900729
122006066
122112907
122178695
122326694
122488630
122562355
122627859
122727425
122743542
122893819
122982510
123108042
123125890
123176797
123351238
123442064
123567975
123699551
123727415
123783521
123990518
124049926
124060225
124078549
124306148
124476456
124509286
124562792
124587917
124627508
124704916
124753765
125013669
125075382
125137339
125165433
125248146
125249248
125316685
125410597
125634549
125788493
125799365
125895222
125902244
125956785
125961563
125984699
126150970
126631036
127008937
127105535
127198625
127247675
127317663
127391762
127544739
127581650
127592747
127648701
127724685
127771049
127818151
127850801
127867262
128138953
128306852
128344351
128481839
128542632
128771051
128778173
128915463
128915853
129084089
129109533
129246286
129361914
129416570
129417261
129467448
129603559
129648469
129670021
129742991
129752038
129945376
129962807
129972818
130038679
130180413
130278626
130568084
130648774
130722616
130853999
130858004
130889759
131021237
131028915
131056916
131061420
131201913
131387225
131459963
131546602
131683712
131812485
131857480
131921731
132035392
132097382
132116438
132144430
132260510
132524231
132531365
132561092
132639367
132716950
132752378
132766689
132822978
132916513
133024585
133067533
133256629
133383576
133438624
133510438
133511526
133826114
133868882
133886130
133973254
133997036
134104207
134181153
134235109
134254949
134289809
134314703
134319297
134660827
134676446
134764715
134818979
134851137
134882722
134886151
134974042
135068543
135069168
135222299
135472325
135562550
135564963
135702103
135766044
135768382
136044480
136078648
136138295
136201592
136289274
136291765
136431640
136650203
136670930
136692343
136758983
136809514
136924023
137036424
137073138
137186601
137319577
137422323
137456532
137624403
137932674
137936005
138092247
138112013
138136528
138217317
138306704
138630337
138637469
138674629
138778436
138781469
138923608
139017608
139113655
139175645
139249812
139293408
139325562
139330160
139457711
139595649
139785451
139891944
139962765
140064657
140231858
140417782
140417900
140430387
140480198
140504622
140535108
140692419
140786161
140859921
140919722
140973838
141260342
141315391
141351008
141423043
141726018
141751693
141860106
141959903
142276006
142395835
142417915
142552651
142652209
142701184
142745127
143020616
143061077
143069954
143105726
143180373
143201144
143227026
143380738
143412101
143565380
143615010
143639630
143695157
143815546
143893279
143930784
143956942
144076847
144137190
144200172
144266250
144414551
144799419
144863295
144890811
144895053
145045480
145144145
145218690
145547478
145556823
145561739
145840943
145844484
145850266
145902525
145910821
145920525
145946212
145983881
146076190
146141228
146170375
146217108
146261091
146282548
146323566
146468480
146529708
146619484
146689445
146842951
146967548
147086989
147089145
147182252
147213401
147241736
147287527
147392124
147467689
147616336
147744209
147878650
147906806
148136796
148177089
148196323
148566932
148634107
148674193
148691225
148897092
148979693
148979930
148997739
149309697
149345894
149373854
149493044
149607360
149616041
149731426
149738194
149746326
149954515
149991261
149991276
150048320
150175437
150181867
150224220
150242743
150406303
150414481
150561793
150714736
150720913
150855783
150867956
150869248
150971920
151192081
151199801
151281366
151331913
151548878
151725174
151732560
151757768
151860007
151923967
152031358
152043275
152138139
152193972
152270011
152273573
152277779
152347161
152415199
152742498
152764285
152781082
152877789
152958651
152964388
153123992
153228815
153326376
153344973
153448380
153492292
153503324
153549852
153641515
153928395
153991841
154325156
154366078
154420496
154460896
154647792
154684548
154697506
154748480
154826694
154851373
154954907
155006042
155031307
155102703
155139318
155166585
155228296
155327116
155388501
155400261
155410047
155440423
155482328
155789447
155852814
156003429
156019022
156083584
156324731
156369996
156404365
156469967
156690439
156917333
156957372
157215816
157222330
157443514
157515795
157723361
157887983
157908911
157949231
158135189
158260706
158280664
158401040
158476873
158522573
158580459
158592873
158600520
158601817
158647733
158793436
158854106
158866907
158963381
159018999
159021186
159103692
159133857
159266616
159283968
159345557
159409838
159428796
159628368
159704372
159752498
160027729
160142493
160144206
160182983
160224261
160272282
160405288
160444814
160458672
160621826
160640818
160715596
160751472
160885207
160915623
161033871
161081448
161092619
161108184
161131389
161213199
161230945
161243257
161299326
161444094
161704928
161826123
162037782
162378459
162444498
162504779
162548113
162641159
162731727
162797617
162915148
162917550
162972309
163017413
163192125
163244921
163328039
163349687
163358530
163462337
163603942
163658211
163878210
163880937
163902614
163945948
163964815
164045535
164133291
164212094
164213484
164253217
164536458
164693098
164787962
164797468
164978824
165509553
165519049
165580782
165699473
165700616
165942692
165976782
166406461
166419284
166511256
166537846
166563210
166566621
166584647
166588067
166631991
166674112
166730550
166784254
166884662
166890121
166890490
166915422
166918351
167009568
167229283
167292529
167660690
167800725
168020116
168026981
168052686
168149085
168158157
168536284
168559099
168593714
168633929
168852024
168990844
169106564
169177206
169225189
169290355
169340720
169411419
169488582
169579592
169614877
169676407
169685624
169729841
169796083
169853807
169933076
169934004
169957807
170120589
170325829
170427453
170479506
170495063
170592710
171139734
171160955
171264530
171628385
171669117
171992014
172015020
172204079
172337526
172351568
172542685
172566922
172765695
172925910
172976633
173298225
173336855
173395664
173401697
173438325
173445512
173523904
173667763
173725968
173856403
174029483
174074602
174254223
174259289
174569140
174716901
174777642
174818705
174822121
174948178
175030391
175079903
175209300
175431967
175478304
175620637
175760234
175785926
176156156
176158123
176199354
176336908
176449202
176533226
176996328
177048320
177062879
177065895
177234370
177400120
177529261
177838541
177933929
177961721
178009443
178050884
178139551
178236891
178364197
178458645
178496748
178510561
178614242
178721019
178738270
178774050
178796098
178852627
178961004
179043420
179072388
179085203
179097391
179137683
179171549
179301443
179475050
179791223
179820922
179891469
180006401
180062508
180125295
180206048
180248075
180596828
180624948
180668517
180678334
180724969
181008857
181071801
181191750
181251808
181257994
181273262
181273452
181311822
181355854
181486395
181502867
181749476
181803977
181806636
181808504
181964331
182139448
182167345
182219248
182363129
182386357
182458630
182526573
182536828
182664294
182789458
182854355
182889214
182907818
183128571
183143311
183189026
183234761
183277822
183324210
183488092
183574737
183736805
183752640
183768642
183782858
183821802
183925778
183996921
184013266
184047911
184191356
184308014
184362716
184689092
184718344
184829574
184907934
184996050
185036539
185052815
185080073
185240492
185350696
185361218
185509180
185614761
185616122
185641206
185688220
185702877
185799665
185811916
185817826
185874651
185914577
185949092
186148744
186336512
186461094
186651622
186792658
186823940
186985210
187261118
187324849
187357922
187457316
187472741
187541073
187557566
187756377
187854007
188220200
188443630
188796868
188978825
189051087
189056406
189126861
189130008
189143591
189317524
189336862
189389552
189520535
189617017
189680001
189687163
189717606
189747974
189794857
189984109
189998008
190162943
190341419
190393309
190446123
190604366
190708412
191045186
191143069
191188532
191242022
191498083
191618135
191823834
192055560
192485616
192735682
192784502
193110559
193271479
193405857
193469157
193576510
193579464
193601761
193606019
193682575
193847542
193977223
194053799
194134293
194136850
194221344
194241812
194251938
194572748
194665328
194679563
194690887
194888651
194960657
195067458
195225989
195300468
195346462
195361694
195529116
195556854
195617400
195736771
195777677
196128376
196152382
196203218
196262614
196475142
196507373
196624603
197238662
197291007
197705444
197810504
197873635
198064651
198191500
198422384
198426311
198572957
198588835
198593212
198647197
198830433
198866410
198893751
199440880
199506474
199558701
199622314
199666371
199782072
199909606
199934223
200043937
200075847
200083163
200207782
200385667
200430755
200490050
200571199
200716435
200886848
201005834
201243172
201302918
201369428
201859610
202008240
202055734
202125821
202198145
202272111
202279685
202282208
202345801
202478856
202662702
202714461
202759234
202768350
202948364
202971817
203113724
203177169
203177348
203227055
203315330
203380212
203699891
203712375
203776568
203786256
204035500
204267441
204354414
204398498
204516346
204707110
204734755
204735328
204795208
204808235
204972427
205132611
205227626
205415821
205579104
205631453
205665069
205763884
205784328
205785233
205791956
205949460
205981626
206166901
206251514
206304164
206351201
206473390
206767868
206843088
206862717
207104848
207122336
207228678
207497845
207707897
207803571
207858969
208004162
208033964
208059493
208135622
208146626
208302751
208320779
208357364
208718148
208798577
208952319
209074981
209229663
209254278
209335160
209450701
209498950
209569624
209587101
209623924
209648821
209720495
209751993
209772399
209857382
209880684
209944273
209953448
210159236
210222945
210291006
210539210
210759671
210875879
211065908
211091001
211186941
211201673
211254235
211317864
211384591
211565848
211600092
211622295
211632442
211762526
211810974
211842148
211941307
212017526
212095818
212106986
212144143
212241552
212269228
212324035
212378309
212393033
212476524
212488746
212517914
212578937
212631876
212634167
212679544
212692353
212754932
212876233
212889875
212985122
213036603
213093781
213136532
213220970
213257074
213277819
213943291
213993443
213996574
214141702
214255871
214326511
214379746
214566891
214597907
214907291
215001746
215011487
215056665
215145514
215200208
215541831
215553162
215862678
215868845
215883048
215932170
215972583
216046662
216227710
216390708
216456433
216692297
216736932
216943715
216948932
217344900
217396948
217489838
217558367
217638228
217688535
217738437
217820028
218027279
218032118
218253291
218333293
218615727
218655081
218674567
218710904
218716875
218768225
218856307
218973751
219095659
219489105
219578276
219633045
219789927
219810738
219934950
219986900
220075767
220131264
220236392
220270927
220280603
220280678
220294523
220345473
220352575
220404881
220407667
220505713
220574529
220692359
220858733
220889206
220948952
221056251
221136751
221142263
221244876
221313825
221430776
221480842
221497191
221572023
221580839
221621007
221623246
221797578
221849247
221963996
222037633
222156100
222226395
222250064
222453479
222876925
222894466
223210043
223359611
223595173
223632688
223644339
223818432
223844739
223871667
224095126
224149672
224187197
224228563
224317166
224351600
224423813
224465153
224525450
224571730
224828135
224958725
225001932
225044679
225181664
225596343
225669381
225770425
225878289
225911362
225914933
225992179
226136145
226243439
226275061
226289958
226316455
226334089
226414581
226790652
226809142
226837619
226868009
226889434
226982201
226999965
227309953
227313071
227410572
227507129
227623348
227728078
227748910
228087558
228107893
228193653
228259711
228440612
228719959
228822404
228952547
228975405
229013709
229033913
229329879
229515776
229560244
229590520
229680078
229682661
230116106
230449485
230551073
230569841
230710666
230729035
230766752
230848583
230852172
230913933
230936686
230941907
231143820
231397491
231730081
231769352
231882011
231965744
232023932
232076970
232346162
232392733
232442052
232499250
232608929
232661694
232785689
232833535
232845023
232929386
232930161
232988445
233100999
233324311
233357270
233760815
233816617
233862165
234344574
234415813
234440006
234550714
234609766
234648762
234739468
234767655
234821492
234907979
234914184
234998845
235252093
235425259
235493954
235670073
235703584
235716245
235816721
235891826
236308482
236375775
236537665
236544209
236713229
236759502
236880307
236955761
236960965
237011668
237279143
237364686
237384822
237435026
237441082
237479495
237547342
237559575
237613049
237697440
237698623
237724494
237823927
237860352
237914332
237933645
238188023
238257392
238283658
238297560
238303976
238314643
238392750
238583132
238650377
238722607
238728150
238731332
238884460
239172861
239209482
239252015
239355578
239459377
239596347
239660827
239662550
239733554
239799091
239918953
239948023
239980981
239994245
240020263
240127738
240129531
240149436
240183981
240191681
240222948
240238213
240293290
240310560
240392965
240432393
240489970
240517851
240830745
241050069
241141711
241335099
241340242
241409821
241513168
241574895
241595268
241663301
241694111
241707161
241802630
241847825
241973541
241993951
242055695
242179495
242214044
242414102
242690825
242797761
242868695
242963523
243033579
243054991
243160525
243184702
243394624
243395926
243525809
243539205
243704490
243769825
243818673
243844351
243849025
243977006
243986038
244072662
244196467
244227101
244275064
244450724
244778611
244805340
244896542
244918153
244988589
245042845
245051041
245123882
245379397
245423173
245594589
245711763
245733112
245915445
245916101
246075415
246103705
246167186
246265743
246291807
246304967
246451477
246461377
246461868
246488118
246715307
246876053
246903020
246947911
246974683
246977305
247013504
247061687
247631715
247965922
248107871
248132988
248252314
248296089
248559781
248564043
248886915
248975856
249031748
249044901
249306742
249340975
249383275
249432041
249434473
249552117
249655905
249699348
249891853
249939372
250038420
250124223
250252624
250286531
250390463
250561738
250631012
250863870
250945621
251124215
251152641
251546686
251845176
251948630
251966605
252143413
252165991
252192665
252205641
252285441
252297642
252325931
252327317
252333899
252347636
252435345
252435759
252551134
252557311
252609798
252625927
252689155
252703121
252757140
252838840
253038175
253172724
253359428
253368231
253461754
253505167
253541780
253625600
253659228
253667264
253799707
253880235
253884381
254117518
254162642
254416327
254562507
254666006
254834282
254834675
254945323
254960525
254977289
255128295
255214353
255222590
255334313
255363197
255521847
255558513
255641491
255770287
255857304
256182573
256183416
256198094
256238403
256399064
256467467
256593953
256921421
256965568
257117225
257353994
257377334
257476436
257498679
257739701
257812361
257911241
258082194
258105666
258159045
258216977
258230909
258422166
258452417
258454222
258699293
258934446
259245821
259319322
259364888
259385918
259631400
259751327
259838452
259913167
260023376
260058404
260143461
260156364
260184643
260207428
260238585
260458930
260527582
260538224
260601903
260666147
260674074
260767476
260836100
260866585
260988942
261207543
261242628
261302350
261309976
261441840
261627660
261628126
261760714
262003584
262032829
262097030
262114877
262179289
262186193
262188407
262279705
262431395
262602555
262701900
263068535
263075405
263318147
263596711
263602331
263612302
263624157
264018185
264067894
264488564
264662964
264664081
264681136
264738932
264803478
264893383
264894851
265052697
265310048
265459256
265474342
265553791
265574748
265813923
265820671
265832700
265847766
265859154
265964092
266029861
266047093
266212297
266308909
266493448
266538984
266569556
266573992
266867828
266988736
267047368
267577167
267879376
267954214
267976963
268052335
268121646
268245416
268374301
268379465
268392757
268452894
268520359
268560599
268693375
268983427
269057164
269092437
269094473
269133007
269141003
269177455
269264329
269380465
269646274
269659933
269694694
269700331
269810183
270111005
270128056
270144665
270255559
270320352
270411105
270414731
270517993
270612917
270630020
270651240
270867277
270962382
271103518
271135440
271198912
271413752
271432204
271483454
271512090
271755134
271811372
271900510
272081548
272089116
272149850
272216373
272217306
272308663
272371166
272375538
272412666
272448482
272498851
272611408
272862480
272952415
272957704
272970731
273236182
273289310
273325736
273325784
273393212
273587358
273615245
273784010
273895144
273934179
273950426
273953796
273966521
273967591
274019823
274050420
274054740
274099510
274135340
274167219
274233493
274272218
274324341
274511685
274593047
274882511
274958090
275116123
275246572
275268841
275313892
275319200
275607601
275691044
275702481
276471641
276695618
276790429
276923512
277015234
277025347
277120435
277311234
277328798
277335502
277645113
277939010
277970325
278038326
278170183
278293077
278469349
278568464
278583082
278750130
278770237
278796720
278802780
278875732
278895238
278918333
278944318
278962558
278996261
279023923
279051486
279282138
279312373
279399016
279550037
279554582
279696396
279839857
279841763
280269331
280276065
280293724
280349687
280420106
281067349
281119974
281246613
281321176
281429363
281458641
281633071
281765065
281767214
281886166
281953508
281960485
282047922
282080854
282110738
282134884
282289055
282379571
282456576
282487182
282545115
282605357
282702764
282724931
282733591
282778484
282825561
282938378
283117592
283133515
283183488
283244899
283279794
283287906
283366511
283519384
283539023
283722153
283725167
283769992
283803122
283871058
283929245
283955886
283979072
283996931
284086597
284172118
284304738
284348582
284520641
284533512
284621163
284667642
284693243
284856461
285058351
285178747
285388694
285445142
285622175
285730055
286075145
286094560
286124677
286152970
286192334
286478646
286509551
286620995
286679384
286725629
286750948
286788536
286825641
286870813
286909719
287153128
287248122
287250076
287259296
287287184
287345937
287373175
287496158
287658018
287861968
287891490
287967553
288013380
288298423
288446053
288582618
288709637
288948882
288997548
289092034
289122094
289359516
289383512
289439865
289456381
289497844
289575030
289589106
289733700
289772760
289908396
289995873
290002468
290050421
290124121
290168670
290212696
290505672
290552299
290722342
290742404
290781895
291138675
291239705
291313877
291343734
291396636
291451361
291610552
291633430
291796773
291938868
292007123
292023035
292042637
292287744
292426295
292429987
292520844
292586027
292634446
293037397
293367991
293441991
293489974
293535607
293610369
293676276
293767708
293842452
293996294
294017777
294028069
294088825
294123786
294150185
294215862
294239181
294600503
294617034
294646969
294763040
294993746
295180889
295265425
295391242
295530120
295648511
295696273
295718942
295721513
295866758
295961662
296001605
296153471
296167676
296207478
296237586
296373783
296403262
296463378
296647489
296676118
296729464
296762989
296964352
297028787
297036202
297124978
297350111
297666185
297884922
297963668
297969376
298009391
298014041
298100172
298131352
298308166
298372173
298378150
298384156
298390323
298428670
298448495
298552098
298633723
298641344
298665367
298748142
298853185
298913588
299032150
299044071
299101716
299133783
299361552
299383018
299388309
299876488
299942640
300033338
300083154
300198349
300263824
300274459
300418784
300434579
300456894
300501235
300549748
300561724
300604288
300664729
300765964
300787694
300913719
301126180
301202857
301453871
301494056
301661536
301665682
301820119
301820251
301966377
301982227
302049179
302112579
302143754
302184641
302245553
302341856
302417687
302702865
302712726
302724340
302738297
302744837
302776908
302801696
302804758
302860891
302962138
302987807
303023548
303585690
303698361
304253329
304269906
304333992
304429272
304457933
304487925
304509295
304657853
304681386
304687483
304772446
304897578
305024149
305265391
305375539
305417027
305562144
305791554
305895665
306023045
306129170
306139776
306244388
306414714
306483230
306604793
306677089
306681897
306762523
306788513
306814224
306858872
306866477
307136566
307155855
307256919
307303659
307318261
307406236
307447825
307502689
307519053
307546981
307565926
307635748
307665392
307776098
307829074
307882880
307916770
308052332
308149169
308151870
308174865
308456645
308477173
308594706
308629020
308657523
308723361
308769523
308772498
308906808
308969836
309001956
309100615
309199111
309204864
309294440
309515629
309563867
309742873
309831179
309834776
309861362
309985267
310023680
310063055
310168148
310319274
310436954
310623206
310640777
310698051
310808551
310943924
310977950
311029934
311031624
311098705
311172682
311263371
311441104
311542787
311681993
312048517
312162974
312174400
312180501
312271570
312304914
312389734
312416192
312428766
312451084
312487603
312611594
312664127
312742861
312747639
312761095
312836106
312844985
312897948
313104394
313124030
313165938
313205948
313266283
313268991
313305605
313324500
313431230
313436519
313469075
313559140
313583744
313594561
313725493
313835414
313865835
314026185
314177142
314240301
314263928
314309394
314397137
314476660
314569077
314581872
314655091
314843806
314960505
315024257
315121876
315186649
315204395
315241457
315298361
315640994
315844973
316038655
316126584
316159030
316185809
316407170
316486188
316554543
316683912
316691022
316974479
317144918
317300877
317322439
317386510
317395360
317469076
317546390
317906474
318076951
318167431
318175523
318293385
318374743
318417013
318473045
318582516
318675781
318827048
319118159
319121372
319212293
319220969
319330728
319462331
319485056
319554474
319716127
319742088
319804723
320273454
320276551
320516644
320794429
320859367
320873753
321046509
321097397
321214788
321303708
321318708
321323792
321360678
321442520
321585105
321666112
321800617
321968011
321997722
322003214
322037898
322088749
322217328
322295818
322306507
322364409
322546092
322561038
322617991
322633670
322779125
323190403
323613258
323684181
323834846
323836834
323854207
323896933
324000789
324019524
324025507
324051518
324075798
324136814
324202585
324204885
324228546
324265469
324386444
324510528
324517736
324744646
324775495
324825439
325055252
325147541
325202476
325416785
325669401
325763129
325767862
325852699
325881688
325886563
325888436
325903361
325931462
326008992
326393511
326450991
326578205
326631761
326829559
326943708
326967210
326969308
326994895
326996057
327098841
327142912
327247145
327273999
327371690
327496171
327542765
327602903
327804620
327851917
327892328
327926602
327965420
328045636
328088493
328123356
328137475
328167715
328306068
328406226
328443287
328502077
328565630
328602571
328980741
329083351
329123937
329130922
329167702
329169728
329243045
329287119
329295848
329338369
329510494
329574658
329623639
329828166
329936334
330172751
330290475
330325443
330418109
330456069
330569188
330579641
330616087
330966812
331047743
331147054
331411174
331646438
331670595
331684954
331696378
331778477
331951396
332110665
332207298
332342744
332403409
332476405
332570165
332696414
332736735
332820197
332838640
333030457
333031395
333044924
333142699
333312451
333392618
333467889
333612461
333700005
333786535
333895849
334117467
334147010
334164667
334189017
334228829
334302475
334328674
334511442
334681061
334770905
335120646
335189729
335393729
335436340
335558773
335697239
335698248
335752821
335883705
335951516
336008900
336276194
336341474
336455215
336466987
336644005
336741652
336804744
336818740
336982710
337080743
337192643
337347829
337593768
337624224
337721385
337741991
337785537
337874572
337883113
337956075
338059256
338072600
338117864
338135334
338265874
338450374
338676934
338695426
338706899
339258039
339272641
339315742
339389275
339418446
339462376
339469208
339563497
339579077
339733802
339790614
339886946
339946013
340021808
340047030
340055366
340077957
340092857
340160208
340589394
340593757
340658727
340661588
340719992
340777210
341045621
341059768
341077054
341334179
341348037
341415478
341437020
341507100
341579802
341865550
341957178
341990207
342042707
342189941
342279544
342346955
342381496
342381611
342524297
342645873
342669065
342736036
342898367
342945774
343004346
343093297
343161110
343319711
343350311
343539221
343753505
343846694
344095856
344107198
344336709
344437837
344758722
344842302
344975051
345045194
345048612
345190760
345402644
345432227
345625710
345779051
345925403
346074503
346238631
346245244
346318937
346356863
346454808
346489749
346674937
346834564
346852477
346876302
346889361
346990281
346999473
347231960
347282398
347339693
347351480
347428404
347681049
347728539
347773190
347955672
348042726
348097134
348136603
348210060
348378888
348496831
348562175
348813468
348816470
348851313
349346154
349444380
349640686
349666958
349788703
349828082
349884476
349920463
349941248
349941502
350138455
350177770
350178723
350256074
350313066
350382547
350398036
350422525
350509012
350563424
350577139
350589400
350665302
350681204
350784523
350843111
350909576
350912264
350998842
351007446
351026088
351205345
351288030
351299350
351320407
351359219
351511394
351536355
351569727
351637056
351656124
351717223
351759414
351902043
352026003
352089261
352149460
352192400
352205917
352697164
352856878
352975344
352981471
353006905
353021704
353178706
353286810
353307747
353356196
353388417
353392633
353436782
353446725
353477911
353649745
353670409
353672523
353676801
353804311
353841329
353895575
354076698
354156842
354217405
354236678
354477834
354494739
354523726
354742155
354840593
354991541
355110794
355219968
355266269
355281695
355285372
355416225
355529541
355745427
355952848
356035037
356195180
356233153
356404686
356435090
356463178
356544108
356660062
356809462
356845402
357009903
357085002
357134816
357205367
357208119
357213983
357240464
357419354
357500798
357544100
357648755
357750209
357757954
357771769
357794236
357887250
357895461
357945602
358002139
358142274
358261042
358262350
358494133
358690231
358694863
358895231
359106542
359123229
359308100
359336657
359374800
359480460
359494137
359498425
359771284
359785645
359901133
359942506
360005639
360126825
360133306
360322198
360465023
360609726
360703280
360827854
360835217
360862413
360878036
360880014
360885473
360950279
361043620
361082695
361119826
361137689
361533071
361645655
361648084
361743627
361798708
361829591
362021635
362058713
362156650
362301910
362314726
362389526
362477067
362591077
362694585
362714527
362758594
362834961
362871941
362986313
363057052
363120415
363152579
363324863
363372442
363418817
363487318
363539960
363563896
363572960
363597517
363663958
363748828
363811928
363889888
364053823
364082936
364209931
364236191
364238930
364257636
364321768
364514847
364871677
364890908
364892096
364946734
364971088
365055978
365130705
365150740
365219286
365220400
365249292
365411241
365419146
365572664
365629176
365632868
365759270
365787540
365819445
365841934
365884696
365913126
365978350
366074897
366214564
366426596
366544874
366615613
366754010
366800344
366905949
367013545
367036644
367217512
367276340
367286852
367457765
367476612
367553361
367659205
367720789
367807294
367816779
367880873
367908322
367947233
368097749
368143425
368404895
368418686
368432853
368476000
368779434
368803386
368847521
368869755
369028479
369067506
369278097
369622418
369804313
369871573
369930001
370051780
370190170
370300620
370380338
370421306
370432013
370515959
370584367
370690866
370727952
370822318
370894335
370911440
371191276
371288755
371295667
371304210
371348471
371464831
371476856
371523469
371589057
371636777
371646310
371789953
371854913
371884636
371892563
372001335
372153101
372173247
372260342
372459448
372600422
372611713
372683562
372759440
372973995
373020374
373066723
373069100
373133155
373207448
373220672
373558460
373570107
373638915
373650317
373651238
373748660
373806156
373961076
373995481
374099175
374200557
374221295
374570450
374644225
374744870
374873713
374924137
374965871
375151568
375407583
375412557
375506651
375531763
375771284
375828121
375948387
376504656
376598089
376687803
376703080
376725043
376847941
376857202
377030395
377046113
377058588
377168129
377205241
377257931
377300610
377430407
377439176
377723159
377867194
377986266
377987675
378104885
378191948
378266316
378369952
378382456
378413262
378472566
378488480
378605819
378657706
378719586
378942828
378947247
379021286
379108207
379185987
379276401
379302070
379339610
379395303
379446954
379652909
379704194
379792661
379810427
380210690
380470319
380488666
380677489
380686546
380699082
380766256
381072940
381320556
381428145
381445219
381507145
381634246
381662410
382014950
382150192
382241803
382489996
382614772
382699446
382701419
382782475
382903647
382907554
383185949
383220374
383245139
383264500
383281692
383329147
383385630
383710678
383759662
383766820
383802993
383846812
383937203
384122825
384227492
384257339
384387703
384485284
384501511
384642238
384954653
384994908
385036989
385085397
385191222
385359787
385399634
385401675
385516959
385521561
385838471
385855671
386018617
386068894
386104887
386223601
386274775
386336679
386345142
386461337
386532883
386599708
386608375
386789652
386937547
387036946
387091428
387119593
387257546
387270583
387286375
387452192
387489767
387490403
387609184
387627690
387689525
387704247
387724920
387745634
387995767
388023860
388063048
388122109
388131702
388257820
388267743
388268493
388295806
388377448
388430020
388501146
388732916
388780829
389058363
389412210
389437086
389573896
389582587
389732637
389804597
389933591
390117967
390272812
390328198
390457717
390464481
390520038
390582990
390654291
390707458
390742656
390917032
391021776
391096349
391121197
391127644
391230873
391301178
391495002
391606915
391722820
391751965
391906012
391986851
392047769
392077521
392173825
392219617
392231944
392246702
392350783
392415477
392575093
392610059
392805339
392938081
393004165
393342205
393384068
393577127
393643782
393973201
393993239
394050663
394239642
394325063
394587860
394591046
394755431
394792549
394919560
395099793
395135203
395142068
395158052
395193172
395277373
395423191
395531562
395550561
395564301
395588719
395679742
395712837
395803268
395942243
396038566
396122644
396282402
396298292
396425585
396466587
396470102
396531868
396583473
396639020
396673844
396802967
396903002
396993943
397084832
397112052
397138011
397162979
397364068
397379574
397455720
397547307
397743948
397792835
397800091
397894897
397959375
398192134
398193175
398323266
398336028
398570221
398683013
398722778
398922535
398926060
398962442
399094312
399222467
399229310
399352230
399433570
399491640
399526304
399528705
399568064
399651195
399805799
399835618
399895181
399932583
400081629
400223146
400228135
400388116
400419247
400475225
400514231
400551424
400772956
401122712
401127326
401271313
401354931
401406534
401527198
401592069
401700397
401702636
401721546
401732102
401845379
401920943
401960952
401963420
402029919
402128531
402137895
402325922
402353538
402425848
402475319
402608476
402766572
402790817
402877553
402978409
403062373
403088102
403152284
403204296
403339109
403386263
403467797
403566115
403596200
403650201
403701929
403841734
403850048
404103347
404345662
404381063
404465496
404727469
405076448
405314309
405326440
405456899
405465492
405614413
405645864
405665367
405748426
405995794
406155960
406156334
406239134
406320395
406325163
406380565
406526507
407070726
407112383
407157071
407221972
407240420
407310454
407397632
407455363
407639489
407702941
407751946
407830926
407853227
408073480
408118577
408153143
408158413
408269434
408290300
408303065
408313106
408453761
408559305
408622392
408685077
408757251
408760437
408763141
409091784
409287783
409531974
409534676
409747751
409763439
409839976
409872679
409980479
410003700
410802764
410842076
410874817
411150090
411303777
411609008
411731248
412026070
412048495
412188637
412236642
412242309
412319026
412341110
412640284
412832557
412835803
412873028
412887686
412963808
413144385
413156174
413311783
413492767
413682328
413715087
413807064
413809867
413882912
413913731
413970095
414038378
414090315
414207777
414248875
414305895
414476588
414482158
414654735
414736300
414790965
414792745
414811870
414832684
415033114
415343589
415406268
415469654
415557798
415742427
415817756
415889812
416013747
416019332
416157536
416188286
416205109
416354559
416451753
416497476
416516634
416593960
416595918
416724799
416750324
416816181
416968414
417011084
417014213
417051831
417085752
417332635
417385049
417394749
417444622
417484665
417618493
417793931
418021377
418266806
418402196
418428858
418835462
418883531
418894978
419075468
419268609
419355671
419399262
419460773
419567633
419599680
419818376
419929447
419994673
420126680
420361083
420686780
420806694
420881504
420908122
421050548
421120177
421209232
421261670
421303626
421476737
421741312
421863523
422164071
422164777
422335520
422787331
422865747
422865844
423036946
423050857
423099607
423668669
423730956
423864680
423940571
424163878
424227828
424342229
424429163
424464989
424501911
424621280
424694693
424699854
424787454
424953484
424964362
425312287
425329608
425515271
425560809
425563592
425570419
425645800
425880409
425899334
425967792
426065175
426070655
426092485
426181456
426212299
426229350
426421400
426451465
426656370
426694904
426702952
426722954
426743536
426962060
426972231
427005980
427024582
427066592
427322788
427367783
427547943
427639633
427845244
427944689
427948527
428043563
428153720
428245294
428266876
428407254
428737543
428755324
429022745
429170606
429200056
429303778
429410135
429484579
429536250
429568842
429755874
429923716
429965267
430036945
430123906
430133474
430135500
430248861
430284563
430572590
430782762
430867074
430891460
431104054
431319335
431344293
431392065
431443859
431645224
431696646
431702426
431758663
431760593
431780158
431795563
431834624
431864436
431865235
431982871
432011836
432145315
432230726
432296193
432379472
432468554
432572253
432581581
432801547
432822682
432927534
432979760
433093128
433129536
433359875
433490415
433552100
433597284
433619180
433779297
433789663
433814642
433874596
434015898
434062289
434132238
434215763
434230364
434386546
434468082
434556052
434568356
434660136
435046371
435077672
435133064
435150759
435181758
435245835
435449574
435479726
435682760
435723639
435766350
435768508
435780340
435973724
436004033
436029894
436038097
436150499
436247013
436256246
436261152
436445876
436452069
436457297
436597708
436706337
436724516
436765346
436832506
436962758
437029348
437179361
437252438
437318303
437403468
437484876
437611785
437670139
437704785
437791412
437814022
437930513
437954387
437999993
438064340
438121207
438131754
438143722
438261045
438363592
438438637
438506056
438658273
438793794
438831895
439291119
439329419
439539804
439674500
439711196
439865136
439880259
439959724
440046917
440203091
440225092
440249534
440263417
440331915
440427291
440469942
440512318
440696819
440749275
440802508
440914874
440914906
440944704
441113551
441214951
441271374
441311065
441317790
441352456
441378083
441473365
441625729
441709336
441947038
442043848
442138625
442139581
442158705
442257301
442349302
442493145
442538085
442618220
442719378
442738332
442759210
442838835
443049823
443279137
443301118
443438853
443441099
443461327
443578475
443642936
443651350
443711758
443773082
443821216
443833372
444000999
444194899
444249212
444300104
444304161
444334221
444511199
444832507
444934623
444935161
445037450
445119234
445208771
445249635
445314645
445508174
445846450
445916281
445953474
446007318
446203091
446334851
446421562
446732049
446742718
446744733
446761787
446804481
446831285
446875791
446967948
446996457
447097416
447228117
447332947
447594714
447717477
447878271
448013728
448073705
448136247
448152791
448220267
448274463
448299036
448453720
448807450
448865574
449016075
449053678
449171237
449187308
449259973
449358731
449376612
449469086
449503402
449622677
449647655
449768718
450095735
450118209
450229892
450276705
450566252
450631473
450765947
450770508
450795627
450826270
450828410
451007127
451014449
451099754
451149575
451296864
451301017
451433084
451525912
451597635
451714621
451757877
451847910
451882170
451896229
451936691
452013364
452018570
452226920
452259034
452263734
452268207
452462463
452472959
452532936
452705120
452781964
452785139
452797328
452813988
452841589
452978518
452998521
453094232
453176655
453201785
453350815
453466132
453726376
453795599
453897149
454249865
454316308
454448145
454471225
454497938
454529256
454646449
454675239
454801772
454858726
454879010
454902975
454924743
454955360
455117301
455168636
455393135
455425112
455478526
455504106
455577080
455773419
455852679
456051093
456066203
456116809
456117051
456145035
456163969
456199935
456247689
456345383
456381053
456715457
456720798
456842618
457056162
457126106
457144669
457504982
457525041
457610791
457688672
457757866
457770935
457872058
458089104
458138821
458140075
458150557
458336148
458466325
458543955
458564761
458598833
458646488
458799980
459039366
459085434
459281286
459293115
459313452
459381449
459694596
459696698
459842383
459983632
460067214
460257187
460314129
460319633
460443514
460447356
460639187
460719561
460984623
461004232
461088613
461272497
461404866
461591116
461680057
461726987
461757799
461804844
461847939
462083047
462088408
462451418
462461431
462508927
462591965
462710411
462928425
463129746
463186867
463371182
463502353
463608577
463774065
463804025
464378224
464524886
464643132
464702362
464878439
464927930
464951846
465060689
465240137
465388373
465406651
465421310
465556542
465635684
465742549
465763046
465772416
465795415
465846949
465910630
465954840
466002063
466115289
466212712
466328273
466337700
466442052
466451196
466790829
466830363
466900003
466943583
467103082
467253679
467475780
467539731
467554001
467629441
467668361
467690910
467791790
467796758
468105067
468158801
468206932
468600343
468676805
468765988
468786496
468818125
468973012
469014695
469153684
469328899
469351690
469488156
469500694
469622012
469675793
469777176
469798106
469819145
469838415
469973119
469985658
470086787
470091135
470328498
470361715
470393574
470419882
470561552
470591741
470708084
470773720
470786827
470979298
471156341
471171904
471265021
471310574
471311540
471338683
471355439
471400762
471654226
471711711
471780902
471824436
471877985
471895952
472123926
472249832
472352817
472515677
472552829
472758091
472817624
472971831
472990442
473108083
473220973
473453601
473493969
473589231
473630373
473673643
473701969
473737644
474164988
474450158
474557838
474652896
474737063
474838560
474917697
474961260
475103784
475106922
475217850
475262051
475288784
475441630
475518585
475549095
475598937
475609605
475617815
475707261
475837075
475855674
476139570
476298882
476604117
476608092
476680412
476692867
476709394
476739264
476929820
476951459
476976184
477029254
477177188
477363478
477459814
477533231
477573501
477600606
477635572
477723906
477746990
477946620
479003913
479029713
479042255
479324339
479343561
479359541
479421241
479744794
479807396
479809402
479819809
479848087
479881688
479947896
479959660
480048609
480294580
480646762
480672952
480717268
480848148
480883252
480949447
481072620
481106544
481117260
481186649
481251296
481280327
481494933
481579730
481681037
481714430
481733766
481759602
481760971
481839018
481865572
481879145
481940553
482152226
482297677
482333880
482341361
482352438
482454887
482486242
482494644
482531825
482567363
482582902
482618029
482677665
482808071
482852356
483497057
483513574
483566908
483571776
483618624
483695624
483788561
483911742
483934973
483980040
484040619
484245521
484246704
484255214
484284305
484296924
484320712
484476593
484495852
484651792
484953487
484970740
485244809
485364814
485489121
485604051
485883499
485904191
485904801
486042539
486216622
486245937
486270995
486397226
486446095
486461189
486530593
486539023
486557909
486604306
486697947
486814710
486951216
487068997
487119507
487140355
487245260
487286729
487346015
487611585
487671689
487695345
487794110
487887984
487963191
488102112
488126041
488226564
488363469
488599496
488641312
488645068
488694628
488864183
488898036
488900629
488928729
488948682
488964803
489172411
489265049
489268715
489542566
489755374
489827908
489877714
489929122
489987055
490043154
490079410
490086297
490157990
490199642
490220421
490348322
490419794
490457214
490606505
490660552
490868776
490874876
490904757
491026422
491104873
491265487
491406693
491552764
491619955
491736968
491791585
491855490
491927834
492033655
492036812
492105747
492109743
492115547
492165927
492358389
492373190
492472690
492512531
492688988
492780080
492853096
492873202
492900966
492976699
493028005
493053226
493212023
493312218
493530005
493582990
493625363
493627559
493683995
493787876
493808443
493952150
494016772
494108540
494117360
494122839
494280112
494315419
494344436
494443304
494517170
494532218
494545611
494617771
494679341
494919322
494946855
494951710
495005537
495024740
495048475
495064286
495179025
495215845
495293746
495306994
495367988
495468780
495470137
495569309
495641681
495701406
495776968
495860125
495910735
495989830
496058098
496230566
496327361
496352525
496376390
496478019
496479591
496618769
496654742
496659772
496885573
496960962
497024129
497260152
497764266
497880357
497944228
498026425
498153210
498154140
498194317
498334244
498371610
498725297
498726077
498746072
498760513
498802071
498848541
498914002
499003232
499015583
499034233
499371921
499399091
499419918
499537441
499592158
499607929
499722154
499739184
499862177
500035433
500102170
500709704
500725168
500802097
500833694
500926387
501113459
501144343
501224677
501253548
501359696
501433459
501489417
501554602
501598819
501621660
501624697
501645633
501714543
501976904
502016870
502027874
502045480
502059629
502068550
502078360
502087888
502105553
502113320
502191623
502269121
502458156
502481814
502498663
502599619
502760023
502798273
502987638
503141533
503244919
503442232
503488841
503508689
503630246
503762477
503765764
503784452
503961387
503971260
504085016
504162775
504265827
504478803
504512166
504558789
504592099
504623663
504681067
504719492
504725201
504808772
504863407
504966475
505189436
505204290
505225119
505271449
505353461
505492054
505528511
505595101
505614419
505668042
505768177
505903882
505999724
506097995
506130886
506186794
506541735
506660948
506668676
506806884
507033938
507069261
507243562
507311597
507327970
507446189
507488432
507624473
507713408
508061150
508208058
508237205
508500209
508518655
509093684
509321377
509495092
509524246
509635266
509976847
510010685
510071784
510370758
510430550
510894011
510894725
510937604
511108391
511174270
511190725
511191851
511203799
511287463
511313688
511335344
511399906
511433664
511599209
511842953
511847841
512342469
512439694
512440593
512492429
512498776
512506112
512597284
512707957
512710546
512965037
513012442
513083985
513085231
513139740
513250511
513335766
513341222
513534906
513773915
513805809
513839575
513923710
514116052
514183350
514277941
514373867
514384389
514440233
514480726
514776937
514842387
515050235
515079497
515128138
515160676
515208350
515472685
515612065
515653292
515659708
515688961
515716068
515736061
515820958
516177500
516202901
516250160
516351135
516445810
516601730
516700433
516765730
516864515
516891327
516939167
516942649
516988656
517037298
517073085
517092903
517115943
517122027
517551599
517590387
517657832
517680769
517757645
517775771
517848372
517885579
517997830
518196389
518310646
518686990
518794973
518830779
519007832
519032138
519096601
519242943
519249404
519306485
519571828
519591763
519674884
519757135
519784515
519999216
520006210
520039786
520125008
520176131
520278055
520482617
520499043
520537935
520607521
520708918
520853496
521024961
521055197
521125206
521294545
521327327
521433467
521448744
521611506
521797798
521849048
521897943
521909193
521943798
522014409
522045433
522059977
522122956
522133441
522163514
522181568
522291739
522421357
522518450
522610288
522634898
522721307
522775615
522791351
522912844
522952690
523111840
523193692
523203067
523232223
523276769
523310864
523383591
523555289
523822280
523824739
523839966
523985921
524031064
524066803
524169129
524185808
524213435
524312738
524390452
524405277
524632026
524674808
524693690
524751307
524945019
525008634
525049987
525097569
525124299
525171247
525254439
525294681
525340876
525393408
525448219
525486102
525620823
525894887
525988454
526090635
526129492
526239848
526712258
526766607
527008670
527179879
527238403
527373204
527373210
527430251
527449264
527740632
527816638
527828969
528049908
528065386
528103792
528164247
528480179
528586808
528669356
528696216
529016693
529242527
529310389
529354462
529432332
529497531
529546450
529570138
529849643
529925336
530016614
530170651
530285281
530324376
530452839
530506404
530811646
530998895
531132271
531167745
531208918
531231886
531773667
531843231
531866277
531907084
532137557
532176069
532273407
532294492
532358131
532395309
532405344
532579123
532584180
532681528
532737409
532737958
532749763
532843827
532874503
533047655
533267913
533276640
533292976
533357804
533496367
533517426
533520179
533697343
533820351
533839286
534113580
534132082
534209240
534337172
534371967
534377583
534523879
534653063
534685140
534819460
534835965
535006768
535008722
535124563
535137420
535158672
535195086
535216968
535261828
535349713
535400962
535420259
535903298
536011160
536281711
536711768
536826266
536869411
537004353
537039607
537145940
537263305
537310202
537388873
537515087
537539260
537594720
537648141
537988664
538159630
538590772
538692996
538753176
538848042
538947961
538972037
538995850
539002536
539031702
539098738
539145817
539212501
539447348
539663468
539762314
540025240
540041320
540051605
540098137
540408994
540540949
540546744
540567222
540701854
540731716
540910027
541006490
541006589
541081408
541081944
541148605
541233889
541305777
541356999
541397381
541459084
541487457
541886541
542017407
542142125
542145888
542327394
542369814
542469215
542537398
542646808
542671459
542795979
543000964
543026743
543037327
543046143
543126315
543129476
543307399
543410419
543475761
543514873
543615030
543791497
543863874
543868111
543936719
544305669
544470781
544478068
544692285
544732992
544859993
544885998
545201418
545305077
545381363
545444035
546024906
546096284
546103101
546242774
546427357
546497089
546517740
546546871
546689088
546975666
547018771
547041446
547389890
547435866
547543369
547625695
547681768
547808279
547865235
548179620
548274587
548284715
548295643
548569358
548658674
548870339
548922199
548938793
549117178
549145476
549282572
549316535
549368155
549426628
549459785
549777914
549818144
549903522
550167364
550275237
550307890
550370429
550539140
550574141
550590608
550791701
550793502
550875324
550916923
550921666
550938407
551319713
551354172
551437463
551490190
551491211
551584896
551595795
551637387
551685547
551748805
551749357
551825186
551895648
552027533
552062840
552154068
552305430
552317827
552319351
552450202
552506798
552678589
552697133
552727554
552789627
552823445
552839352
552876936
552878907
552923988
553045580
553270771
553283911
553352546
553395525
553528748
553543825
553566322
553657334
553732935
553756209
553841024
553951332
553996243
554109304
554234037
554271143
554587794
554700523
554846092
554848198
554946948
554996817
555068072
555262721
555324637
555413621
555439529
555578020
555580428
555741091
555861906
555976389
556055172
556086664
556111073
556173817
556243369
556376523
556417615
556567820
556706642
556775042
556942499
557281031
557282278
557321330
557362042
557378412
557406879
557429825
557588899
557609843
557621325
557845176
557907939
558104060
558125101
558154764
558404173
558428274
558429345
558723807
558798023
558805300
558839464
558939727
559119599
559183906
559549397
559584906
559725488
559785298
559787760
559795481
559957749
560198411
560230259
560270443
560338148
560412510
560453755
560520593
560529774
560679277
560746067
560772524
560797057
560814936
560959534
561097191
561109024
561271305
561315641
561399707
561463502
561574632
561657421
561725878
561894773
561998965
562004338
562221323
562299850
562356790
562384242
562527961
562601918
562608809
562772092
562853264
562940171
562975238
563040040
563065071
563143784
563269465
563314866
563338181
563434647
563556358
563565829
563703026
563755793
563905771
563918129
563999745
564041710
564300465
564426922
564545114
564560388
564579769
564613894
564658516
564735546
564785085
564919005
564972530
565079522
565297979
565379626
565427497
565436681
565441818
565624615
565800350
565817101
565901459
566055605
566188887
566266045
566281951
566566337
566623646
566635669
566653614
566688847
566737772
566980512
567047263
567085968
567105966
567145472
567274885
567639123
567848460
568192122
568241350
568283291
568419571
568594434
568681143
568775078
568921638
569231765
569452087
569496940
569658895
569661895
569694276
569780879
569836460
569971484
570103295
570195108
570199445
570212901
570258968
570265404
570270863
570368742
570459001
570574069
570578633
570612604
570613295
570780024
570835833
570847861
570967276
571056266
571159561
571407190
571553610
571606553
571686122
571942776
572022147
572063572
572138646
572143265
572179023
572294419
572542550
572542787
572725766
573147840
573256211
573345610
573483005
573606940
573635152
573715091
573821577
574068080
574105639
574323697
574333277
574684198
574723419
574753950
575175217
575199937
575210398
575337581
575535544
575592405
575635686
575646002
575691480
575772895
575807724
575934345
575959054
576010061
576051144
576058659
576086645
576097638
576229472
576319675
576528803
576558020
576606601
576623772
576820890
576835662
576846714
577087601
577176224
577287905
577292428
577303565
577541516
577689550
577691667
577763390
577826878
577991489
578072654
578101229
578196802
578214697
578285763
578405392
578527188
578540978
578595814
578735771
578928467
579300860
579326565
579358642
579395194
579676151
579865600
579874159
579947784
580162006
580188141
580241410
580249528
580337770
580554454
580613699
580712615
580721416
580832961
581133340
581190995
581251445
581402734
581408397
581453793
581505947
581567575
581670468
581686218
581694519
581730029
581790463
581823466
581863572
581881000
582057625
582222197
582273383
582364739
582433558
582464253
582465238
582613379
582850286
582894090
582958939
583019657
583258558
583319611
583342665
583660146
583676328
584058137
584119391
584270965
584294759
584316182
584504728
584522335
584554700
584573753
584613112
584682488
584755644
584942082
585063963
585211245
585228198
585359796
585365309
585554117
585557534
585586017
585597942
585606903
585796053
586005909
586256400
586371502
586421815
586422597
586534227
586630026
586786271
586800286
587073531
587552086
587735806
587836165
587872572
588049296
588058444
588112669
588119733
588140636
588186082
588296302
588303329
588377087
588556967
588572918
588739488
588749764
588846765
588865521
588937588
588947454
589115923
589159559
589338463
589641300
589660453
589688618
589793197
589867169
589937630
589945246
589994163
590017029
590041996
590272431
590277389
590599156
590743586
590768058
590901770
591056293
591138325
591141065
591396937
591514769
591627248
591655674
591727099
591900826
591930606
591980860
591990521
592067356
592218155
592398829
592746216
592918856
593029952
593182238
593209016
593251554
593296916
593415643
593460982
593637579
593735844
593947526
593967035
594174322
594184248
594260751
594353881
594360725
594516696
594833929
594858493
594996655
595033192
595204361
595320139
595610504
595704868
596186907
596315444
596426254
596567066
596597994
596705214
596791230
596835343
596858590
597004497
597020211
597165469
597183332
597232941
597240129
597260914
597304348
597467396
597467410
597661273
597701699
597808301
597854823
597888819
597909090
597974663
598107815
598180841
598216906
598357293
598500615
598535974
598717120
598838503
598927159
598957614
599079294
599288024
599405612
599807996
599965540
600135077
600274920
600357431
600418596
600431715
600464244
600622789
600658665
600678474
600691361
600772029
600846861
601027317
601027639
601186199
601321489
601327828
601383490
601399904
601497081
601571156
601608147
601855494
601927655
602076100
602255695
602466505
602480119
602552093
602554285
602599519
602700495
602708081
602901151
602905040
603071944
603160221
603292561
603552145
603631150
603825426
604157382
604240634
604315624
604373080
604391463
604619475
604627957
604642985
604695423
604833548
604885817
605259364
605352184
605521942
605534628
605634167
605640465
605672278
605763387
605832512
605881735
606178708
606184953
606194953
606195410
606429824
606489353
606583489
606696643
606699679
606732027
606796411
606819951
607014966
607224990
607298244
607339700
607362873
607406047
607421634
607498696
607622560
607760805
607900206
608057359
608258308
608546021
608588246
608680514
608693527
608789123
608848869
609095748
609141542
609223507
609225202
609386981
609452316
609507728
609697041
609942623
610190829
610312053
610325494
610603478
610617692
610625517
610630820
610671172
610744910
610869183
610917567
610924429
611376680
611417370
611540230
611726272
611870221
612113708
612138705
612189832
612473599
612503039
612537723
612609433
612686768
612833726
612836825
612859577
612884915
613035708
613040948
613101334
613142844
613173765
613206464
613364907
613504838
613542477
613653864
613723463
613767732
614009994
614198736
614249543
614257744
614671943
614841386
614871693
614914878
614980743
615127667
615138940
615164495
615172677
615208586
615282305
615306112
615341405
615441546
615487113
615492257
616105815
616126124
616140639
616155846
616170069
616189648
616475280
616483546
617006303
617026152
617094415
617109107
617138501
617223832
617824008
617962210
618020540
618104264
618223256
618383400
618417303
618448455
618554550
618627086
618766562
618767184
618780209
618904267
619112303
619153044
619176274
619317938
619409077
619410004
619488651
619553883
619561508
619578565
619713099
619713371
619935742
620102908
620108148
620108372
620354078
620459282
620514401
620612494
620614174
620643893
620813329
620860223
621382614
621561517
621598160
621882210
621885979
621953336
622000529
622109237
622146439
622149395
622188518
622201460
622361471
622495095
622579247
622678703
622728593
622746153
622760517
622846708
622872588
622992056
623035199
623144952
623177931
623233870
623251686
623351921
623390674
623508078
623532442
623551240
623607159
623627196
623645981
623867286
624062789
624093038
624107438
624119720
624368576
624428225
624509424
624568687
624737121
624788582
624877193
624948219
625073330
625421108
625584372
625622948
625624070
625672619
625723730
625918623
625918773
626011237
626439245
626474535
626543763
626713866
626739968
626752165
626892969
626902730
626933398
627068830
627115731
627233798
627251267
627308047
627373990
627416686
627519779
627599479
627678745
627809994
627835959
627875503
628179329
628234161
628242883
628262394
628397779
628483621
628504178
628507869
628508687
628515900
628552049
629014903
629168711
629272414
629347304
629403982
629475053
629787681
629791972
629996256
630061384
630347591
630479010
630521542
630567357
630724632
630747764
630758927
630910085
630913700
630938453
631212508
631215884
631228342
631445423
631564690
631584934
631656648
631690181
631761364
631769716
631773806
631875441
631894578
631899636
631942898
631992522
632032463
632191685
632193256
632285677
632326401
632382460
632382734
632407995
632428046
632536572
632566206
632660195
632767364
632838790
632887833
633129956
633347677
633468721
633574108
633593709
633863680
633888262
634230932
634288676
634304580
634398951
634431319
634446767
634481747
634542504
634557579
634596655
634637334
634646541
634654610
634698531
634808992
634866327
634886579
634905625
634991659
635133270
635133702
635144810
635301945
635311056
635446935
635547806
635567154
635605860
635930653
635951735
636068015
636120000
636215873
636362636
636480445
636527633
636538753
636746863
636827138
636959063
636962002
637082703
637086166
637125919
637160843
637436996
637521300
637540289
637591640
637764654
637860525
637918217
638100133
638360547
638388956
638429458
638520524
638720340
638740477
638742537
638803857
638952341
639075341
639076748
639231863
639548620
639570941
639655473
639671015
639703050
639726774
639744127
639792528
639822827
640019120
640097973
640104461
640146708
640247957
640255639
640270003
640310515
640315738
640404740
640416229
640443734
640548336
640855155
640894178
640934271
641088285
641246082
641274348
641352233
641390467
641505639
641804791
642039309
642047095
642107870
642129412
642167299
642187104
642220061
642260384
642337131
642405133
642656603
642942903
643069397
643082792
643182269
643212532
643245540
643400569
643512851
643622557
643685002
643748613
643814522
643834972
643938569
643943617
643975011
643998714
644120223
644182463
644216812
644567005
644665170
644749644
644854192
644935448
645060800
645223689
645368670
645397743
645485049
645485266
645570764
645621154
645637283
645756867
645759247
645779010
645797524
645898028
645919242
646105345
646179481
646206928
646218793
646372035
646553107
646714290
646759204
646788159
646813678
646908437
646913509
647058569
647413437
647510463
647602352
647610716
647678563
647691636
647733225
647761516
647826203
647834224
647984085
648038043
648230951
648377808
648390545
648539421
648560365
648602460
648818956
648983707
648994936
649019878
649028428
649058623
649070725
649170034
649224043
649536838
649591492
649674504
649781970
649831903
649851674
649927834
649963363
649973755
650045038
650387780
650423008
650448019
650457478
650553344
650610203
650940589
650948972
650951088
650978205
651101784
651112179
651143013
651144320
651163231
651206328
651313440
651423273
651498158
651595350
651666205
651711901
651795658
651820499
652007296
652035313
652212294
652228213
652343624
652512561
652609478
652753366
652840428
652935505
653050025
653155191
653238993
653416166
653420055
653438871
653472542
653483558
653496371
653670505
653728230
653819364
653854852
653935035
653968562
653972154
654023042
654058024
654305108
654557642
654576325
654776745
654872637
654897925
654995642
655039641
655153969
655328781
655333488
655344118
655451569
655568710
655569460
655825611
656130559
656416762
656556101
656613573
656700801
656704163
656827374
656893999
656902859
656948965
656996429
657013570
657034941
657042038
657114417
657197587
657285308
657316155
657416116
657690809
657762113
657833580
657883842
657917457
658096182
658122751
658135978
658237460
658310748
658407497
658489222
658528807
658619798
658630510
658792635
659012619
659019306
659194902
659230661
659352409
659410251
659580594
659600260
659623680
659624434
659629859
659731498
659854322
660016080
660033292
660289157
660332647
660380775
660399846
660426937
660639993
660747799
660896257
661064192
661106730
661119984
661220395
661221895
661328969
661474098
662099846
662305489
662306811
662589810
662836390
662843574
662846697
662958158
663031585
663067693
663096605
663217721
663268681
663569677
663688078
663816059
663829594
663840124
663891183
663918513
664002976
664104872
664254038
664306996
664422780
664488751
664545939
664940870
665066819
665156497
665295096
665323161
665373865
665377750
665487855
665722304
665854359
665999945
666063849
666115459
666123190
666258611
666286665
666322041
666342871
666374927
666414718
666482698
666493009
666554252
666563390
666570383
666676322
666708840
666754988
666969113
667181793
667229039
667295653
667345779
667423660
667488292
667492108
667664698
667781979
667849791
667909413
667969087
668152580
668224224
668346621
668489249
668491529
668864753
668897949
668988148
669005042
669022614
669149525
669153796
669167232
669305807
669327041
669454506
669701859
669845025
669902579
670082846
670087415
670307922
670326995
670374780
670421501
670425239
670429750
670880220
670951064
671002520
671208374
671387411
671484481
671495458
671567524
671599005
671916370
671950081
672323865
672524322
672552560
672583902
672589352
672685713
672848968
673053826
673118359
673324705
673361486
673508291
673518096
673545236
673549222
673601612
673863831
674036518
674095120
674152173
674220949
674234754
674480837
674543965
674590236
674602568
674620417
674664781
674787707
674790961
674845670
674845895
674887730
675066579
675206649
675266934
675343124
675422468
675465246
675475384
675545067
675588970
675712191
675776196
675989382
676169349
676183496
676211631
676237834
676425429
676518331
676525245
676749799
676773367
676966040
677069710
677195037
677220900
677231220
677240120
677240300
677404853
677616973
677688712
678131241
678387646
678445344
678716644
678751875
678755911
678773722
678779009
678856858
679038176
679125467
679215417
679243875
679256467
679325866
679326935
679383284
679524130
679601903
679679298
679989401
680014507
680257232
680338169
680491604
680523141
680568076
680645959
680885314
680954273
681034706
681084384
681233165
681282785
681417828
681455210
681457967
681655344
681675520
681848910
681877173
681880319
682026594
682039241
682106617
682109420
682116238
682117496
682198094
682245671
682259709
682282337
682286277
682418054
682596307
682788863
682791681
682866412
682923147
682959889
683058844
683133171
683291324
683308907
683362503
683394303
683452675
683504778
683526747
683531370
683559008
683639065
683664931
683835462
683897304
683898280
683901024
683916312
683926477
683952114
684174938
684184442
684190429
684274548
684323232
684417801
684500850
684625538
684626095
684658759
684710908
684805074
684927029
684943104
684947736
685029809
685078756
685095335
685147717
685219853
685359717
685498464
685599603
685754339
685773260
685876298
685929031
685935819
686185244
686480573
686543568
686611637
686660643
686771388
686785450
686801056
686939069
686955324
686961002
687125672
687302254
687403836
687447537
687653023
687665400
687699367
687708744
687742060
687819800
687922515
687958300
687972279
687975854
687985316
688004120
688037343
688048672
688419819
688559551
688783861
688810255
688877648
688889531
688964232
688965020
688981183
689328669
689382304
689499250
689518606
689641625
689742275
689747499
689770195
689775636
689783246
689791743
689850516
689899771
690004881
690186256
690437083
690534291
690542614
690649208
690653119
690666758
690889562
690977231
691140772
691211099
691219202
691332933
691473018
691480808
691511664
691514042
691655275
691655663
691838153
691933053
692072886
692178400
692221355
692486262
692507127
692629068
692641997
692664797
692854642
692875104
692950042
692955866
692981525
692997910
693056227
693067619
693211162
693221719
693248660
693259580
693554832
693684773
693828980
693980178
693995924
694007166
694217877
694312776
694412772
694669742
694686113
694786499
694803370
694945317
694958797
694958806
695031351
695045799
695119667
695131903
695210418
695213186
695380316
695491918
695748277
695965681
696092975
696156510
696201275
696232211
696371414
696445463
696599280
696646384
696796175
697005921
697010863
697041784
697082323
697087102
697164707
697190275
697214127
697323668
697387717
697440928
697624903
697637451
697652222
697780356
697790191
697804267
698028219
698075398
698078149
698112578
698206930
698242178
698243269
698289085
698404337
698463932
698487518
698637734
698685853
698717600
698873870
698897447
698976740
698998226
699043198
699050186
699110547
699115304
699190322
699239730
699305603
699370829
699384905
699635467
699745907
699776420
699880057
699929593
700028461
700044198
700056223
700244225
700266183
700340788
700394268
700483566
700504045
700563858
700715234
700727583
700772849
700787838
701548906
701598092
701608384
701729377
701979224
701984500
702092667
702117456
702197847
702220598
702266925
702386232
702388844
702419182
702431366
702715500
703173542
703197161
703262654
703308234
703370687
703597555
703611682
703672794
703752223
703884905
703939225
703965535
703978139
704002564
704110738
704113992
704498127
704715986
704731372
704899558
704913456
704942473
705038101
705084154
705084918
705133474
705227528
705234396
705257438
705796021
705891878
706089856
706098394
706135321
706169300
706307258
706316863
706481351
706495507
706680757
706979529
707256340
707425215
707430257
707540509
707550767
707679701
707706613
707734323
707813903
707834468
707843135
707860663
708126506
708136124
708334955
708481808
708520514
708730945
708870863
708905349
709033504
709093782
709247588
709530725
709585074
709589954
709733541
709741904
709809045
709854124
710068376
710284270
710406956
710640310
710848710
710892495
710957459
711013270
711150987
711477373
711501411
711525609
711542556
711635350
711694450
711973311
711987695
712048359
712138919
712235788
712413643
712459386
712542139
712550899
712663180
712786688
712805538
712936327
712957339
713011948
713181257
713459031
713494808
713535091
713611920
713652717
713780467
713944104
714126881
714288269
714359585
714380811
714389066
714421186
714449936
714504167
714536254
714581686
714636588
714752034
714877932
714949069
714953333
714974620
715001716
715252507
715298530
715562393
715664068
715841190
715895448
716013844
716135365
716290137
716453918
716514548
716515521
716829582
716846730
716872423
716889918
716899278
716963608
717035914
717058243
717074716
717107605
717149362
717359686
717378287
717458875
717636361
717673668
717868790
717956652
718099810
718267620
718316695
718454974
718545631
718588557
718600157
718654338
718725671
718739657
718867778
718875001
718917353
718954409
718959956
718993321
718993794
719043542
719058057
719128216
719324830
719359561
719366553
719369175
719385388
719452428
719482778
719505265
719528261
719584538
719697356
719767644
719839593
720060913
720062045
720109621
720329577
720345645
720362129
720494083
720559873
720632411
720645798
720739866
720963896
720984209
721237102
721422200
721745251
721762852
721892810
721991134
722011532
722095506
722118230
722141994
722254706
722345701
722691332
722753276
723045662
723121690
723277366
723289971
723299855
723300598
723340609
723399328
723511953
723562856
723573272
723625185
723780861
723789226
723941908
723989831
724039465
724067051
724166382
724167727
724180827
724305433
724518845
724565247
724656957
724782085
724842547
725010074
725044415
725069370
725162398
725231909
725260382
725270425
725301562
725511580
725526287
725607537
725684633
725722487
725923197
725974811
725983041
726121568
726152886
726260786
726375045
726478312
726599774
726695897
726714039
726796729
726798178
726804475
726848582
727039067
727135387
727151696
727187764
727240889
727248558
727305123
727435532
727508686
727531405
727615266
727697325
727786600
727798506
727956497
727986625
728418135
728549063
728557279
728586015
728610191
728703174
728788530
728864885
729000388
729028702
729055938
729108813
729319172
729326224
729401899
729439894
729451309
729474109
729508217
729513909
729555341
729760123
729952595
729959892
730011134
730118863
730169068
730305895
730394450
730451607
730567950
730684678
730836326
730922186
730958786
730991861
731053373
731153843
731344310
731359469
731462167
731572744
731667250
731674359
731683823
731739760
731849265
731886853
731950372
731981591
732031579
732041081
732047551
732064560
732186713
732376951
732529298
732576503
732621867
732672049
732697882
732833001
732847191
732902833
733129171
733295320
733507772
733522931
733537680
733544617
733577876
733785197
733941000
733961818
734060666
734065857
734084725
734156036
734328900
734391935
734576337
734647624
734739605
734743826
734937064
735016934
735135780
735202353
735214424
735250154
735379778
735531971
735672628
735703505
735774745
735810684
735887940
735891658
735956789
735972156
736043639
736071488
736074620
736095924
736222415
736332365
736370141
736411376
736645024
736671598
736839323
736886117
737118354
737121928
737235608
737298061
737299509
737378480
737381004
737431333
737681424
737701654
737702864
737811301
737887901
738023498
738045114
738204334
738299636
738306953
738327644
738736987
738769933
738777872
739055020
739122651
739128918
739223680
739245976
739348154
739497222
739501405
739510890
739565467
739918964
740109934
740210680
740215156
740291215
740349878
740365884
740511153
740519504
740637773
740845316
740957049
741106701
741112095
741354232
741423856
741475531
741496231
741529769
741534031
741534319
741993849
742040870
742180571
742256764
742262348
742282226
742287614
742378820
742472021
742580289
742659949
743106939
743133577
743175838
743247882
743252939
743259080
743309400
743462017
743488295
743500400
743614475
743656687
743696121
743723967
743834865
744115884
744153847
744158015
744419816
744447884
744465780
744613584
744791869
744894467
745075675
745077745
745098399
745251218
745408453
745410295
745476409
745966412
746038530
746039564
746060488
746099577
746458505
746611140
747028619
747146049
747228416
747249856
747514524
747601521
747715483
747781946
747880844
748210637
748345140
748453426
748648668
748728328
748732865
748834905
748970592
749050969
749062057
749209639
749360859
749591780
749603208
749831062
749939282
750037142
750061850
750080304
750175647
750347754
750383720
750505286
750550064
750598343
750678605
750843122
750932091
751025320
751031860
751106025
751150572
751167346
751169665
751222718
751325688
751605724
751608752
751850799
751851767
751892725
751946476
752012162
752074449
752136232
752211538
752301507
752339323
752342504
752403265
752530299
752546255
752614097
752805234
752838250
753212730
753356389
753362809
753407612
753467754
753523661
753591580
753711774
753749710
753973821
754020867
754070045
754073734
754101288
754129309
754141985
754167436
754292236
754650833
754783659
754809123
754910276
755187831
755278003
755279111
755355654
755512081
755611386
755686383
755702540
755757945
755798069
756193541
756347318
756492625
756726583
756803362
757004483
757176946
757265974
757299033
757432759
757516710
757527489
757549455
757908510
757960342
758005683
758080038
758111582
758123643
758147777
758270624
758453832
758614838
758662465
758677710
758692181
758721312
758865917
758999727
759069043
759093535
759387877
759590018
759635636
759678646
759688282
759764393
759838023
759864337
759931430
760118708
760214995
760253996
760317741
760336852
760743829
760973003
760997854
761041813
761118497
761162964
761416102
761442755
761518906
761541157
761707512
761707602
761798092
761808621
761900760
761946038
761970320
762459038
762613697
762725115
762737164
762783016
763211103
763270499
763300556
763338853
763364685
763462898
763522990
763687820
763708639
763750310
764026972
764091935
764113128
764236289
764304173
764527497
764578308
764617633
764726481
764727827
764743404
764810356
765021907
765046077
765080478
765145579
765186555
765219699
765241769
765432126
765571532
765789659
765882685
766173828
766293044
766462908
766680349
766715489
766783723
766857988
767076663
767249448
767270151
767300039
767353190
767479061
767619774
767733961
767746064
767760424
767880724
767912225
767920693
768028345
768108687
768515399
768588413
768599431
768701621
768717940
769090086
769163730
769395390
769418443
769420881
769421877
769491464
769529145
769559624
769599762
769800553
769831093
769877602
770087708
770164374
770169805
770254269
770299141
770329532
770336117
770370564
770442981
770490572
770579006
770634933
770665526
770920867
770944018
771059973
771145133
771160400
771182023
771404755
771412891
771417439
771444239
771454995
771471548
771765359
771984855
772031429
772075799
772167507
772501837
772795299
772851245
773116984
773197947
773239276
773243073
773498820
773656424
773667323
773827239
773872102
773920093
774052162
774164951
774191389
774341005
774454888
774508875
774696216
774713434
774949990
775102486
775179658
775271427
775412847
775440383
775461431
775465355
775518902
775760985
775763304
775933017
775963149
775984365
776017480
776056497
776072854
776230372
776265324
776287417
776290177
776576930
776731793
776759963
776827310
777038177
777082327
777195511
777274151
777308119
777624843
777699046
777755096
778171357
778222505
778235871
778578587
778593254
778643951
778691165
778778612
778854207
779093561
779103271
779234550
779237628
779238401
779294365
779519301
779681616
779695778
779704651
779759909
779917999
779972516
779995914
780072775
780173614
780248137
780334563
780395898
780441504
780502316
780619520
780633452
780634423
780877437
781002517
781029928
781042876
781113800
781287232
781847257
782004498
782078635
782132511
782221177
782434439
782496853
782741018
782775470
782804173
782828632
782835877
782926198
782982087
783003086
783050363
783242495
783440374
783603991
783695262
783701719
783896082
783899985
783931325
783993241
784001742
784014589
784180120
784287296
784443582
784582894
784662567
784780102
784894798
785033789
785349576
785352792
785416376
785439407
785448418
785625549
785806309
785869993
786056514
786155724
786235517
786407803
786582379
786598805
786608625
786614491
786806997
786829831
786972033
786977250
787082736
787391718
787411457
787418773
787501096
787558848
787567724
787666738
787702737
787705673
787798867
787920092
788038405
788040521
788278980
788482101
788514359
788533913
788601629
788661346
788667818
788756164
788775810
788796111
788938990
788942327
789126673
789583941
789648410
789767831
789796683
789910218
789961597
790025820
790045199
790155771
790243947
790283213
790423938
790436882
790475291
790670381
790724608
790793894
790975432
791059177
791414430
791424774
791483802
791744157
791824219
791844589
792122038
792234782
792372235
792386967
792497206
792641715
792775323
792960938
793181976
793233643
793342181
793389103
793461068
793504928
793559299
793891201
793971465
794069460
794493690
794552578
794564886
794586675
794587004
794605039
794614994
794695219
794759105
794862436
794943953
795007538
795018846
795058534
795081646
795175753
795453100
795662753
795692014
795813940
795871512
795961339
796060100
796063852
796136899
796254621
796254772
796388120
796582733
796593226
796759355
796844506
796908659
796947039
796948782
796968837
797078447
797197861
797306096
797520955
797584290
797594238
797734934
797878805
797887120
798012433
798059987
798137436
798157954
798165673
798306284
798344743
798359483
798406318
798543624
798690719
798794626
798842524
798855751
798857870
799064971
799081813
799186249
799204576
799299421
799359384
799414509
799495468
799573755
799721899
799937485
800066711
800298501
800336098
800359260
800373860
800377652
800480904
800634589
800715646
800829448
800945549
800962249
800979144
801006126
801041600
801056691
801086965
801160317
801229393
801387398
801580171
801743995
801764478
801900339
801923000
802055439
802202073
802260320
802268923
802304892
802399374
802419815
802442639
802636165
802792726
802803516
802819703
803069257
803073794
803170239
803239862
803629419
803629635
803665278
803789434
803949534
804020939
804025689
804037512
804310008
804329777
804410306
804454287
804501395
804541885
804557648
804557784
804586944
804605881
804648608
804785417
804818362
805053317
805055132
805223411
805313373
805364539
805430646
805435888
805473331
805537009
805544663
805668479
805746495
805805363
805900147
805988658
806136657
806209245
806312764
806517853
806584956
806625050
806955306
807166639
807175588
807177253
807201469
807323692
807432554
807472757
807820605
807846074
808033057
808051597
808174325
808210042
808379205
808501800
808550527
808730512
808746738
808824422
808840240
808858995
808969529
808974732
809420646
809483508
809484660
809566794
809589630
809633520
809735690
809990177
810051177
810069991
810478742
810520004
810524813
810673345
810738331
810779476
811145627
811300019
811416545
811538719
811760875
811836496
811942813
812032846
812169236
812516104
812592163
812712458
812799893
812841626
812897689
812962787
813010726
813195063
813208836
813282983
813348103
813360153
813462390
813562945
813600767
813610682
813826248
813987683
814017961
814177995
814396011
814611155
814839763
814840605
814847077
815024870
815072657
815083729
815136125
815294106
815320496
815388105
815409462
815457931
815594430
815608119
815663207
815943970
815945511
816072999
816104791
816205388
816312653
816364030
816426511
816441256
816445188
816445348
816449103
816708380
816751397
816765860
816835590
816856750
816987784
817076683
817088949
817161051
817178393
817270246
817291947
817372763
817444316
817514928
818327921
818364704
818417316
818428758
818471726
818485185
818523996
818561964
818584652
818639094
818667112
818695139
818946025
818978209
818998974
819011506
819060470
819295715
819362059
819409458
819413802
819415411
819456319
819458618
819474138
819544269
819728258
819825739
820067191
820158587
820271716
820318729
820376006
820443989
820612285
820998612
821048034
821138238
821146549
821279261
821282514
821315624
821425857
821894438
822212845
822266184
822358759
822364420
822372794
822425667
822546161
822575464
822710251
822742971
822797340
822814220
822845557
823243990
823347825
823414134
823556152
823574188
823819342
823885042
823925982
823940806
823986919
824012990
824029788
824118198
824172018
824284594
824293034
824345287
824353122
824465900
824705856
824707529
824730388
824865912
824926446
824943721
825022119
825113356
825141956
825186102
825232717
825400418
825461664
825550705
825889029
826175943
826309638
826438890
826506155
826539134
826816524
826852463
827096804
827175032
827222446
827453429
827616200
827682308
827687739
827763032
827827496
827941946
827962156
828074982
828093213
828258786
828527720
828803803
828921667
829054210
829056075
829157466
829160212
829250689
829318285
829614363
829689489
829805688
829872694
830031851
830302704
830306629
830309640
830443058
830522519
830555452
830617755
830715560
830834561
830874632
830908101
831238507
831305256
831403117
831415329
831456905
831464560
831470016
831524646
831533531
831544577
831575644
831587013
831733667
831853787
831912554
832065877
832067683
832172025
832210734
832362159
832378744
832525460
832596505
832738346
832823564
832878504
833083375
833136767
833531247
833558609
833743380
833755165
833906444
833906533
834275430
834318100
834324850
834382327
834479183
834486949
834763942
834796086
834841996
834919065
835086719
835190073
835249014
835390818
835422470
835426381
835431277
835622739
835679736
835839986
835865446
836011122
836027704
836098136
836098463
836130815
836167465
836247859
836515609
836655486
836746322
836856988
836909940
836933649
836956547
837062179
837089032
837107416
837222832
837224704
837234535
837407529
837448823
837452078
837618389
837794373
837819684
837896936
837929586
838108630
838127512
838281851
838372278
838439410
838463477
838557583
838579030
838676615
838775909
838782339
838784816
838923044
838999441
839089983
839115801
839167677
839444861
839606441
839639294
839650817
839720945
839735089
839747312
839763604
839960072
840020426
840217774
840249928
840476646
840667230
840764722
840774333
841010989
841048221
841323412
841597461
841876432
841920575
841941526
841976404
841978161
842007595
842050397
842108636
842192092
842199073
842274572
842288576
842620447
842620917
842684093
842793727
842854404
842854943
842858970
842882568
842922639
842927934
843022133
843039239
843232363
843320580
843427174
843475278
843510081
843559016
843570001
843616597
843887481
843904697
844023872
844096534
844199062
844202034
844292423
844355479
844362587
844535939
844591126
844662093
844735044
844798252
844956623
845009484
845035210
845119710
845234389
845331612
845501476
845535063
845706623
845922701
845949921
846174419
846284884
846356088
846361435
846471875
846524176
846574120
846603903
846679308
846733076
846964819
847068804
847183860
847237629
847241696
847414187
847477365
847720821
847906795
847941927
848025970
848046083
848116848
848163927
848254602
848473814
848661133
848714403
848714411
848782970
848790925
848827680
848933482
849027407
849185979
849221502
849302207
849425994
849477686
849565151
849610099
849674957
849749550
849819404
849919837
849950913
849964910
850103735
850256378
850279971
850327497
850330872
850438389
850716625
850724976
850756404
850796524
850880519
850901844
850927216
851033611
851051257
851172902
851251139
851333334
851572601
851622578
851835222
852278976
852329848
852419429
852606063
852625142
852649269
852864297
852924505
853038877
853146292
853181887
853240773
853242759
853462883
853743692
853752984
853756715
853836429
853864515
853955247
853960170
854004254
854220354
854231708
854270194
854288870
854388968
854432690
854555797
854614548
854649165
854718632
854762713
854898677
855059691
855117087
855125254
855236982
855241538
855248798
855306885
855582057
855616294
855739393
855831629
855885374
855948687
855997217
856039534
856205996
856268191
856430474
856538448
856583762
856642403
856693366
856708051
856896459
856903712
856939620
857190478
857201414
857213612
857279567
857395665
857403490
857416881
857427105
857582627
857653779
857664975
857770255
857926484
857953565
858121559
858138898
858196158
858931650
858935813
859020172
859178529
859256833
859424535
859678592
859796597
860062694
860125482
860173621
860219714
860223561
860280945
860683019
860688343
861058661
861141012
861220148
861251502
861359089
861372276
861476457
861615473
861728619
861855683
861943244
862024057
862087866
862159746
862169400
862194884
862236577
862327483
862391891
862499483
862601050
862889406
862944669
862961007
862987869
863150256
863298027
863328674
863479079
863515751
863587411
863599569
864028512
864046908
864293170
864312733
864325582
864337924
864354608
864408427
864414407
864477311
864595819
864622022
864696540
864713096
864797835
864817146
864914717
864915897
864973658
864976977
865022228
865088927
865160690
865224225
865280852
865373635
865386471
865387018
865403705
865435150
865476657
865548641
865696610
865754535
865913801
865985523
866096035
866130325
866261558
866364389
866368048
866521997
866645900
866718644
866845500
866882666
866901620
866935140
866976774
866982242
867084418
867213668
867237889
867341702
867397262
867471257
867572868
867701020
867945211
868283079
868322393
868348391
868483016
868513601
868717801
868849707
868972628
869019603
869135407
869169288
869312497
869347597
869428059
869511768
869537685
869545236
869592930
869611949
869664577
869682818
869888628
869890785
869929948
869935870
870190024
870298951
870321401
870421494
870539997
870541545
870587561
870589524
870710160
871062202
871169607
871337974
871339805
871356683
871366223
871428622
871492105
871578611
871683626
871712297
871874493
871911580
872171990
872188164
872296791
872616209
872891290
872910661
872938876
872972571
873153807
873332874
873363057
873410435
873422113
873439936
873554250
873587456
874001841
874195665
874341805
874512059
874650832
874699040
874730431
874763212
874899715
874922819
875021556
875131066
875150145
875188172
875196315
875426812
875451849
875481905
875524768
875543365
875568121
875614467
875681696
875751083
875846606
876000455
876077097
876083340
876150821
876166618
876405639
876633236
876700290
876725957
876804086
876816594
876833633
876900989
877048296
877078849
877208839
877256496
877302907
877329557
877722359
877728016
877775580
877857318
877943254
878055749
878204907
878213517
878327765
878475742
878534320
878671776
878737513
878775598
878829435
878840633
878894145
878913206
878966445
879123326
879169133
879177271
879210806
879465980
879503218
879578806
879695118
879722347
879887599
879895075
879902041
879902769
880043986
880161678
880342908
880386977
880578073
881052544
881078171
881177009
881184665
881246257
881259034
881323794
881339948
881387909
881449583
881489970
881641504
881784113
881896036
881958864
882007030
882210321
882293718
882496585
882660242
882953102
882968578
882999126
883164754
883226833
883266870
883269556
883327105
883345717
883385073
883422091
883529624
883547194
883576795
883654835
883735419
883743055
883957304
884028641
884031297
884041405
884167335
884175178
884203731
884382480
884628255
884670380
884732593
884750955
884795206
884819851
884838127
884887740
884918106
885030385
885119337
885189989
885230305
885263840
885383351
885408261
885509374
885629226
885726090
885758574
885995359
886006677
886177068
886196477
886240228
886244173
886526271
886541124
886686974
886931412
886973226
887038031
887044491
887107085
887300608
887602754
887609953
887737652
887838010
887982893
887992783
888079536
888207406
888343396
888609094
888856555
888951327
888987789
889047787
889063593
889089547
889431458
889469421
889591624
889608129
889646073
889963205
889966435
890000983
890122722
890202475
890262715
890872174
891021869
891050472
891079117
891092164
891371391
891453597
891557830
891656146
892020599
892069064
892223921
892358506
892938339
892962359
893012109
893052385
893247856
893407862
893459314
893466660
893591807
893607510
893900281
894001806
894451323
894453939
895057042
895242384
895257130
895259759
895437975
895456914
895470619
895483178
895600092
895623298
895780298
895807273
895843892
895907343
896011927
896194128
896325558
896383687
896432130
896489492
896510542
896643822
896968270
897102140
897234003
897253334
897256876
897416432
897452015
897475552
897723261
897822478
897858633
897882790
897904812
898056027
898078629
898218131
898224504
898236771
898509044
898710193
898853116
898996256
899008474
899011525
899173729
899375370
899412321
899427187
899434533
899436660
899459959
899672824
899794377
899872776
899932380
