1522338
5412622
5501710
10862320
20811266
27205372
31766032
36405594
42154113
43570828
49536361
58216944
58706979
96387978
104100631
134363866
148233330
151826878
152871556
153421466
154761644
171533411
175362668
190857810
207246603
209467492
209682396
218450833
220648828
222958618
225731447
230137476
245647586
249028163
256690673
260227108
261794546
277973486
286715542
299862800
300916835
310930393
332821970
343626343
343838227
354997269
388731931
400721706
409791244
417565763
417967959
423927203
430224911
431557765
447383842
453795174
455736802
473211103
493192976
495433003
512543666
517115192
519143197
550555765
554160983
555455266
558662081
565348956
573197520
574433303
575032678
578344708
582345102
585161483
586728391
603706983
604853161
614493577
615026039
627512771
633532379
649633129
653514031
657909000
663839849
683995442
716558183
727004427
734181048
738593067
745909340
748257684
750406756
763520742
791128893
801360405
818356056
834048967
857835923
873709682
