-299.000  0.000000E+00
-297.000  0.000000E+00
-295.000  0.000000E+00
-293.000  0.000000E+00
-291.000  0.000000E+00
-289.000  0.000000E+00
-287.000  0.000000E+00
-285.000  0.000000E+00
-283.000  0.000000E+00
-281.000  0.000000E+00
-279.000  0.000000E+00
-277.000  0.000000E+00
-275.000  0.000000E+00
-273.000  0.000000E+00
-271.000  0.000000E+00
-269.000  0.000000E+00
-267.000  0.000000E+00
-265.000  0.000000E+00
-263.000  0.000000E+00
-261.000  0.000000E+00
-259.000  0.000000E+00
-257.000  0.000000E+00
-255.000  0.000000E+00
-253.000  0.000000E+00
-251.000  0.000000E+00
-249.000  0.000000E+00
-247.000  0.000000E+00
-245.000  0.000000E+00
-243.000  0.000000E+00
-241.000  0.000000E+00
-239.000  0.000000E+00
-237.000  0.000000E+00
-235.000  0.000000E+00
-233.000  0.000000E+00
-231.000  0.000000E+00
-229.000  0.000000E+00
-227.000  0.000000E+00
-225.000  0.000000E+00
-223.000  0.000000E+00
-221.000  0.000000E+00
-219.000  0.000000E+00
-217.000  0.000000E+00
-215.000  0.000000E+00
-213.000  0.000000E+00
-211.000  0.000000E+00
-209.000  0.000000E+00
-207.000  0.000000E+00
-205.000  0.000000E+00
-203.000  0.000000E+00
-201.000  0.000000E+00
-199.000  0.000000E+00
-197.000  0.000000E+00
-195.000  0.000000E+00
-193.000  0.000000E+00
-191.000  0.000000E+00
-189.000  0.000000E+00
-187.000  0.000000E+00
-185.000  0.000000E+00
-183.000  0.000000E+00
-181.000  0.000000E+00
-179.000  0.000000E+00
-177.000  0.000000E+00
-175.000  0.000000E+00
-173.000  0.000000E+00
-171.000  0.000000E+00
-169.000  0.000000E+00
-167.000  1.907432E-07
-165.000  9.537162E-08
-163.000  0.000000E+00
-161.000  9.537162E-08
-159.000  0.000000E+00
-157.000  1.907432E-07
-155.000  1.049088E-06
-153.000  5.722297E-07
-151.000  5.722297E-07
-149.000  3.814865E-07
-147.000  2.861148E-07
-145.000  3.814865E-07
-143.000  5.722297E-07
-141.000  3.814865E-07
-139.000  2.861148E-07
-137.000  4.768581E-07
-135.000  2.861148E-07
-133.000  9.537162E-08
-131.000  7.629729E-07
-129.000  1.907432E-07
-127.000  2.861148E-07
-125.000  0.000000E+00
-123.000  2.861148E-07
-121.000  3.814865E-07
-119.000  5.722297E-07
-117.000  1.907432E-07
-115.000  5.722297E-07
-113.000  1.907432E-07
-111.000  3.814865E-07
-109.000  8.583445E-07
-107.000  3.814865E-07
-105.000  9.537162E-08
-103.000  1.907432E-07
-101.000  1.850209E-05
 -99.000  1.211220E-05
 -97.000  1.144459E-05
 -95.000  1.020476E-05
 -93.000  6.580641E-06
 -91.000  9.251047E-06
 -89.000  7.248243E-06
 -87.000  7.438986E-06
 -85.000  2.642747E-04
 -83.000  1.165441E-04
 -81.000  9.222435E-05
 -79.000  8.364091E-05
 -77.000  7.562969E-05
 -75.000  3.579297E-04
 -73.000  4.315279E-03
 -71.000  3.221749E-03
 -69.000  2.101990E-03
 -67.000  1.550170E-03
 -65.000  1.669576E-03
 -63.000  1.814826E-03
 -61.000  2.871258E-03
 -59.000  5.141865E-03
 -57.000  9.769391E-03
 -55.000  1.775114E-02
 -53.000  1.367743E-02
 -51.000  1.809161E-02
 -49.000  2.123459E-02
 -47.000  1.853070E-02
 -45.000  1.723346E-02
 -43.000  1.487950E-02
 -41.000  1.166319E-02
 -39.000  1.186356E-02
 -37.000  1.040838E-02
 -35.000  1.096211E-02
 -33.000  1.106788E-02
 -31.000  1.163553E-02
 -29.000  1.301832E-02
 -27.000  1.365369E-02
 -25.000  1.394209E-02
 -23.000  1.425577E-02
 -21.000  1.521978E-02
 -19.000  1.584218E-02
 -17.000  1.793530E-02
 -15.000  2.074838E-02
 -13.000  2.194844E-02
 -11.000  2.382106E-02
  -9.000  2.505927E-02
  -7.000  2.530333E-02
  -5.000  2.578753E-02
  -3.000  2.639600E-02
  -1.000  2.573040E-02
   1.000  2.610436E-02
   3.000  2.538096E-02
   5.000  2.519184E-02
   7.000  2.371596E-02
   9.000  2.222454E-02
  11.000  2.070861E-02
  13.000  1.789810E-02
  15.000  1.622405E-02
  17.000  1.461427E-02
  19.000  1.399474E-02
  21.000  1.308336E-02
  23.000  1.391224E-02
  25.000  1.322223E-02
  27.000  1.304111E-02
  29.000  1.164669E-02
  31.000  1.185584E-02
  33.000  1.074190E-02
  35.000  1.162332E-02
  37.000  1.263970E-02
  39.000  1.375783E-02
  41.000  1.772977E-02
  43.000  2.048287E-02
  45.000  2.212993E-02
  47.000  2.067351E-02
  49.000  1.310120E-02
  51.000  1.459539E-02
  53.000  1.091070E-02
  55.000  6.454465E-03
  57.000  2.843886E-03
  59.000  1.754265E-03
  61.000  1.930512E-03
  63.000  2.103516E-03
  65.000  2.115152E-03
  67.000  3.027190E-03
  69.000  4.108228E-03
  71.000  2.332694E-03
  73.000  8.592983E-05
  75.000  9.155675E-05
  77.000  1.019523E-04
  79.000  1.186423E-04
  81.000  1.433435E-04
  83.000  2.706646E-04
  85.000  4.291723E-06
  87.000  5.626925E-06
  89.000  7.343614E-06
  91.000  6.962128E-06
  93.000  8.106587E-06
  95.000  1.392426E-05
  97.000  1.745301E-05
  99.000  1.993267E-05
 101.000  1.573632E-05
 103.000  1.907432E-07
 105.000  3.814865E-07
 107.000  9.537162E-08
 109.000  4.768581E-07
 111.000  2.861148E-07
 113.000  3.814865E-07
 115.000  1.907432E-07
 117.000  9.537162E-08
 119.000  1.907432E-07
 121.000  1.907432E-07
 123.000  3.814865E-07
 125.000  6.676013E-07
 127.000  2.861148E-07
 129.000  3.814865E-07
 131.000  4.768581E-07
 133.000  5.722297E-07
 135.000  8.583445E-07
 137.000  2.861148E-07
 139.000  2.861148E-07
 141.000  8.583445E-07
 143.000  2.861148E-07
 145.000  1.907432E-07
 147.000  3.814865E-07
 149.000  5.722297E-07
 151.000  2.861148E-07
 153.000  3.814865E-07
 155.000  1.144459E-06
 157.000  1.049088E-06
 159.000  0.000000E+00
 161.000  0.000000E+00
 163.000  1.907432E-07
 165.000  0.000000E+00
 167.000  3.814865E-07
 169.000  1.907432E-07
 171.000  0.000000E+00
 173.000  0.000000E+00
 175.000  0.000000E+00
 177.000  0.000000E+00
 179.000  0.000000E+00
 181.000  0.000000E+00
 183.000  0.000000E+00
 185.000  0.000000E+00
 187.000  0.000000E+00
 189.000  0.000000E+00
 191.000  0.000000E+00
 193.000  0.000000E+00
 195.000  0.000000E+00
 197.000  0.000000E+00
 199.000  0.000000E+00
 201.000  0.000000E+00
 203.000  0.000000E+00
 205.000  0.000000E+00
 207.000  0.000000E+00
 209.000  0.000000E+00
 211.000  0.000000E+00
 213.000  0.000000E+00
 215.000  0.000000E+00
 217.000  0.000000E+00
 219.000  0.000000E+00
 221.000  0.000000E+00
 223.000  0.000000E+00
 225.000  0.000000E+00
 227.000  0.000000E+00
 229.000  0.000000E+00
 231.000  0.000000E+00
 233.000  0.000000E+00
 235.000  0.000000E+00
 237.000  0.000000E+00
 239.000  0.000000E+00
 241.000  0.000000E+00
 243.000  0.000000E+00
 245.000  0.000000E+00
 247.000  0.000000E+00
 249.000  0.000000E+00
 251.000  0.000000E+00
 253.000  0.000000E+00
 255.000  0.000000E+00
 257.000  0.000000E+00
 259.000  0.000000E+00
 261.000  0.000000E+00
 263.000  0.000000E+00
 265.000  0.000000E+00
 267.000  0.000000E+00
 269.000  0.000000E+00
 271.000  0.000000E+00
 273.000  0.000000E+00
 275.000  0.000000E+00
 277.000  0.000000E+00
 279.000  0.000000E+00
 281.000  0.000000E+00
 283.000  0.000000E+00
 285.000  0.000000E+00
 287.000  0.000000E+00
 289.000  0.000000E+00
 291.000  0.000000E+00
 293.000  0.000000E+00
 295.000  0.000000E+00
 297.000  0.000000E+00
