-299.000  0.000000E+00
-297.000  0.000000E+00
-295.000  0.000000E+00
-293.000  0.000000E+00
-291.000  0.000000E+00
-289.000  0.000000E+00
-287.000  0.000000E+00
-285.000  0.000000E+00
-283.000  0.000000E+00
-281.000  0.000000E+00
-279.000  0.000000E+00
-277.000  0.000000E+00
-275.000  0.000000E+00
-273.000  0.000000E+00
-271.000  0.000000E+00
-269.000  0.000000E+00
-267.000  0.000000E+00
-265.000  0.000000E+00
-263.000  0.000000E+00
-261.000  0.000000E+00
-259.000  0.000000E+00
-257.000  0.000000E+00
-255.000  0.000000E+00
-253.000  0.000000E+00
-251.000  0.000000E+00
-249.000  0.000000E+00
-247.000  0.000000E+00
-245.000  0.000000E+00
-243.000  0.000000E+00
-241.000  0.000000E+00
-239.000  0.000000E+00
-237.000  0.000000E+00
-235.000  0.000000E+00
-233.000  0.000000E+00
-231.000  0.000000E+00
-229.000  0.000000E+00
-227.000  0.000000E+00
-225.000  0.000000E+00
-223.000  0.000000E+00
-221.000  0.000000E+00
-219.000  0.000000E+00
-217.000  0.000000E+00
-215.000  0.000000E+00
-213.000  0.000000E+00
-211.000  0.000000E+00
-209.000  0.000000E+00
-207.000  0.000000E+00
-205.000  0.000000E+00
-203.000  0.000000E+00
-201.000  0.000000E+00
-199.000  0.000000E+00
-197.000  0.000000E+00
-195.000  1.691017E-08
-193.000  5.073052E-08
-191.000  1.691017E-08
-189.000  2.536526E-08
-187.000  4.227543E-08
-185.000  4.227543E-08
-183.000  5.073052E-08
-181.000  1.014610E-07
-179.000  1.268263E-07
-177.000  8.455087E-08
-175.000  1.099161E-07
-173.000  1.268263E-07
-171.000  6.764069E-08
-169.000  5.918560E-08
-167.000  1.268263E-07
-165.000  9.300595E-08
-163.000  1.352814E-07
-161.000  1.437365E-07
-159.000  1.606466E-07
-157.000  1.606466E-07
-155.000  1.944670E-07
-153.000  1.860119E-07
-151.000  3.128382E-07
-149.000  4.058441E-07
-147.000  3.720238E-07
-145.000  3.551136E-07
-143.000  3.382035E-07
-141.000  3.043831E-07
-139.000  3.212933E-07
-137.000  4.481196E-07
-135.000  5.918560E-07
-133.000  6.087662E-07
-131.000  4.650298E-07
-129.000  7.778679E-07
-127.000  6.848619E-07
-125.000  6.594967E-07
-123.000  5.326705E-07
-121.000  4.396645E-07
-119.000  9.977002E-07
-117.000  1.082251E-06
-115.000  1.479640E-06
-113.000  1.259808E-06
-111.000  2.257508E-06
-109.000  9.199135E-06
-107.000  1.296165E-05
-105.000  2.052895E-05
-103.000  2.719156E-05
-101.000  2.463812E-05
 -99.000  1.788251E-05
 -97.000  1.670725E-05
 -95.000  2.232988E-05
 -93.000  2.717465E-05
 -91.000  2.172957E-05
 -89.000  9.139103E-05
 -87.000  8.868540E-05
 -85.000  1.147863E-04
 -83.000  1.223705E-04
 -81.000  1.344190E-04
 -79.000  6.416820E-04
 -77.000  1.239034E-03
 -75.000  1.331735E-03
 -73.000  9.370434E-04
 -71.000  1.562754E-03
 -69.000  1.472504E-03
 -67.000  1.793679E-03
 -65.000  4.261076E-03
 -63.000  7.190247E-03
 -61.000  8.256968E-03
 -59.000  9.435623E-03
 -57.000  8.966095E-03
 -55.000  8.760949E-03
 -53.000  9.035866E-03
 -51.000  1.004975E-02
 -49.000  9.814825E-03
 -47.000  1.020712E-02
 -45.000  1.112585E-02
 -43.000  1.086102E-02
 -41.000  1.093646E-02
 -39.000  1.238745E-02
 -37.000  1.330241E-02
 -35.000  1.285960E-02
 -33.000  1.419951E-02
 -31.000  1.362204E-02
 -29.000  1.449346E-02
 -27.000  1.633124E-02
 -25.000  1.651970E-02
 -23.000  1.659965E-02
 -21.000  1.757228E-02
 -19.000  1.829930E-02
 -17.000  2.090311E-02
 -15.000  2.291235E-02
 -13.000  2.202983E-02
 -11.000  2.265139E-02
  -9.000  2.570925E-02
  -7.000  2.560835E-02
  -5.000  2.356356E-02
  -3.000  2.441804E-02
  -1.000  2.684220E-02
   1.000  2.614178E-02
   3.000  2.392628E-02
   5.000  2.361706E-02
   7.000  2.440376E-02
   9.000  2.433713E-02
  11.000  2.351412E-02
  13.000  2.170632E-02
  15.000  2.053680E-02
  17.000  2.009652E-02
  19.000  1.830531E-02
  21.000  1.718561E-02
  23.000  1.680633E-02
  25.000  1.540438E-02
  27.000  1.463603E-02
  29.000  1.465704E-02
  31.000  1.407799E-02
  33.000  1.363891E-02
  35.000  1.275687E-02
  37.000  1.197107E-02
  39.000  1.251484E-02
  41.000  1.237243E-02
  43.000  1.081388E-02
  45.000  9.691390E-03
  47.000  9.251462E-03
  49.000  9.457429E-03
  51.000  8.615699E-03
  53.000  8.538082E-03
  55.000  8.912643E-03
  57.000  9.332716E-03
  59.000  9.469951E-03
  61.000  8.090866E-03
  63.000  4.647779E-03
  65.000  2.699599E-03
  67.000  1.796325E-03
  69.000  1.010154E-03
  71.000  1.137302E-03
  73.000  1.512235E-03
  75.000  1.174851E-03
  77.000  6.769481E-04
  79.000  4.554417E-04
  81.000  1.198001E-04
  83.000  1.000659E-04
  85.000  1.081828E-04
  87.000  5.806954E-05
  89.000  4.669745E-05
  91.000  2.792715E-05
  93.000  2.214387E-05
  95.000  1.622531E-05
  97.000  1.836445E-05
  99.000  2.194095E-05
 101.000  3.259436E-05
 103.000  2.945752E-05
 105.000  9.283684E-06
 107.000  7.533482E-06
 109.000  1.674107E-06
 111.000  1.217532E-06
 113.000  1.581101E-06
 115.000  8.624188E-07
 117.000  9.723349E-07
 119.000  7.440476E-07
 121.000  8.201434E-07
 123.000  6.933170E-07
 125.000  4.819399E-07
 127.000  5.242153E-07
 129.000  5.073052E-07
 131.000  6.256764E-07
 133.000  3.635687E-07
 135.000  3.551136E-07
 137.000  4.650298E-07
 139.000  4.396645E-07
 141.000  4.650298E-07
 143.000  3.804789E-07
 145.000  4.227543E-07
 147.000  3.720238E-07
 149.000  2.790179E-07
 151.000  1.860119E-07
 153.000  2.113772E-07
 155.000  2.029220E-07
 157.000  1.268263E-07
 159.000  1.521916E-07
 161.000  1.860119E-07
 163.000  1.352814E-07
 165.000  1.268263E-07
 167.000  1.521916E-07
 169.000  1.521916E-07
 171.000  1.014610E-07
 173.000  8.455087E-08
 175.000  7.609578E-08
 177.000  5.073052E-08
 179.000  5.073052E-08
 181.000  6.764070E-08
 183.000  6.764070E-08
 185.000  6.764069E-08
 187.000  5.918560E-08
 189.000  6.764070E-08
 191.000  0.000000E+00
 193.000  0.000000E+00
 195.000  0.000000E+00
 197.000  0.000000E+00
 199.000  0.000000E+00
 201.000  0.000000E+00
 203.000  0.000000E+00
 205.000  0.000000E+00
 207.000  0.000000E+00
 209.000  0.000000E+00
 211.000  0.000000E+00
 213.000  0.000000E+00
 215.000  0.000000E+00
 217.000  0.000000E+00
 219.000  0.000000E+00
 221.000  0.000000E+00
 223.000  0.000000E+00
 225.000  0.000000E+00
 227.000  0.000000E+00
 229.000  0.000000E+00
 231.000  0.000000E+00
 233.000  0.000000E+00
 235.000  0.000000E+00
 237.000  0.000000E+00
 239.000  0.000000E+00
 241.000  0.000000E+00
 243.000  0.000000E+00
 245.000  0.000000E+00
 247.000  0.000000E+00
 249.000  0.000000E+00
 251.000  0.000000E+00
 253.000  0.000000E+00
 255.000  0.000000E+00
 257.000  0.000000E+00
 259.000  0.000000E+00
 261.000  0.000000E+00
 263.000  0.000000E+00
 265.000  0.000000E+00
 267.000  0.000000E+00
 269.000  0.000000E+00
 271.000  0.000000E+00
 273.000  0.000000E+00
 275.000  0.000000E+00
 277.000  0.000000E+00
 279.000  0.000000E+00
 281.000  0.000000E+00
 283.000  0.000000E+00
 285.000  0.000000E+00
 287.000  0.000000E+00
 289.000  0.000000E+00
 291.000  0.000000E+00
 293.000  0.000000E+00
 295.000  0.000000E+00
 297.000  0.000000E+00
 299.000  0.000000E+00
