title:          ~/hist/mu2e/v5_7_0/m40s5720.track_ana.hist/TrackAna/trk_19/dt
name:           trk_19/dt
nbx,xmin,xmax:   400   -20.0000    20.0000
       0.0       0.0       0.0       0.0       0.0       0.0       0.0       0.0       0.0       0.0
       0.0       0.0       0.0       0.0       0.0       0.0       0.0       0.0       0.0       0.0
       0.0       0.0       0.0       0.0       0.0       0.0       0.0       0.0       0.0       0.0
       0.0       0.0       0.0       0.0       0.0       0.0       0.0       0.0       0.0       0.0
       0.0       0.0       0.0       0.0       0.0       0.0       0.0       0.0       0.0       0.0
       0.0       0.0       0.0       0.0       0.0       0.0       0.0       0.0       0.0       0.0
       0.0       0.0       0.0       0.0       0.0       0.0       0.0       0.0       0.0       0.0
       0.0       0.0       0.0       0.0       0.0       0.0       0.0       0.0       0.0       0.0
       0.0       0.0       0.0       0.0       0.0       0.0       0.0       0.0       0.0       0.0
       0.0       0.0       0.0       0.0       0.0       0.0       0.0     122.0     650.0     671.0
     754.0     802.0     864.0     984.0    1061.0    1121.0    1161.0    1299.0    1371.0    1404.0
    1565.0    1677.0    1815.0    1840.0    2096.0    2113.0    2322.0    2438.0    2588.0    2711.0
    2865.0    3092.0    3226.0    3394.0    3575.0    3735.0    4023.0    4165.0    4383.0    4555.0
    4804.0    4999.0    5279.0    5440.0    5570.0    5893.0    6201.0    6282.0    6542.0    6688.0
    6840.0    7047.0    7347.0    7472.0    7542.0    7605.0    7667.0    7818.0    7792.0    7940.0
    7830.0    7783.0    7564.0    7449.0    7437.0    7379.0    6952.0    6906.0    6820.0    6306.0
    6103.0    5913.0    5700.0    5466.0    5162.0    4823.0    4647.0    4341.0    4026.0    3782.0
    3626.0    3427.0    3179.0    2942.0    2787.0    2431.0    2315.0    2180.0    1976.0    1844.0
    1745.0    1570.0    1404.0    1364.0    1213.0    1179.0    1033.0     943.0     907.0     824.0
     761.0     698.0     606.0     578.0     512.0     476.0     445.0     430.0     355.0     362.0
     331.0     305.0     289.0     272.0     249.0     228.0     192.0     181.0     156.0     169.0
     172.0     126.0     132.0     111.0     110.0      95.0      89.0      88.0      72.0      76.0
      91.0      66.0      45.0      44.0      48.0      51.0      42.0      41.0      40.0      43.0
      35.0      19.0      27.0      26.0      29.0      13.0      27.0      15.0      21.0      17.0
      19.0      21.0      11.0      19.0      15.0      13.0      12.0      12.0       8.0      12.0
       4.0       7.0       6.0       9.0       4.0       5.0       7.0       5.0       7.0      11.0
       7.0       5.0       1.0       6.0       4.0       4.0       1.0       2.0       3.0       2.0
       6.0       5.0       4.0       0.0       3.0       2.0       3.0       3.0       1.0       0.0
       2.0       1.0       2.0       0.0       1.0       3.0       2.0       0.0       0.0       1.0
       0.0       0.0       0.0       0.0       0.0       1.0       2.0       0.0       0.0       0.0
       0.0       0.0       0.0       0.0       0.0       0.0       0.0       0.0       0.0       0.0
       0.0       0.0       0.0       0.0       0.0       0.0       0.0       0.0       0.0       0.0
       0.0       0.0       0.0       0.0       0.0       0.0       0.0       0.0       0.0       0.0
       0.0       0.0       0.0       0.0       0.0       0.0       0.0       0.0       0.0       0.0
       0.0       0.0       0.0       0.0       0.0       0.0       0.0       0.0       0.0       0.0
       0.0       0.0       0.0       0.0       0.0       0.0       0.0       0.0       0.0       0.0
       0.0       0.0       0.0       0.0       0.0       0.0       0.0       0.0       0.0       0.0
       0.0       0.0       0.0       0.0       0.0       0.0       0.0       0.0       0.0       0.0
       0.0       0.0       0.0       0.0       0.0       0.0       0.0       0.0       0.0       0.0
       0.0       0.0       0.0       0.0       0.0       0.0       0.0       0.0       0.0       0.0

