tensor_dense3bias0 1
0.750725389
tensor_dense3kernel0 9
-0.107794702 -0.146916077 0.123547584 -0.080806531 -0.0528308712 0.492014349 -0.117170438 0.0474343859 0.0937513709
tensor_dense2bias0 9
-1.07482076 -2.56404734 1.45746946 -0.366916746 0.989104748 -0.103517942 0.387245536 -1.16333807 0.41717422
tensor_dense2kernel0 81
0.0401971489 -0.427933127 -0.310838997 -0.192249477 -0.33062607 -0.122834146 -0.301384807 -0.0435357094 -0.166742221 -0.142730042 0.687954009 0.32053715 -0.287081361 -0.456988782 -0.603269815 -0.745386899 0.182632178 0.816517591 0.448113412 -0.49583748 -0.181242391 0.52609998 0.454424202 0.283458352 -0.499305069 -1.07790411 1.08038807 -0.922574937 -0.312046051 0.0236960594 -0.45052433 0.220205814 -0.670258284 0.58941853 -0.684825301 -0.23767902 0.59656322 -0.316531986 0.13243553 0.491538495 -0.358780652 -0.577326298 -0.125587076 -0.378757089 -0.109844714 -0.246275365 -0.0779591948 -0.108810529 -0.0237664096 0.870230794 0.383381426 -0.484127104 0.125365615 -0.796336114 -0.162113652 0.346037328 0.526338458 0.0267968308 -1.00247002 -0.190254539 -0.249757349 -1.01170993 -0.730996728 0.038007807 0.100360386 -0.670578718 0.186673924 0.211184084 0.15319404 0.288367748 0.549768031 0.304893315 0.364312053 0.0141301826 -0.271141261 -0.274515092 -0.12644136 -0.0147309955 0.415195256 -0.0697611421 -0.306209654
tensor_dense1bias0 9
-0.0215921905 0.393998325 0.321000993 1.83050609 0.0697159395 0.566835701 0.410088658 -0.861591995 -1.23760378
tensor_dense1kernel0 81
0.0999174342 0.00544364005 -0.427244991 -1.24137616 0.82527405 -0.420957565 -0.32641077 -0.146898285 0.374036074 -0.341181427 -0.493698776 -0.0634494424 -0.0206134915 0.25214088 -0.532056332 -0.451652586 -0.516419172 0.0152010918 0.0224234313 -0.0172420871 -0.145550385 0.100454673 0.237602308 -0.773769855 0.0666232035 0.489108324 -0.800751269 0.187385291 -0.0723503754 -0.516516626 0.0526083186 -0.214881018 -0.00505728554 -0.513898611 0.297319531 0.62570703 -0.591376007 0.427234709 -0.00891099684 -0.180379525 0.486423105 0.382341415 0.691540956 -0.192886174 0.17997551 0.523151875 0.690963387 -5.03021145 0.637826741 -0.609478712 -0.611495316 0.0163672213 -0.0126917474 -0.035330601 0.507380486 -0.13434796 0.375270128 -0.532809436 0.322226435 -0.351883262 -0.452609688 -0.463471383 0.171795622 -0.0465199947 0.0695233047 -0.343589365 0.258317918 -0.109939396 0.476610512 -0.108804382 -0.217021987 -0.100189872 -0.0305628683 -0.720276833 0.424358875 0.694332838 -0.242061824 0.190819606 -0.630102575 -0.239175424 0.255995184
tensor_densebias0 9
-1.41693735 0 -0.475701153 0.209535733 -0.432212234 1.93525326 -0.0221928693 -0.051548481 0.22017619
tensor_densekernel0 72
1.14599872 0.02008605 0.902892053 -0.758242249 -6.53349257 -5.63101673 0.0983502939 -0.127600789 5.98500347 12.1228409 -0.176209837 -0.439887166 -10.9543076 9.06649208 -5.90455246 -0.0234084465 0.40877375 -10.5934534 -1.12172353 -0.404420197 0.0154468492 -2.72258711 8.03437233 6.36167765 0.220868424 -0.261432618 -10.6241932 -0.671517551 0.385966957 0.279325068 -1.02608001 -0.122452796 0.875108659 -0.204231948 0.0986415073 0.365855068 -10.5415373 0.486366034 5.51321363 18.0280228 -68.0115509 -48.3347588 0.36385718 0.548787713 65.4421463 0.0326837003 0.0576375723 -0.448186964 -0.114908263 0.147925094 0.0217528697 0.0807477161 0.153918445 0.117091455 -0.108900353 -0.0913313031 0.397976488 0.118409477 -0.111498132 -0.116109058 -0.200895593 0.217220753 -0.142541319 0.0900583714 -0.360045254 0.176866978 0.0586729385 0.249505267 0.136671841 -0.580762208 -0.592999041 0.186915189
