tensor_dense3bias0 1
-0.831325293
tensor_dense3kernel0 14
-0.0827859342 0.00220584823 -0.34341684 -0.304475576 -0.225030214 -0.10322877 -0.359584421 -0.116526842 0.259823948 -0.148432478 0.509432197 0.019461764 0.273542523 0.103557944
tensor_dense2bias0 14
0.444841504 -0.431125581 0.626246035 -0.131971166 -0.0247011986 -0.168837726 0.185678095 -0.0285301432 -0.0915942639 0.427208692 -0.0385858752 -0.663499892 -0.427995086 0
tensor_dense2kernel0 196
0.514294267 0.184241533 1.59794199 -0.515504301 0.103321381 1.61477387 0.680801153 -0.0210872535 -0.277701378 1.11166847 -0.100072056 -0.740325093 -1.40727639 0.227166831 -0.769383013 -0.425891966 0.123524837 0.231204405 -0.399302781 -0.137295544 -0.236606658 -0.362473845 0.00155842572 -0.2416825 -0.207132965 -0.262778163 0.356190532 -0.222163841 0.639335752 -0.408076465 0.477601975 0.554300427 -0.0671472102 -0.171372786 -0.138585031 -0.85075146 0.531889975 0.423450202 -0.251976818 0.0313063413 -0.510266542 -0.341042876 0.0401636474 -0.436079621 -0.0603473596 0.202583686 0.263984501 0.605015755 0.22433725 0.0140396878 -0.177743137 -0.169667304 0.104119062 0.0313878022 -0.272732377 -0.157222718 0.263818741 0.297919095 0.355816305 0.245135218 -0.383897334 0.849144995 1.06480479 -0.0783550069 -0.813822925 -0.0912434757 -0.412485063 -0.311178267 0.216589704 0.203345597 0.891698122 -0.185030773 0.852921426 0.971965015 0.812019467 0.63396889 0.220964 -0.335219145 -0.556053877 0.828760743 0.0979934633 1.00681245 -1.2981379 -0.0471606553 -0.129338264 -0.111816794 0.315844119 -0.360815018 -0.219741821 -0.139283478 -0.018680945 0.411140501 0.358897179 -0.0102069518 -0.242181644 0.269335777 -0.00278696418 -0.268903881 0.090116404 0.140467435 -0.264251024 -0.203019366 -0.367571205 -0.0824926049 -0.0466384292 0.0393756628 -0.320540637 -0.373409897 0.00644095661 -0.291057169 0.171503082 -0.350051939 0.160471693 0.0500377789 -0.128233701 -0.346428275 -0.198799774 -0.333986133 -0.0876719132 0.410321683 -0.671465456 0.371527463 -0.477616578 -2.6071341 0.0843818709 -0.283958733 -0.311465681 -0.479606152 0.0890063494 0.00184130925 0.405870259 -0.634109616 -0.486555815 -0.142905146 -0.153101251 0.189166814 0.11967431 -0.0356847085 0.660755038 0.0587874055 0.665774941 -0.284309238 -0.42816323 0.0590647832 0.078679651 -0.557648063 -0.0126144672 0.684432983 -0.210931495 -0.181741416 -0.0276901424 -0.432134062 -0.15816389 -0.382831335 -0.419176638 -0.18937318 0.0455535837 -0.382566094 0.136484519 0.110263102 -0.401204765 0.0486472137 0.0166646224 0.257815093 0.0697367787 0.362929493 -0.418433934 0.430621147 -0.0729019046 -0.0164958108 -0.685658276 0.369095802 -0.15621011 0.000647442299 -0.0149044031 -0.506559908 0.410532326 -0.304696172 -0.413712204 -0.154967874 0.319365442 -0.0260362029 -0.312343925 0.156623036 0.328001142 0.306146294 0.402806431 -0.0442122258 -0.0833309293 0.430830956 -0.860212624 0.184370041 -0.444940209 0.178199723 0.458980829 -0.090492785
tensor_dense1bias0 14
0.823326707 -1.12497222 0.745131671 0.364234269 -0.0687637404 0.0497348569 -0.126407906 -0.618276358 -0.0101825949 0.559744954 -0.629543364 -0.136664584 -1.41983485 0.132332698
tensor_dense1kernel0 196
-0.0376958549 0.00787520409 -0.443995148 0.137012243 -0.114182711 0.418205738 -0.146192163 -0.0607629716 -0.0270018876 -0.343824536 -0.24716866 -0.133122802 0.209895194 0.206607938 -0.76722312 0.0685053319 -0.0234644413 -0.255900532 -0.573360085 0.71133858 -0.394801438 0.549512327 -0.52563256 -0.133368999 0.28979674 -0.0288278013 0.71826762 -0.332352012 0.142141894 -0.216239169 -0.109280854 0.0304180123 0.756834507 0.177171931 -0.0223509353 -0.350147218 -0.340682149 0.51246202 0.169191271 0.107616059 -0.182065308 0.0178651791 0.00432542386 0.18602927 -0.368468404 0.186421365 -0.509095311 0.160640419 -0.294844359 0.437863082 0.495616466 -0.323061585 -0.65191865 -0.115541324 -0.0934539586 0.130068436 -0.285399437 0.047527492 0.0386769176 -0.00682902336 0.28772366 0.231044352 0.419917405 -0.460617751 0.0127015114 -0.0728451014 0.00312966108 -0.289064407 0.0784912109 -0.154896855 -0.248555079 0.44645673 0.275090039 0.450785637 0.131136179 -0.334198594 -0.401539296 0.0671336651 -0.0107050836 -0.124041528 -0.273494452 -0.226445615 0.165972352 -0.374035239 0.494340718 0.340342581 0.262877703 -0.331613451 0.474394292 -0.187014639 0.161759794 0.129785657 -0.00574124465 0.357094646 0.124119632 0.0759656578 -0.0442174971 -0.0277794469 0.384771109 -0.100962579 -0.353885084 0.366147101 0.152140915 0.0708353519 -0.163119256 -0.404315025 -0.25482446 -0.228151873 -0.226345062 -0.417654097 0.349842906 0.0282584131 -0.289033115 -0.119592331 -0.246247783 0.0685335696 -0.106127977 -0.176955521 -0.215191558 -0.01058036 0.448575675 0.462846637 0.229823917 -0.102149203 0.0806189179 -0.15305762 -0.343657672 0.00702944398 -0.279902995 -0.437424153 0.410217643 0.174410522 -0.329550982 -0.120262146 0.428783655 -0.268767357 0.333167553 -0.239764065 -0.309566915 0.444957852 0.41646713 0.348154545 -0.212564811 0.31010443 0.436407685 -0.243155271 0.0153852999 0.196654513 -0.127269581 0.176278055 -0.434657693 0.270210147 -0.183915928 -0.396285206 0.0183581132 0.0441102497 0.714345574 0.357028037 -0.136692092 -0.479815453 -0.0696574375 -0.144625664 0.125629485 -0.312912017 -0.460935026 -0.210291922 0.278300971 0.145613983 -0.306328446 -0.359328479 -0.0691877902 -0.141808063 0.0444764495 0.105152667 0.37583065 -0.377057374 0.11258018 0.449136436 0.366498172 0.123348534 -0.27755329 -0.0740026236 -0.276583284 0.285091996 0.333857596 0.230736017 -0.0183881521 -0.194047332 0.0471350551 -0.386553645 0.357343614 -0.219916224 0.276248515 -0.377882719 -0.457603961 -0.112383842
tensor_densebias0 14
0 -0.7286973 0.8257851 -1.05889881 0 0 0.385636091 0 0.0590502433 0 -0.00158169237 0.858361304 0 0
tensor_densekernel0 98
0.176852286 0.616503954 0.733110309 -2.37170911 0.0627744198 -0.336761951 -0.978084624 0.398794949 -2.1566534 -0.527578413 0.41035226 1.7791307 0.349690378 -0.38534683 0.433406949 6.15612507 4.65667868 3.25961518 -0.0668950975 0.124513149 -6.15762329 -0.0186802745 -0.288554937 0.222672641 -0.457291245 -4.70446014 0.26842618 0.485758126 -0.00460416079 -2.06946683 -1.00008488 3.38515067 0.0764091015 0.125287473 -0.853434086 -0.474506229 3.10612869 -0.506957412 0.457599401 -3.44044089 -0.529988408 -0.176725119 0.103817284 -0.251231223 0.759314179 -0.22046338 -0.0198692083 -0.191755801 0.014154885 -0.282344162 0.870455503 -0.0370207131 -0.324012607 0.526101172 0.502146065 0.221752763 -0.142390221 16.889864 19.9548492 -31.8038921 0.0722144246 0.392014384 -11.2013607 0.365911484 -41.3922081 0.275120735 -0.274778157 22.0438671 0.486763895 0.279362679 -0.0381062329 -0.0101688383 0.0667648539 0.105564237 -0.264853776 -0.497420967 -0.0644147322 -0.488022655 -0.0969016626 -0.476967722 0.074103348 0.0712451413 -0.328229219 0.0308574438 -0.315224349 0.0271307658 -0.0628083572 0.0203963555 -0.170608371 -0.413155019 0.0626453608 -0.0378494561 0.0364117362 -0.462850034 -0.257458478 0.00952959619 -0.0880539715 -0.43682307
