tensor_dense3bias0 1
-0.664066195
tensor_dense3kernel0 8
0.422186881 1.27871299 -0.829669476 0.190762028 0.891460299 -0.648443818 0.522497296 0.591214299
tensor_dense2bias0 8
-0.352608979 -2.09379387 -0.652284324 0.332348436 -0.759848952 0.0220926572 0.876381576 0.667693675
tensor_dense2kernel0 64
-1.71497893 -0.329552919 -3.27960682 -0.287324905 0.734841466 -0.320368171 -1.34355903 -1.67875838 -1.23383498 0.365378767 0.152689636 0.398803324 -2.02736855 -0.384825736 0.578612268 -1.1770556 0.0471661799 0.447435439 0.402870625 -1.43984842 0.255494207 0.0953590572 -0.510103345 0.667467177 1.23838186 -6.32161665 1.14033592 -1.94019914 0.608560324 0.408239156 -0.524016619 0.942522466 -0.421377927 0.178122848 0.401525378 -0.140137568 0.433456272 -0.521207392 1.6814698 0.559363008 0.0819445848 -1.08354497 -0.0227692015 -0.0366765335 -0.0392499417 -0.326139629 -0.425898731 -0.0915631205 0.663870573 1.1170243 1.63845348 0.532318294 -0.188899681 0.536925256 0.215886563 0.990330517 0.761378646 -1.05239975 0.80089128 0.481357038 0.299996018 0.0675012395 1.15631008 0.922564328
tensor_dense1bias0 8
0.54278177 0.434064537 -1.49308705 2.31356406 -0.608879268 0.778553188 0.276614755 1.37749398
tensor_dense1kernel0 64
-3.67481351 -0.347347677 2.26982903 0.801371753 -0.749934018 0.835650682 2.79235935 0.880369127 0.0496798269 0.635083139 -0.195920944 0.010494424 1.76576221 -0.296944559 -0.927365541 0.271954685 -0.0961024091 0.811302781 0.309192836 -0.138312742 -0.3391518 -0.336948454 0.524701416 -2.52123451 -0.00936283916 1.46505868 -0.156763464 -1.33149755 2.11814928 1.30894637 0.244514138 0.234635919 0.0219479837 0.0622406304 -0.405357391 0.142942771 -0.227004156 0.277254492 -2.45272708 0.157781005 -0.0137538398 -0.637411356 0.0544073433 -0.00447546598 -1.15445173 0.194239676 0.482687831 0.138292179 1.45670426 0.448061377 -0.10785614 -1.52340519 0.547128856 0.98363024 -1.32451534 0.329927415 0.159518719 -0.294995725 -0.213081226 0.184454769 0.32668075 0.415215611 -0.0714198351 0.2345054
tensor_densebias0 8
0.0925736278 0.419645011 -0.143015996 -0.31212762 -0.117348574 -0.559987545 -0.199795559 0.600189209
tensor_densekernel0 32
0.0217115022 0.966773868 0.216996148 0.107607178 0.0117710643 1.51917398 0.014799105 -0.020338254 -0.453849763 0.132249728 2.02756214 0.859589815 -1.25782204 -1.42882657 -0.677938044 -2.86267376 0.0512129664 -0.0243512075 0.0284630116 -0.734371722 -0.676614881 -0.00127652392 0.104740337 0.1902951 -181.599823 165.919708 -72.5330124 0.27583307 0.866389036 -106.079666 168.144379 33.9324951
