tensor_dense3bias0 1
0.59754926
tensor_dense3kernel0 12
0.0838654637 -0.0953199193 -0.0644407794 -0.0716299638 0.0977649465 -0.0618740879 0.114357866 0.0415050574 -0.156689331 0.0782494769 -0.0529374704 -0.0520501509
tensor_dense2bias0 12
-3.80796289 -7.24692249 -1.04707325 -2.02266264 2.69083166 0.0654571578 5.1262536 -0.178052962 4.34114504 0.309707195 -2.15535522 -3.04062939
tensor_dense2kernel0 144
-0.317736238 -0.551550686 -0.343679994 0.31103459 -0.0717578903 -0.0545444638 -0.367297769 -0.460603595 0.216570601 0.0422952808 -0.670454383 -0.195477128 -3.72468424 0.0760008097 -0.496540874 -1.03021681 0.324209929 0.407778233 0.565580726 -0.51849848 0.0307531413 -0.866081774 -0.383384705 -0.278518796 -1.096246 5.66390467 2.3426187 -1.28022802 -6.50226593 1.97289991 -5.95514679 0.405294448 -1.17738688 -4.4399066 1.6329999 1.86694753 1.34542942 1.03574431 2.32799196 0.257367969 -0.347569525 1.60268819 -0.971577168 -0.699807584 -0.253956705 -4.58664179 2.74836135 1.1066699 -2.24991727 -6.84189701 0.889153183 -0.0936831087 -0.119813561 -1.05360556 -0.134129316 -0.674453259 1.21201169 -1.40480828 1.10778546 -0.466872275 -0.164968744 0.0485376455 0.579566538 0.511969388 -0.384097964 0.0843426064 -0.46181953 -0.317339033 0.00448659202 -0.266873002 -0.00354230381 0.597667396 -1.03528821 -0.269189864 -1.25409162 -0.120267987 -0.525013983 -4.62187433 -0.277315646 -0.548810959 0.423239261 -0.400148213 -0.376053274 0.0931329951 -1.56536365 0.719062567 0.910100937 0.63077569 -0.489214569 0.350697368 0.0153582729 -0.249090448 -0.407761633 -0.122870006 0.406723469 0.0546494983 -0.372562647 1.43960559 -1.05691636 0.0692565814 0.0802439228 0.249560505 0.064845562 0.260971516 -0.180016175 -0.171031743 0.22207807 0.94726491 -0.631727993 0.0800240338 -0.0369120799 1.97456861 -0.767717421 -0.304500282 -0.613003612 -0.015726734 -0.301272869 -2.04633093 -0.0905022621 1.1098702 -0.904110491 0.151064664 -0.697018743 -0.393666059 0.32444036 -1.0723927 -0.0404237434 -0.0353675112 -0.303813964 0.552301884 0.164972633 0.0437957011 1.33351386 1.11736822 1.60449708 0.409488231 -0.365096182 1.59836781 -0.409165502 0.218522847 -0.342054188 -3.11524272 0.758626521 -0.335910827
tensor_dense1bias0 12
-0.495554745 8.49850655 0.0544199161 -2.65357709 15.1688156 -1.5830251 2.55693412 -2.78245807 -7.35368443 -0.274123579 -3.5768187 -2.72183418
tensor_dense1kernel0 144
0.49677676 -2.88595104 -19.3687077 0.812424898 -0.295883864 0.249689624 1.02204752 -0.704822838 -0.14273791 0.355183095 -14.3783293 1.43471265 -0.256800413 0.318685651 0.1380229 0.215372682 0.316473365 -0.00201749802 0.0354793072 0.105870605 0.28400743 0.00721156597 -0.488433719 -0.0306711197 0.677402258 0.334275424 -0.116836078 0.462664664 -0.026688613 -0.0350783765 1.54741442 -0.630386472 0.222835809 -0.0642206669 0.198419139 0.451032877 0.34365657 -0.590470672 0.0578087419 0.0476154126 0.0313216373 -0.114265576 -0.18886897 -0.0778786242 0.135612711 0.100181304 -0.126778081 -0.217857257 -1.64342999 0.0965441242 -17.9781857 -1.13486814 0.0981887057 -0.100838348 0.544729233 0.938700974 -0.188318864 -0.172505096 1.47092617 0.600303471 -0.154133201 -0.220170736 0.0974977016 0.0914071798 -0.260944724 0.388823748 0.0792067051 -0.400886178 -0.105730414 -0.34099555 0.458054304 -0.443874955 -0.132946372 0.369673729 -0.0784398317 -0.225395441 0.400075436 0.135042787 0.499846578 -0.069414854 0.109580517 -0.032263279 0.141057968 -0.294918418 0.195564017 0.12067423 0.163392633 -0.270173848 -0.251244843 -0.148567259 -0.202566534 0.118653968 -0.272770643 -0.394414902 0.173660293 -0.010721554 0.810617924 0.170146361 0.117806002 -0.132856682 -0.00643828604 -1.20981205 -0.419749349 0.412261218 0.153723449 -0.307331771 -0.406822979 -0.985124171 0.101751596 -0.0971539989 -21.4292316 1.10786998 -0.218329102 -0.692102194 -1.20409775 -0.22104685 -1.83509529 1.46365583 -0.362395674 0.256879896 -0.268666238 0.233497173 -0.0796685442 -1.36161661 -0.123221792 1.07990575 -0.349003971 -0.104870968 0.497735947 -1.72469068 0.0756735206 -2.3000412 -0.210134149 0.47363162 0.330863833 -0.268583894 -0.480615616 0.0301711559 0.016343236 -0.483461618 0.234827757 -0.271120191 -0.312544942 -0.326294661
tensor_densebias0 12
0.418207824 0 -2.72232199 0.455232948 -1.64542437 0 0 -0.173524141 2.21046877 2.30855036 -4.68069267 0
tensor_densekernel0 72
3.68464494 -0.203674793 -14.6841059 3.11651444 -9.61091614 0.277956367 -0.49641794 0.223153383 -0.215242147 -1.55764532 -0.92636466 0.397127509 3.80743027 0.423231244 2.13051033 -5.63816214 3.22317886 0.0741145015 0.543397784 0.374603808 -12.9140158 -17.0675373 21.2528629 -0.297769874 0.568590164 0.211218476 -10.0082397 -18.0116501 22.0938911 0.28329283 -0.326283872 -0.697305441 -3.68359947 1.86920965 0.761246324 -0.0812145174 1.99678779 -0.37351054 0.929117501 0.0724863335 0.61311996 0.0763170123 -0.35668093 -0.150423944 2.51866174 0.290118873 -0.258846313 -0.318533421 0.435088426 0.130091906 -0.0714076757 0.332920969 0.00264730258 -0.418714881 0.136242986 0.289800346 -0.0372758172 -0.0593758076 -0.0378761515 -0.479342729 -0.619325042 -0.277772605 0.097192958 -0.00464620208 0.0389924757 -0.236684203 -0.509126663 -0.575610459 0.0238891505 0.109303646 0.0950334668 -0.286659509
