tensor_dense3bias0 1
-1.44859636
tensor_dense3kernel0 10
0.390430361 -0.0933087617 0.287539929 0.0152241196 0.578178942 0.26354453 0.255398959 0.372620493 -0.156847462 0.292770267
tensor_dense2bias0 10
-3.84329534 3.52950931 0.922675192 -0.301593184 -0.0135134291 1.98270524 0.905703247 -6.45197916 0.77065587 0.263697743
tensor_dense2kernel0 100
-0.187224939 0.205352321 -4.29146481 0.190867066 -1.52078521 -1.70297205 0.176015705 -0.437871546 0.50995487 -0.608375311 0.465691119 0.0588057674 -0.0886555314 0.2139377 -0.453198582 -0.0728499293 0.136347711 0.080394119 -0.250396043 -0.528805614 -0.205832824 -0.536378801 0.183413938 -0.407263041 -0.235945821 -0.0453518853 0.707874477 -1.13561845 -0.471084148 1.07262278 -0.00559616089 0.427455813 -0.488304496 -0.231602341 -0.24695012 -0.0921579003 0.0670022219 0.487163275 0.155467227 -0.0882439241 0.231259629 -0.0041301134 -1.90921736 -0.658510268 -2.22745824 -0.950030565 0.0542126261 0.372391194 -0.536909342 0.0809938684 0.0280188415 1.9838798 0.279995531 -0.0229508094 0.441294372 0.765003741 -3.97349477 -0.38257429 0.391327232 -2.31277704 -0.210942477 -0.186086133 0.101511933 0.261335224 0.344498456 -0.56038785 -0.353884906 -0.326110005 1.25115883 -0.169426844 -0.466483206 -1.5912677 -0.840043843 -0.425026417 1.41917861 0.749277413 0.426871926 0.609885573 1.84510481 0.0959013999 -0.255203635 -0.520394683 -0.115430035 -0.116499305 -0.208387688 0.0224797633 -0.396706879 -0.236019447 -0.429199964 0.115299843 -0.809463322 -0.519059062 1.00584364 -0.784905314 -2.40266943 -0.557465911 -2.1809752 -0.980336726 1.9509666 -0.947449863
tensor_dense1bias0 10
0.276004195 -0.0294305757 0.784971237 -0.021515416 0.930670738 -2.33233166 1.8578043 1.64897716 -3.83559704 -1.30377495
tensor_dense1kernel0 100
0.226954475 0.25910759 -0.171640024 -0.50988543 0.240478143 0.316795141 -0.115603231 -0.0140171051 -0.591816485 -0.201064125 0.050507158 -0.516961455 -0.333086699 0.417289883 -0.673417389 0.366559446 1.23333311 -0.326921463 1.51698685 0.187168404 -0.0723237544 -0.298395932 -1.16860723 -0.493282855 0.893871248 -0.217091933 1.0666852 -0.0970245749 -1.00190783 1.11861801 -0.511343002 -0.470210195 -1.67332101 -0.381922483 0.120393686 -0.0123457741 0.604315877 -1.58055031 -0.154595047 1.40735471 0.381052524 0.0579796731 1.28525114 -0.544193387 0.48202458 -0.0768157616 -0.710846066 -1.27857804 0.814284921 -1.26270604 0.180085927 -0.0903399885 -0.120826423 -0.209320202 0.107672304 0.465166211 0.180556417 -0.268364966 0.768633544 -0.251460224 -0.253482819 0.184625268 -0.158850044 -0.38548556 -0.304630876 -0.556053817 -0.321341217 -0.516481042 -0.306702435 -0.272831351 -0.458381176 -0.472772181 -0.299308181 0.421890795 0.137781799 0.123525083 0.425119042 -0.0570393205 0.544698715 -0.354902565 0.8263008 -0.545218229 0.131331205 -0.110661305 -0.675756514 -0.773849487 -1.71805704 0.323823333 2.34875584 -0.233234957 -1.29024303 -0.296248913 0.620528877 0.0507271662 -0.393812567 0.285898 0.140514359 1.08750105 -0.255033225 0.878737211
tensor_densebias0 10
-1.49110651 -0.883278012 1.15010285 0.211599976 -0.355843097 -0.290670842 -1.54774392 0 2.07231498 0.0706969127
tensor_densekernel0 50
-0.133909315 0.681099236 -1.89525378 1.23131502 0.656048357 -1.06874704 -0.953084826 0.00429987907 0.450918108 1.49378836 -1.29770434 2.52689075 1.7208972 -1.24991691 1.43705761 -1.94569468 -0.89198631 -0.0451978445 -1.61978769 0.880804539 0.678236663 0.353068978 1.19227993 1.81234467 3.31355834 1.73685205 0.226728484 -0.253528595 -1.13002086 -3.25849056 -1.75260365 -0.247032866 -0.012435413 -0.00383872516 -0.0148452958 0.306951314 -1.85491502 -0.0766146183 0.0197392888 0.0642908514 -1.9214592 -7.21452284 -84.1809998 -62.7517929 80.7609634 -58.9079666 -0.645394742 -0.248570025 95.9824905 38.8499641
