tensor_dense3bias0 1
-0.158113629
tensor_dense3kernel0 10
0.875905216 0.345041394 1.0909307 0.132640094 0.967032373 -0.676694274 0.53674382 0.0317240357 0.339015603 -0.605281711
tensor_dense2bias0 10
0.349317551 -0.24884738 0.536506653 -0.0145967845 0.30644688 0.153552547 0.0690830275 -0.102144748 0.0808839202 0.858321011
tensor_dense2kernel0 100
0.458328694 0.0164213683 -0.118800119 -0.533223987 0.0790035576 -0.408656508 0.189584613 -0.542094707 -0.161924377 -0.243945405 0.256524533 0.679870129 -0.244754717 0.352635175 -0.0320213772 0.397464991 -0.501947999 -0.550518751 -0.412397265 0.480615199 -0.910767555 0.432499677 -0.88877672 -0.510770261 -0.290194392 0.879184544 0.0533404388 0.0592567399 0.0210426189 0.668048799 -0.226736158 0.460199296 -0.399932295 -0.367582053 -0.637325704 -0.180031806 -0.146024749 -0.265286237 -0.366981953 -0.233646721 -0.270509273 0.620791674 0.0608077534 -0.179261699 -0.803250313 0.420704007 -0.295298815 0.348668903 -0.28447023 -0.58331722 0.145274118 0.596788049 0.0263016671 -0.164871484 -0.689412773 0.133028135 0.7571913 -0.111695722 0.744746089 0.0947759524 0.0263920855 -0.425936937 -0.362282395 -0.0927400589 0.191246107 0.585502803 0.352262914 0.408274323 0.379490525 -0.0743480995 -0.121914893 0.172832698 0.542826831 -0.17600444 0.17491518 -0.423452377 0.385129213 -0.0917329118 0.397705615 -0.322461963 0.324076802 -0.244190603 -0.254898161 0.173706874 0.0885475725 -0.0681650639 0.536713064 -0.327399909 0.320430905 0.00430767098 0.414976537 -0.548296213 0.773324907 -0.363979042 0.7131989 0.423659503 -0.142586052 -0.120326497 -0.0808150843 0.13966459
tensor_dense1bias0 10
0.182023987 0.0872296765 0.0748873875 -0.507510185 -0.553338945 -0.909814417 -0.136179745 0.253150791 -0.907823265 0.593591094
tensor_dense1kernel0 100
0.525370657 -0.435360193 0.225764751 0.186915278 0.550650001 0.00153423822 0.149109378 0.38951987 0.151475802 -0.634871185 -0.52857852 0.165627778 0.0989371911 0.808606982 -0.490467668 0.758126676 0.25653404 -0.286814988 0.281953365 -0.551668763 -0.188609242 0.0734709203 0.179102272 0.252341211 -0.0806371197 -0.0956273302 -0.0400230438 -0.223645538 0.331083536 0.454056382 -0.968570411 0.607464015 0.532901168 0.724527538 0.272320926 0.0171275511 -0.187902749 -0.582434773 0.171314672 -1.33912277 -0.423190117 0.460624248 0.815343738 1.3623457 0.590676248 0.573396325 0.807273328 -0.478166878 0.0827994496 -0.235116795 0.115618557 0.0384838097 0.199444264 0.0116471387 -0.307632476 0.0798399523 0.512744486 -0.130997881 -0.596963286 0.586396635 0.376830786 0.0887582451 -0.187788248 -0.0202209931 0.568930387 -0.334245116 0.293739676 0.442298412 -0.534971952 0.302891135 -0.000883179426 0.0774153844 0.560925364 -0.114138134 0.0513483547 0.425739676 0.595530152 -0.687100887 -0.401378632 0.545935035 0.189955711 0.037160933 -0.143484414 0.188740492 -0.395089597 -0.212583363 -0.515640795 0.355695844 -0.100036234 -0.292195737 -0.000169795967 0.154703394 0.331611484 0.472439051 -0.344007611 0.276235968 0.412442505 0.0447083339 0.123981625 -0.0505813323
tensor_densebias0 10
-0.414192259 0.332831591 -0.26862511 0.164284393 0.200452581 0.460708201 -0.075703755 -0.0671584383 0 0.103943236
tensor_densekernel0 50
0.122835711 -0.923239529 -0.520218611 0.703609109 -1.01036835 -0.558950901 -0.128605813 -1.27767682 -0.546775162 -0.50192517 0.580157101 0.183011129 -0.158184603 -0.820753872 0.967832983 -0.734837949 0.226036042 0.497168899 0.320456624 -0.552198291 0.598307729 1.02158237 -0.00484966673 0.906529188 0.35271433 -1.22043014 -2.33547926 -1.34046507 -0.436927855 0.58756423 0.0279200114 0.0521546565 -0.404180169 -0.00205789227 -0.0068272599 0.0981126353 0.188789368 0.0351675451 -0.29957673 0.1243532 -1.9021647 -3.99988675 0.458526701 -5.18734789 -4.81301022 1.99557734 4.44101381 -3.94098687 0.390308559 -4.68177557
