tensor_dense3bias0 1
-0.209456235
tensor_dense3kernel0 10
0.636029541 0.483883202 0.391456515 -1.0010761 -0.317283899 0.433876783 0.245809123 0.117929637 -0.735559821 -0.00852268655
tensor_dense2bias0 10
0.735366762 0.181769401 -0.558598936 0.707691312 0.465944082 -0.92340976 -0.212326601 0 1.18295252 -0.0316276699
tensor_dense2kernel0 100
-1.11116123 -1.78765142 -1.01458609 -0.283439875 1.33894563 0.264591038 -0.0797877982 -0.519856334 0.0323103182 0.157619059 0.783427179 0.160326928 -0.274791121 -0.122802101 -0.273818374 -0.42298007 -0.30296573 0.020814538 -0.480851233 -0.216001987 0.295693874 -0.00479205092 -0.139337182 0.152748853 -0.116856419 -0.188777834 -0.242834687 -0.13334471 0.132053748 0.177040249 0.397255212 0.286626369 0.377255678 -0.0412510447 -0.513281584 0.188329667 0.237201199 0.52862215 0.60804522 -0.359024167 -0.302087694 0.657975078 0.308978081 -0.891041815 -1.0261476 0.11547292 -0.0549931005 -0.325184405 0.325890929 -0.487841159 0.729625046 0.701670229 -3.04415727 0.443655342 0.0990832224 -3.8280282 0.262635827 -0.485488892 1.22547114 -0.484109879 0.343232572 -0.550260246 -2.47855687 0.491870552 0.274826467 1.04311669 -0.0484112091 -0.42165482 0.524972141 0.137372136 0.19679299 -0.169883147 0.284141302 0.323612481 0.760880709 -2.32655072 -0.822482765 -0.358058214 -0.413879186 -0.457678825 -0.738398373 -0.646991014 -1.00532508 -0.660279393 -0.461471319 -0.108130269 -0.0773269013 0.0810308456 -0.104256675 -0.217694402 -0.315502644 -1.05470622 -0.559620202 0.736878455 -0.0114408368 -0.711810112 -0.241724432 0.11400944 -0.433868498 0.41024518
tensor_dense1bias0 10
-0.304850549 0.316503942 -0.192413017 -0.806632757 0.379911482 1.67421353 0.738066077 0.178411886 -0.220384941 0.28065452
tensor_dense1kernel0 100
-0.528633177 0.421974182 0.0630919859 0.202287644 -0.586175859 0.0179794766 -0.977351248 0.31280005 -0.349291056 -0.315381408 -0.0613638833 0.407329559 -0.0118037481 -0.73941654 -0.471983045 0.59845829 -0.412451774 -0.0290021133 0.355771273 -0.331172436 -0.401702583 0.0448406264 -0.085443221 -0.0270324945 -0.198985681 0.330655903 0.428505123 -0.362671971 0.450822204 -0.204252809 -0.182953924 -0.733672559 0.261932611 -0.542403996 -0.324668288 -0.477154195 -0.156149 0.768930972 -0.34863776 0.459326118 0.516485929 0.644868851 -0.487983108 0.328721434 0.901913226 -0.163355887 0.231496513 0.342967331 -0.870308757 0.42335853 0.368059337 -0.525025606 0.34091264 0.141112447 0.430238485 0.445311904 0.514466405 0.295571923 -0.393493563 -0.531375825 0.245962322 0.523331225 0.429358095 0.210075557 0.310895562 -0.00528047746 -0.49435851 0.315489054 0.396690845 -0.0369392037 -0.754393101 -0.196045876 0.00527870655 -0.430809438 0.810245633 0.513856411 -0.491420925 0.632142186 -0.020172162 0.0898892805 0.675949752 0.324222147 -0.584101558 -0.299465537 0.579339147 -0.620266318 0.198977739 -0.296482682 0.473044276 -0.489385813 -0.0979931429 0.707875311 -0.485546291 -0.300492704 -0.343013465 -0.233328626 -0.348266065 0.526734471 -0.888020813 -0.86515677
tensor_densebias0 10
-1.0650264 0.122515723 -0.123713054 0.0142945638 0.684336364 0 -0.234171301 0.310130864 0.259890378 -0.272265047
tensor_densekernel0 50
0.437867641 -0.392026454 -0.305674464 -1.74174511 1.24880242 -0.0411888361 -0.429105997 -0.0195396133 1.49122417 0.522679985 -0.373347253 1.38415766 -0.318135262 0.298822999 -1.37024844 0.135993242 -0.0455407426 0.481686264 -1.08792746 1.16798282 0.305359781 0.110255077 0.0374556407 0.000397982192 -2.13079143 -0.557745099 0.0988845229 -8.12713432 1.52949059 -1.72512758 -0.521653831 -0.00335510867 -0.542626619 0.102783941 0.00424218457 -0.548457086 -0.469214022 0.0152127743 0.0495433025 0.0288546868 -1.46781027 12.6266661 0.544005334 -22.3160877 11.8963928 -0.585321546 -0.328608841 18.1447525 6.35931015 19.6296043
