tensor_dense3bias0 1
0.289785624
tensor_dense3kernel0 12
-0.108550765 -0.0852429867 -0.0908065736 0.0115434965 0.160618648 -0.102851234 -0.291149557 -0.00929144956 -0.0784854069 -0.707010448 -0.221617565 -0.264769614
tensor_dense2bias0 12
-0.505321026 -0.734071493 1.38029778 -0.353474796 1.42000413 0.529418349 -0.15729323 -1.87618351 -1.65945673 0.0603823364 -1.17830765 -0.232973188
tensor_dense2kernel0 144
-0.4185552 -0.931618869 0.114246525 0.14621301 0.651282966 0.492349654 0.307133079 0.247409552 0.30701974 0.490579605 0.0213325117 -0.215398416 -0.0528376773 -0.426000416 0.263450027 -0.30455628 -0.366674632 -0.00860318635 1.09671962 -0.0237990841 0.547246933 0.0813248828 0.589242995 -0.280485272 -0.0439398177 0.581799865 -0.97015506 0.059465725 0.16929172 0.245609924 -0.194211453 -0.931159973 0.501296699 -0.12463247 -0.103424646 -0.502430856 0.534016609 0.0648937672 1.02689612 -0.149060011 0.0802807659 0.0308071915 0.509180546 -1.02526867 0.335342467 -0.384937525 0.572943807 0.326185852 0.346256226 -1.24049759 0.301452696 -0.403609306 -0.159373462 -0.039560996 0.495299727 -0.105397023 -0.728316307 -0.3433851 -0.480513453 -0.82838887 0.0159932859 0.679528058 0.277674437 -0.0542589054 -0.515414 -0.475080371 -1.19180679 -0.174774289 0.117117733 -0.28688693 -0.705908537 -0.472438157 -0.893083274 -0.629792571 -0.383263648 -0.374893069 -0.276482642 -0.226288602 -0.491034955 0.0746224746 0.394445658 0.140996709 0.850616217 0.18977651 -0.0223088618 0.225958005 -0.0731747001 -0.0514543727 0.478808194 -0.532228708 0.0702096075 -0.205892339 -0.183153078 -0.23878096 -0.110943079 -0.0295914244 0.33944717 -0.850693405 0.251229852 -0.459305942 -0.390405357 0.185133129 -0.0746793747 0.26408428 0.415913701 0.135715842 -0.526482522 0.0818496123 0.0885651112 -0.089931272 0.196134746 -0.754629076 -0.0578562878 0.551601231 -1.39265668 -0.48673144 -0.0013026261 -0.294773012 0.0262996964 -0.351242274 -0.359160572 -0.134401679 0.0441844203 0.0567170382 -0.152734309 -0.445322752 0.0329108723 -0.0858302116 -0.334394813 -0.2193259 -0.461907059 0.493012309 0.793358922 0.180429861 0.249790072 0.286547154 0.442437142 0.355646104 0.908839345 0.0787599981 0.185722262 -0.0558240414 0.243811265 -0.411129117
tensor_dense1bias0 12
-1.17736721 0.0881401971 0.965689063 -0.466818511 1.15503752 0.19966203 -1.69578004 1.39123368 -0.240813226 1.18832827 -0.014817467 -0.119765483
tensor_dense1kernel0 144
-0.0628807545 0.335893393 0.451097369 -0.142890811 -0.344079614 0.0772475004 0.119909763 0.0518518686 0.243374705 0.23951602 -0.0934479237 -0.463045716 0.271287829 -0.0401512384 -2.06473422 0.209242076 1.55381286 -1.24965727 0.742016196 -1.4094137 0.0495192036 0.187285483 -0.112602226 0.3984963 -0.242335618 -0.41865474 0.175511703 0.0267628543 0.301691353 -1.67843544 0.284382701 0.0935362875 0.0265251398 -0.596064091 -0.486108661 0.295296401 -0.67188406 -0.834095657 -0.184201717 -0.0424868912 0.177329808 0.38671729 0.120915435 0.61736995 -0.153407797 0.093389228 -0.160022289 -0.0644339696 -0.0829581022 0.42439267 0.189826205 -0.3401438 -0.0346753523 -0.13798514 -0.419376731 -0.064162232 0.181214616 -0.304889202 0.466334701 0.372567564 0.410876989 0.385766506 -0.404491901 -0.48792088 -0.0077047348 -0.374889255 0.410652161 0.439284682 -0.205908418 -0.28542614 -0.471610785 0.357615232 0.337036103 0.237012297 0.588941991 0.59443295 -0.454364628 -0.597560942 0.940133512 0.362699091 0.147726879 0.936399758 0.367977828 0.0798175931 0.392303884 -0.0229523964 0.130298927 -0.609701455 1.01191068 -0.941767335 -0.807570398 0.117406957 -0.948516011 0.02411725 -0.341480374 -0.435939759 0.0730854794 0.0766782835 -0.268622547 -0.145686924 0.149708211 -0.66216886 0.314466745 -0.0219845101 -0.500888109 0.357767493 -0.363309234 -0.366483957 0.101217389 -0.114369445 0.802099884 -0.0685325786 -0.28789714 -0.036907658 -0.2002092 0.120755963 0.113411576 0.276262701 -0.299734652 -0.383554101 -0.170416921 0.572039962 0.324374348 0.144913554 0.321111709 0.54493016 -0.418233812 0.0830080286 0.282866627 -0.2471264 0.304235071 0.581663609 -0.0053285514 -0.0472680591 -0.0769359618 -0.226406693 0.225658968 0.134142756 0.298860282 0.266497344 0.107521057 0.0262272451 -0.145883918 -0.373777628
tensor_densebias0 12
0 -1.26063347 -3.96528053 1.96023083 -0.00814444665 0 -1.36839235 1.43015933 -1.62280524 0.795479834 0.00544768339 -0.169005781
tensor_densekernel0 72
-0.00960886478 3.97015715 -6.03409338 -3.659271 -0.221373901 -0.339229107 -0.498898923 0.167609498 3.81924081 -5.78535128 -0.508538961 0.0569465533 -0.283243418 -3.40136147 -10.0749025 -2.77631283 0.0347429812 -0.360945344 9.23458862 -8.77209759 4.29176426 3.56115222 -0.446908444 -0.125629172 -0.520145953 -6.27987576 -3.52214837 -0.93618387 0.281318009 -0.0658339262 -1.7548393 -1.73395777 -0.208407208 -2.83725977 0.732808948 0.118996553 -0.0399436951 0.0186938941 -1.07657373 0.30106917 0.0522551574 0.291700721 -0.314499289 0.707788289 -0.539949298 0.472415864 -0.389131248 -0.275599629 -0.0972481072 0.00331986067 0.0467110164 -0.367519081 -0.548852623 -0.455488354 -0.00376843684 0.0406795107 0.187032476 -0.0234389454 -0.192750305 0.354041934 -0.0131376982 0.0103551671 0.0959782153 0.16402109 -0.333252102 -0.153310895 0.0344031267 0.027365502 0.0080738226 0.0449896641 -0.184430316 -0.601864636
