tensor_dense3bias0 1
1.11213779
tensor_dense3kernel0 14
-0.231808573 -0.211407483 0.290029824 0.0523173027 -0.125417382 0.0202962365 0.552369058 0.0471337065 0.471014321 0.348838925 0.343908459 0.199347466 0.378000855 -0.031202184
tensor_dense2bias0 14
3.19001842 -0.184514776 -0.273171216 0.416943938 0.415835589 -0.445128739 -0.176890463 -3.06968474 0 4.00001192 -0.0215447433 -1.9274404 -0.187866762 -0.437127978
tensor_dense2kernel0 196
-0.160696477 0.109715022 -0.406984568 0.0778154954 -0.164412528 0.168571815 -0.582739234 -0.655381501 -0.0185649395 -1.166605 -0.0958092585 1.14113057 0.405419499 -0.153245777 0.342450112 -0.271780074 -0.083806023 0.358626425 0.0078278305 -0.0156345218 0.180886462 -2.7085104 -0.216442332 -0.0944422632 -0.19769159 0.0545592383 0.0413352288 -0.225853264 0.041171886 0.0709773004 0.0961285755 0.115998179 0.670711815 -0.0804345533 0.12534897 -0.253923714 -0.072421968 0.115137108 -0.320176393 -0.646728098 -0.12753889 -0.550783455 0.192039207 -0.408022791 -0.511462331 -1.23828423 0.107954308 -0.685607135 -0.337059498 -3.20756078 -0.138549179 -0.280207336 -0.391498417 0.0391439497 -0.0434390418 -0.189832196 0.517557383 -0.0516346507 -0.0203430094 2.80727315 0.78944087 0.394496232 0.108756423 -0.356202334 -0.0320364833 -0.690331817 0.0324303284 -2.9942832 0.26398778 0.00149954366 -0.563248396 -0.223847225 -0.0197020974 -1.34159839 0.590735137 -0.473234802 -0.979234099 0.338565201 -0.209111899 -0.468128771 -0.558414102 -1.37371516 -0.256150484 -0.00763683626 -0.415812641 0.0515287034 -0.291543245 -0.762733757 0.599776804 -0.133605093 -0.807330966 -2.12891293 -0.0915789008 0.318540931 -0.389423847 0.0370010994 -0.403646827 -0.0858301148 0.466831058 -0.0408457182 -0.447349519 1.48753297 -1.00636208 0.035125941 -0.153424397 -1.27255821 -0.00535055995 -0.21314019 0.267152786 -0.420139432 -0.494149625 0.113370493 0.0245360471 0.315487415 -0.298843682 -0.145797595 -0.30046162 0.0216098428 0.0828141421 -0.0007151225 0.0529414415 0.00764929177 -0.301217765 -0.224784881 -0.421155035 0.0423439331 -0.216649532 -0.488277227 -0.350690544 -1.02092326 -0.63839817 -0.560687721 -0.164888233 -1.68532658 -0.094429791 0.110445648 0.0347839706 -0.377012581 0.000938032346 -0.134695947 0.402052879 0.160551399 0.0879707634 -0.635420442 -0.883825123 -0.595906496 -0.236821041 -0.114716969 0.0179921389 0.0294116922 -0.0186436884 -0.221993685 -0.393150538 -0.347374588 0.480996877 -0.326844633 -0.436261564 -0.403250754 -0.143744767 -0.141774058 0.0010539135 -0.347136855 -0.244097278 0.0247477219 -0.359642625 0.125675753 -0.350909054 -0.713347554 1.24125755 -0.142334074 -0.0724918991 1.34949553 1.28689349 -0.00609170832 0.404710054 -0.360910684 -0.213456154 -1.52546108 0.315438867 0.465258211 0.0267949644 0.229618788 0.213496819 -0.0857004747 0.0996932015 1.03110647 0.510702193 -0.492102832 -0.229773641 -1.72322404 -0.338477492 -0.0147588048 0.111823052 -1.78812563 0.0158277247 -0.0551266447
tensor_dense1bias0 14
-8.14319611 -0.683450341 0.727143764 -3.1904254 -1.619748 -7.58469343 3.26940703 2.91320014 -0.683402956 4.35871696 2.16829753 1.39434159 6.57945395 -0.342983365
tensor_dense1kernel0 196
-1.70551097 0.453596652 0.545714915 -1.06804597 0.329718471 -0.0611370392 -0.555471003 -0.419941485 0.076212585 -0.788749099 0.324525654 0.364344358 1.05663359 0.519640267 0.243487388 1.42291021 3.91861939 -0.299778819 0.729922354 -1.34505951 -0.0636056811 1.56974852 0.367001772 0.204103023 2.81860232 0.0575268902 1.10443652 1.89990985 0.0615254641 0.273522019 0.398216486 0.375597119 0.32501328 -0.182831138 -0.301003039 0.151803851 0.29789257 -0.397812337 -0.0338846743 0.00878205895 -0.421066314 0.336850286 0.0346928835 0.424836755 0.00938147306 0.0457620621 -0.344625235 0.233297348 0.387811065 0.0622446537 -0.331361175 -0.248557061 0.214958251 0.0983002186 0.00144171715 0.273440719 0.170382679 0.18821837 0.145507649 0.313096285 0.0332821608 0.307109088 0.755601168 -0.135673329 -0.109321691 0.224107042 -0.14054051 -0.131125689 -0.206240848 -0.223074004 0.142768845 -0.589136541 -0.826320767 -0.201067612 0.617840409 0.318625689 -0.237599418 -0.27115503 -0.585045636 -0.487214118 0.740868926 0.788624108 -0.0930642262 -0.729287446 -0.228494912 0.496583879 0.167660922 0.25276345 -1.44075668 0.0880902261 0.283635139 -0.356676906 -0.500237882 -0.300061822 -0.280774832 -0.342086196 0.10138233 -0.520241141 -0.0141605884 -0.151442066 -0.673294067 -0.487917274 -2.39972401 0.00433294242 -0.272811651 -0.393426239 -0.277227074 0.545806944 0.330536574 0.0646715611 -0.00194608211 -0.163027018 -0.307764858 -0.0633947253 1.5026648 0.326742589 0.408940345 0.750972807 -0.333701879 -0.414340764 -0.404694796 -2.22045994 0.260881513 1.06162846 -0.0138477283 1.51339984 -0.0449819155 -0.75787884 0.153282851 -0.243054837 -0.463495344 0.0542791858 -0.124561198 0.767043471 0.146424562 -0.506131351 -0.134264901 0.157431915 0.00506166555 -0.187831536 0.0223757271 -0.490052134 -0.147482187 -0.0368912183 0.9966802 0.566884279 -0.936984003 0.0646018386 0.193433955 0.04894045 1.05785227 0.594424963 -0.0750917196 -0.4455356 0.252288222 0.412160248 -0.550154865 0.481142342 -0.433614969 -0.277637959 0.34915176 -0.117058173 -0.227561802 0.402789682 -0.592308879 -0.0747042969 0.0112707177 -0.0572760589 -0.890773714 -0.148584232 0.286041051 0.546349049 0.792507291 0.624969959 -3.8153677 0.361816496 0.211180776 0.158161238 0.245781392 -0.694379389 -0.43409279 0.728105247 0.00934914313 1.45500016 -0.0639020801 -1.92068279 -0.430418462 0.333524436 -0.523820698 -0.55212754 -0.394948274 -0.761028528 -0.699270248 0.134069249 0.0360521004 1.05834866
tensor_densebias0 14
0.243960083 0.236580029 0 0 -2.00149298 -1.5879755 4.02897644 1.44286954 0.952571929 -0.435873806 -4.20930862 0.560989738 -2.46286201 -2.11840701
tensor_densekernel0 98
-0.245264858 3.27590656 -0.0352146327 0.161874652 -1.06031311 4.10844612 0.772745371 -2.93820691 0.554221988 3.00326467 -3.62805891 -2.36756682 0.833675981 3.18264413 0.86737895 -2.15342736 -0.498897225 -0.534320593 -7.28006601 7.46076679 -7.2046361 4.97903204 -29.4990501 6.02711773 6.29040861 -7.3209734 -1.77039456 -10.3317194 0.562409401 -0.847555995 -0.391044945 -0.0632680058 1.78744686 -0.685394824 3.06531525 -5.36794519 1.26784253 -0.147288784 4.62578726 0.644010007 -1.27128828 -2.7180779 0.631330848 0.35934335 -0.168743432 -0.326946676 0.704059482 -0.196604446 0.911309063 0.37758702 -0.139345303 -1.72983325 -0.182858154 0.402298361 -1.10788894 0.353298903 -0.176175654 40.0565491 -0.420435548 0.325673938 -130.509262 145.714767 -69.9353638 -75.9184189 75.7656021 99.3330231 27.6256104 -114.793015 7.02218676 105.443596 0.276000112 0.243910417 0.00625741482 -0.0852119327 -0.104075156 0.138368636 0.0343776271 -0.0535264648 0.0305416565 -0.0875971168 -0.0479892865 0.10007707 0.334989935 0.0178729147 -0.372918874 -0.292338818 -0.349202275 -0.434739679 0.0596784391 -0.00341017707 -0.0303821508 0.0411176123 -0.00945521705 0.0534393825 -0.00153512834 0.0343820713 -0.290462315 0.0133044431
