tensor_dense3bias0 1
0.874358296
tensor_dense3kernel0 14
0.255311072 -0.108862489 -0.00686364947 0.220502034 -0.217131764 0.125365302 -0.0798441395 -0.201336056 -0.123359576 -0.154021129 0.0182211976 0.189114824 -0.0638758391 -0.121215954
tensor_dense2bias0 14
0 -0.33984068 -0.108020626 -0.132414907 1.04847491 0.901960731 -0.0395488292 -0.556526124 0.22325705 -0.990847647 -0.340409517 1.78622198 -0.584852755 0.00891077891
tensor_dense2kernel0 196
-0.438714981 0.316751361 0.047992114 0.195805356 -0.681383133 0.197426617 0.313147575 -0.0238588508 0.0593159981 0.385287136 0.0220893454 0.417569041 0.255178571 -0.175230682 -0.16997987 -0.39561373 -0.515064836 -0.302618504 0.397232234 -0.12130779 -0.120670468 0.379044056 -0.564000189 -0.649061918 -0.0921368301 0.0243800245 -0.485537052 -0.373739064 -0.462851673 0.0613304637 0.198343351 -0.319418997 0.146715835 0.201574102 -0.0401805528 0.276847184 0.0970517844 0.0938665494 0.0940565541 -0.160895139 -0.0244913641 0.615135193 -0.391109556 0.820661366 -0.435154289 -0.408006489 0.0676614046 -0.345575333 -0.776610613 -0.0613715388 0.0768049434 0.213127658 -0.125469193 -0.493860453 0.588611186 0.114892364 -0.460231245 -0.430258065 0.370007932 0.32632792 -0.382155418 -0.0475271642 0.217476368 -0.272821993 -0.459283412 0.277182102 -0.107946128 -0.253377765 0.216610551 0.447916985 -0.254273057 -0.170837075 -0.188960016 0.285611272 0.0600230843 0.05790627 0.147888601 -0.388025492 -0.416617006 -0.180792511 -0.365880877 0.334083498 -0.0449442565 -0.320775509 -0.112633288 0.371452987 0.237654775 0.159400046 0.0867275074 -0.281989127 0.14860487 0.244758323 0.0782625675 0.0628252625 0.191957071 -0.333687186 -0.155743599 -0.368025422 -0.448861092 -0.135154933 0.170277432 0.0374309942 -0.361071199 -0.000478727685 -0.51646769 0.242852151 -0.378798693 0.359886259 -0.223567829 -0.436034858 0.186062023 0.101802431 0.339882493 -0.062241707 -0.181146488 -0.204048216 -0.283557743 0.311406046 0.245740965 -0.847274601 0.521298945 -0.36995399 -0.13612555 -0.207804322 -0.113665596 0.0335575677 -0.112678856 -0.305486232 -0.250846386 0.264708638 -0.363472134 0.327534437 0.230341583 0.113511316 -0.444459707 -0.14185819 0.171906888 0.0950367749 0.35413304 -0.104325444 0.10852766 0.70851773 -0.128798693 0.0371807069 -0.392800927 -0.0353242122 0.33193779 -0.43351391 0.421460599 0.880480826 0.691411018 -0.602973402 -0.366509229 0.336613953 -0.162176847 -0.628422976 -0.440758079 -0.639063776 -0.0704636052 0.355578572 -0.46211955 0.100971587 0.16349341 -0.576640427 -0.693234146 -0.161333576 -0.528154135 0.194936678 -0.0276208222 0.32547456 -0.375917107 -0.0989901945 0.158214018 -0.442853749 -0.770076394 0.384768844 -0.177002221 0.290737182 0.0547150932 -0.0723768547 0.295952111 0.633405268 -0.199021786 0.0542330034 0.425276875 0.248825878 0.261920154 0.295496047 -0.0881693736 -0.123154238 0.00845011882 0.199362591 -0.274354815 0.380829841 0.189660087 0.150376499
tensor_dense1bias0 14
1.32707095 -0.107370809 -0.0951752365 -0.597816944 0 -0.00083293987 -0.0762953758 -1.85593712 2.02240777 -0.0274212528 -1.27657831 -0.198711768 -0.836690485 1.89780414
tensor_dense1kernel0 196
-0.132366702 0.0043190578 0.380484968 -0.163736418 -0.450677037 0.438894451 -0.374211252 0.156179935 0.0822613388 0.34175697 -0.507471085 0.25099954 0.228532314 0.207944408 -0.325779855 -0.645555496 -0.419004202 0.0604245327 -0.240046173 -0.420994073 0.0295004826 -0.760451496 -0.195213482 -0.205439091 0.14925617 0.293602735 0.681684673 -0.21156989 -1.34719551 1.19705677 -0.219952941 0.143391818 0.0342534184 0.0307302698 -0.547425091 0.490813166 -3.24658918 0.341927409 -0.0285808314 -0.360498011 -1.26478004 -1.77012086 -0.369295061 -0.0991370007 -0.0197656564 -0.143943563 -0.113579452 -0.472505063 -0.409380376 -0.503035665 -0.484434396 -0.374820322 -0.166654393 0.345878363 -0.219820723 -0.0985079855 -0.0638485253 -0.0518648475 0.139062196 0.0482405499 -0.0685688555 -0.211864114 0.0346415378 0.542181909 0.230422959 0.277459174 -0.709316313 -0.0847508833 -0.228234425 -0.129293248 -0.0594980717 -0.375034034 0.0543732047 -0.0378222167 0.213571608 0.310504258 0.208548188 -0.461255789 0.372619331 -0.426048785 -0.0256531239 -0.02540645 0.231068432 -0.0457752049 0.51309669 -0.235205755 0.229241937 -0.114333406 0.00498777628 -0.209378645 -0.338471413 0.355993897 -0.45279631 -0.270829082 0.00322269369 0.23808524 0.340935796 -0.0513184071 -0.239559367 -0.0790116489 0.0217054691 0.150975004 -0.0462487936 0.238926962 -0.101617105 0.243176967 -0.46359241 -0.35836941 0.324508011 -0.126168087 0.429819107 -0.569037139 -0.176164597 -0.651114941 -0.00728811743 -0.705017567 -0.0428956449 0.1649241 0.0409296751 -0.161004305 -0.152096063 -0.211262569 0.100460313 0.578570366 0.653509915 -0.225208446 0.0736504793 0.417980492 0.0646549463 -0.312283814 -0.434626371 0.399394572 0.0699800849 -0.348936141 -0.0199159384 0.0194390416 0.0217052996 0.124007106 0.155470788 0.0767012835 0.023758702 1.03844237 0.708645523 -1.33406699 -0.0499712527 -0.396060705 -0.288659841 0.862198591 0.721654773 0.0289470013 -1.97972286 0.243034601 0.70647794 0.546315789 0.142329529 0.273736656 -0.254812479 0.132495612 -0.121515244 -0.384385616 0.0216457006 -0.168561876 0.526792109 -0.0766457841 -2.08954406 -0.0340840295 -0.311583608 0.248036757 -0.0632733032 0.0789413601 0.322381675 -0.00158094428 0.389008522 0.234963775 -0.177972168 0.118241876 -0.308198929 0.273199379 0.324578255 -0.234857649 0.357006192 -0.319919854 0.407081664 -0.188209414 -0.280931592 -0.462642968 0.173433244 -0.390526295 -0.174848795 -0.432047874 0.106778145 -0.169995308 -0.137109548 0.201733947 0.170078635 -0.36858809
tensor_densebias0 14
-0.250197858 -1.67887318 -0.9604249 -1.51677501 0.684024334 0 -2.46471786 -2.06894922 -0.132858679 0 0.571189761 2.12871337 -0.0580682158 0
tensor_densekernel0 98
0.569651783 1.78664064 3.44965839 3.04501867 -4.79325294 -0.264670759 2.80266166 3.48687482 1.14675283 -0.0759588778 0.16213654 -4.02745342 0.305149436 0.368739724 0.723558784 4.81783628 -7.8511095 -0.529874563 -1.49900985 0.320497572 5.58861208 4.40371847 1.21087003 -0.197884887 1.20441282 -5.07929039 0.132672876 -0.38744846 0.329778552 2.22996235 0.436216027 4.16280699 -5.00750685 -0.375861347 0.368331879 0.288610697 -0.401842028 0.230661571 -12.6390638 -2.77546453 -0.115376458 0.127285779 -0.373231173 -1.1128962 0.153793931 -0.723238409 -0.275986791 -0.233684987 -0.251771033 -0.478880227 -0.39332217 0.0156261921 -0.140796855 0.0777367502 -0.364108354 -0.267829359 2.54611921 12.9274035 31.1933384 23.3417492 -20.9203987 0.1089378 26.7158623 34.7208672 0.795342088 0.531207502 9.49324608 -31.7647152 -0.227419853 -0.200833231 -0.688816011 -0.0268863365 0.00531980675 -0.0183526129 0.136286795 -0.0306956172 -0.0635619313 0.217558846 0.0153334672 0.000826835632 0.0211362038 0.106551446 -0.222458526 -0.373449028 0.0146908974 0.0424960852 0.00821336918 0.0539063476 0.0127487648 -0.0529987514 0.100608796 0.00273851654 -0.0437303185 -0.199192673 0.0249057133 0.184138298 -0.129195854 -0.347548485
