tensor_dense3bias0 1
-0.717235744
tensor_dense3kernel0 12
-0.334555745 -0.0538700558 -0.194596902 -0.235936105 0.343882263 -0.163988844 -0.266788155 0.17373988 0.344966114 -0.0108856512 -0.9300946 0.735263646
tensor_dense2bias0 12
-1.5960542 -0.133326933 -0.434075981 1.10986578 0.688353419 -0.163858786 1.47301996 -1.56911874 1.20022821 -0.230624318 -2.40923238 1.56084466
tensor_dense2kernel0 144
0.356965691 0.594350755 0.588358104 1.01060128 -0.812125444 0.249010667 -0.624045372 -0.56741482 -0.775299311 -0.0378165804 -0.124473445 -0.704823196 -1.05962658 -0.750855267 0.143050566 0.666724622 -0.0992399901 -0.244893298 0.416065216 -0.0457903929 -0.186191916 -0.225210309 0.161987767 -0.39897719 -0.0378689542 0.49927339 0.713440955 0.250053138 -0.503125548 -0.101362243 -0.533228755 -0.0390380882 -0.0379393026 -0.0196037292 -0.0217653159 0.378526926 -3.92894411 0.585756004 1.07400799 1.15037453 -0.277388424 0.214351952 -0.143029541 0.221834466 -0.734046757 0.109523401 -0.0284776744 -0.421753496 0.488319486 0.0344635956 0.470541745 0.148997426 0.524839103 -0.603292584 -0.582344115 0.0906044245 0.31705305 -0.32156539 0.223585337 0.359222084 0.272691309 0.0165817048 -0.164524913 -0.332891732 -0.0588064976 -0.0833814219 -0.32947728 -1.00931966 0.0322702527 -0.101073198 0.591023803 0.138799712 -0.885094941 -0.168615893 -0.79418689 -0.0860137045 -0.358985811 -0.379110485 0.163506672 0.433694482 -0.364240527 -0.238471687 -0.0809442624 -1.15291297 0.0724687874 -0.236881271 -1.26236081 -0.47384876 0.431209505 -0.0421062708 0.211509481 0.46952641 -0.288087785 0.106019519 0.28891924 -0.0486446396 -0.270565182 -0.152005628 -0.460697681 -0.840344131 0.292623132 -0.278496623 -0.0898513645 0.0210909676 0.0709607452 -0.451977313 -0.0521230884 -0.347798556 -0.436679631 0.600060225 0.0645211264 0.720220089 -0.747550786 0.517152905 0.647066414 -0.58781594 -1.04318655 0.0100078611 -0.142420664 -0.587824762 -0.470789701 0.495004714 0.212296084 0.384331465 0.0331226774 -0.294861078 0.120071076 -0.326603711 -0.482058406 -0.170070618 -0.45752877 -0.452185452 0.00426532375 -0.517234147 0.657359838 -0.22899501 -0.245721295 -0.18770358 0.2304243 0.112483628 -0.370395005 0.0952070802 0.510970354 -0.146980777
tensor_dense1bias0 12
-0.805964291 -0.0590495542 -1.42047548 -0.305349827 -0.0149831399 -1.75081146 0.441867888 -0.885665953 -0.204678416 -0.892947614 1.22610724 0.724345803
tensor_dense1kernel0 144
-0.0733509213 -0.351385355 0.128633618 -0.0784448907 -0.43332544 0.158326209 -0.0993414074 -0.337688714 0.453930557 -0.0406383947 0.604780495 0.472968608 -0.0989906937 -0.475601882 -0.335882634 2.01001978 -2.32536054 0.142236531 -0.422517478 0.0134340096 0.781641543 0.161010548 1.21963537 -0.229087129 -0.498149872 -0.047302898 -0.0775693506 -0.987303793 0.010498547 -0.108633615 0.947951555 0.0398720503 -0.0845990479 -0.455614984 0.245877773 0.310324341 0.923503876 -1.09829164 -0.261778355 -1.32410848 0.341718942 -0.093506977 -0.850254118 -0.121515058 0.812496424 0.10343226 -0.611504376 0.00791605376 -0.00211093971 0.402427942 0.235319242 -0.151860341 -0.0109727941 0.734374583 0.161670163 0.564431608 -0.0507531352 0.0637225509 -0.195798486 -0.905358672 0.172269046 -0.880892634 0.236176819 -1.10079503 0.399629623 0.235056296 -0.55696702 -0.0416600853 0.90759778 0.810780764 -0.774066567 -0.171639994 0.583206356 -0.119774118 -0.597285271 0.529981613 0.292148858 0.357169151 -0.750484526 -1.30456305 -0.369630724 0.860315263 -0.536418855 -0.527814567 -0.217277557 -0.548266172 -1.03145802 0.71920681 0.0394376591 -0.882697999 0.216853604 -0.170001969 -0.654329419 -0.157746345 -0.288361341 0.101837158 0.285716772 -0.318815857 0.590099037 0.0936682522 0.307307899 -0.432994932 0.0522137731 0.00596239977 0.0632613003 0.172887161 0.557590604 -0.0854984298 0.0880193934 -0.312806338 -0.120055541 1.15007782 -0.770220578 0.549607992 0.237743169 -0.48345831 0.177588597 -0.320974946 1.12496591 1.63135564 -0.542087376 0.471719325 -0.291511029 0.738995612 0.53382951 -0.0988871679 0.092900537 0.178724751 0.181896284 -0.32642749 -0.0740756243 -0.237357542 -0.195854947 0.0577655546 0.0132586956 -0.0757250115 -0.139958605 0.0450774804 0.588585615 0.0504610687 0.0386130065 -1.10448003 0.174289271 0.04014742
tensor_densebias0 12
0.995353103 -1.02769649 0.668098211 -0.0479054749 -2.33714747 -0.0530055463 1.15985429 0.347361445 -1.20594561 0.487016022 0.225384489 0.626878083
tensor_densekernel0 72
-0.361633599 -0.162666902 0.00521311071 -0.0639106706 -0.0539992265 -0.0597171113 -0.0522846766 -0.858328581 0.397943228 -0.138677999 0.317657351 0.0683966354 0.344018489 -1.64802921 0.238746256 -3.23910189 -0.507567525 3.26330113 -0.0116408654 -0.0604032651 0.0744616836 -0.687193573 -0.228648752 -0.938916922 0.117255963 -0.0652376786 0.00936886016 0.00171812659 0.309857428 0.00353337824 0.0816384926 0.183928668 -0.359882742 -0.260297388 0.0156732742 0.061124716 0.633626699 -0.610554636 -0.00408491399 0.760186017 -0.30437392 0.458630413 0.277921379 -0.180795193 0.648518622 -0.0855572745 0.0416578911 -0.279580623 -10.260272 -3.81629562 -11.9891462 31.5810051 -14.1711683 32.8282166 19.8102779 0.0645030215 5.79941511 0.212612003 23.1283836 -30.974781 1.49964619 -1.20775199 4.60063124 -9.76736046e-05 1.06471694 -0.134854153 -7.53048706 0.399068594 0.45995605 0.0792515278 -3.06124353 1.48520398
