tensor_dense3bias0 1
0.0844600424
tensor_dense3kernel0 10
-0.561077714 1.15548706 -0.00740644103 -0.54371196 0.129772186 -0.402813882 0.666062891 -1.43084848 0.522961557 -0.628222585
tensor_dense2bias0 10
0.890063167 0.886708081 -0.168814361 0.494306922 0.0890610218 -0.0820401385 0.80947566 -0.0412973017 -0.0411144234 0
tensor_dense2kernel0 100
0.531122983 0.883195519 -0.247875869 0.252230078 -0.230907217 0.0811028481 0.106611744 0.0593160167 -0.303348422 -0.108174413 -0.551442921 -1.82977569 0.379339963 -0.143804863 0.242678061 -0.780280411 -0.12204989 -0.748390436 -0.450237393 -0.271450132 -0.347391635 0.343350977 -0.0871563926 -0.437669665 0.250736773 0.00237507606 0.014169734 -1.12938511 -0.407520473 -0.123051584 0.203450084 0.0475393534 0.393516541 0.346337974 0.13310498 0.0744352341 0.36757189 0.217651963 -0.51636833 0.310986221 0.119430885 -0.144862935 -0.348987252 -0.338023692 0.279982597 0.395254284 0.119642891 -1.46051455 0.254111558 -0.16989544 0.0231078174 0.172584593 0.27555114 0.810154855 -0.029946506 0.240553945 -0.568589926 0.793408453 -0.241653919 -0.221997797 0.484326154 -0.799386561 -0.296839476 0.386502862 -0.862265468 1.24583435 -0.815899193 -0.128376007 -0.191792235 -0.321889967 -0.211361825 -0.035765782 -0.258179039 0.484031945 0.176791698 0.0496438406 0.576094806 0.0277161077 -0.145853177 -0.25894627 0.131652504 -0.330703855 -0.349498332 0.510647535 0.0373808406 0.680445194 -1.49184859 0.260781616 -0.460260689 -0.319013268 -0.449684352 -0.110807732 -0.0182143636 0.236421973 1.06442404 -1.42209983 0.173937693 0.202322781 -0.542489827 -0.464286089
tensor_dense1bias0 10
0.587294877 -0.914228976 0.16304262 0 0.131326929 0.23535046 -0.0913055465 1.30149579 0.173424557 -2.06173563
tensor_dense1kernel0 100
-0.650297225 -0.350701839 0.605393827 -0.178517312 -0.534190059 -0.366079509 -0.215026781 -0.0509388857 -0.442760587 -0.224201411 -1.51767087 -0.722100139 0.562225282 0.195560277 0.216936782 0.0254406128 -0.526624143 0.320086509 0.19830215 0.280772954 0.131947309 0.690889716 0.798190236 -0.108570874 0.668689787 0.21706444 1.13042367 -1.24093723 -1.08195472 0.710596204 0.296947002 0.413213253 -0.406443 0.252089143 -0.184430569 0.36297375 -0.36123839 -0.140112668 0.520667076 0.177003324 0.286532938 0.443718433 0.214354396 0.296048999 0.0513108373 -0.105176657 -0.448622018 0.0899922252 -0.295265704 0.230385244 0.00485640764 -0.44871825 0.45427525 -0.273049682 0.358926594 -0.273156911 -0.442244917 -0.263187885 -0.186812609 -0.528297067 0.509321392 0.621750891 -0.361057609 -0.489111751 0.0469103009 0.0386899896 -0.151760265 0.178562447 0.606977105 -0.199764341 0.0806303024 0.481772065 -0.039464891 0.431367934 0.0619533062 0.216508925 -0.198163003 -0.0157412291 0.404627144 -0.017894268 -0.111952566 -0.408074647 -0.000405333529 -0.51963836 0.428540707 -0.30379796 0.402391464 0.210687518 -0.262290299 0.319548458 0.242732853 -0.410634935 -0.619174719 -0.453097224 -0.622959912 0.811835945 0.445328832 0.320204824 0.801949859 -0.217083588
tensor_densebias0 10
-0.0552432537 0.564028919 -0.104894944 0 0 0 -0.368385345 0 0.16307959 0.931733847
tensor_densekernel0 50
0.630670905 0.212626934 1.47913265 -0.292945474 -0.594827592 -0.0151974559 -0.519377232 -0.372978002 0.650397956 -1.44880521 0.412750989 0.7247082 -0.867412627 0.360134125 -0.580887914 0.610188782 1.32914507 0.401355922 -1.4690069 -0.40182209 -3.79209471 -2.74815774 1.34801805 -0.623289943 -0.543355405 -0.328881383 2.1874795 0.0300213695 -1.5513581 0.0303345975 0.312603205 0.0192445498 0.0231004655 -0.407504976 -0.436413348 -0.383397996 0.406382173 -0.470356882 0.324797988 0.00811124407 -1.07422554 4.37219715 -7.84392071 0.624503791 0.419543684 -0.40253979 4.7240386 -0.0382261276 -7.81918716 0.303814799
