tensor_dense3bias0 1
0.407530934
tensor_dense3kernel0 14
-0.292647928 0.00382195157 0.100285761 -0.278379738 -0.0155884968 0.278706402 -0.158802226 -0.0786909014 0.464972436 0.208290651 0.422823161 -0.416422486 0.267031521 0.261470139
tensor_dense2bias0 14
-0.753331125 0.181775168 -0.367122769 -0.823012173 -0.0211757161 1.13406742 -0.173269436 -0.413371503 1.23758161 0.807712078 -0.233584553 -0.956327677 -0.0709680244 -0.0216221102
tensor_dense2kernel0 196
0.328789473 -0.0451310426 -0.0526982136 -0.0790647194 -0.079809323 0.441121757 -0.256309658 -0.0891247243 0.173870802 0.39199549 0.0444261134 0.300521463 -0.415406883 -0.191773921 -0.145865336 0.173398703 -0.344075501 0.094988957 -0.0268775187 0.0210333485 -0.428584725 -0.00143424363 0.0943630561 -0.0881279707 0.333311677 -0.176698178 0.324864924 -0.151269674 0.222817078 -0.158532128 -0.346934825 -0.260768741 0.429385513 -0.494410843 0.603540182 -0.203100577 -0.283040494 -0.824333191 -0.43679747 0.262870371 -0.430339962 -0.14577508 -0.262261897 -0.115767762 -0.37197724 -0.0378181934 -0.0522002503 -0.772932649 -0.169905066 0.0788994879 -0.0495732538 0.213580281 0.249797642 0.295752019 -0.264629096 0.240447581 -0.0790483803 0.0317240357 -0.194157377 0.391365439 0.178741992 0.335413337 0.396468848 0.268496841 -0.277864277 -0.567946792 0.33343783 0.149937376 0.321693897 0.143314779 -0.0661023483 0.361796468 -0.401507586 -0.143946975 0.450041234 -0.303976744 -0.00724541536 -0.0504311062 -0.135339871 -0.37252149 -0.296038598 0.288214386 -0.14946267 -0.40515545 0.214171246 -0.419011116 -0.383260876 -0.161687776 -0.186388031 0.0586146638 0.411358595 0.146455586 -0.15719007 0.306558341 0.173205703 -0.0927407593 -0.345700055 -0.108047783 0.881249726 0.11617627 -0.386796743 -0.215416998 -0.0704230741 -0.0579176061 -0.0536158048 0.00658662245 -0.149863884 -0.238136247 -0.163301453 -0.442364305 0.155998528 -0.461479694 0.199717894 -0.233712673 -0.249838769 0.481165081 -0.109466977 -0.0996572748 0.0557880737 -0.16465266 0.408799261 -0.503957093 -0.467441261 0.157149687 -0.219123662 -0.336156189 0.436102539 0.00728273066 0.0792865232 0.0661839917 0.184664905 0.118084289 0.500828505 -0.503703296 0.00133225531 -0.333678275 -0.376015663 0.464852899 -0.368446112 -0.19918412 -0.335726589 0.26074475 0.208111092 0.101434782 -0.015187378 0.0350847691 0.117798321 -0.740447819 -0.240088314 -1.06049466 -0.549278677 0.163649887 -0.050406564 -0.314001262 0.138572022 -0.253317952 -0.268204838 -0.233813822 -0.0761877298 0.0491478331 -0.286470383 0.110035412 -0.450002939 -0.164834917 -0.313171744 -0.256914109 -0.440089881 -0.403394222 -0.298846543 -0.113044553 -0.362784982 0.471679449 -0.4562442 0.17290023 0.441722691 0.0525820032 0.345006615 0.0879835486 -0.0963292718 -0.621844113 -0.0747148618 -0.0499483868 -0.712946653 -0.217968538 -0.535084188 0.465738326 -0.0136133442 -0.245209157 0.117430173 0.448640049 -0.848961949 -0.122954734 0.0832902938 0.289312303 -0.202149481 0.0307319593
tensor_dense1bias0 14
0.379527628 -0.254856437 -1.14725411 -0.21205768 0.00966223516 -0.433950603 -0.056230735 -1.21395767 0.225476131 -0.211698636 -0.436719328 -0.724254489 1.14125562 -0.487682819
tensor_dense1kernel0 196
-0.737288117 0.00262876949 -0.517659485 0.830996692 0.0918185338 -0.278719395 -0.108207427 -0.97602731 0.014421531 0.24820751 -0.518403709 0.0779221579 -0.663939655 -0.796626031 -0.754086733 0.124825656 0.0335609466 0.126307249 0.414363444 -0.349627733 -0.22019884 0.605475426 -0.116121255 0.349650085 0.370229095 0.0714140013 0.135274559 -0.0549180619 0.238846585 -0.275831491 0.114788651 0.504444301 0.193193913 0.259952724 0.237313807 -0.0118092708 -0.232171312 0.438980013 0.176061779 -0.14529039 0.406531245 -0.307419419 0.411967069 -0.355123967 0.498269439 0.280113012 0.439828098 0.282835007 -0.00094678998 0.202777326 -0.104937911 0.519335151 0.0857566521 0.337646842 0.362078309 0.34812513 0.220983848 -0.446865052 0.377950042 -0.167152062 -0.345408648 -0.218052223 -0.128743246 0.362157017 -0.275688022 -0.204422399 0.274305612 0.480545908 0.129721865 0.423197776 -0.409261853 0.0101496307 -0.706317127 -0.391419202 -0.193392813 0.104820684 -0.0334809348 -0.138478115 0.172705859 -0.713217616 -0.11320971 0.326555133 0.336930811 0.438790113 0.229084462 -0.482226044 -0.246754542 0.014663741 0.192847639 -0.495083094 -0.455245674 -0.415243149 0.0807381645 0.0612145737 -0.146831587 -0.401149005 0.226661265 -0.403039187 0.116319232 0.0866997764 0.260302424 -0.0426550768 0.436193109 -0.0686416477 -0.338033438 0.56814605 0.364786208 0.545085549 -0.263927341 -0.149282455 -0.873277009 -0.435200214 -0.102665097 0.361005843 0.45888257 -0.109127939 0.284185112 -0.0868692398 0.212625742 -0.363892019 -0.386761785 0.248154342 -0.411777765 -0.360435665 -0.189899117 0.0828479528 -0.444450676 0.114503324 -0.259364009 -0.172009528 0.66337496 0.0512440056 0.34241581 0.400962383 -0.35296753 0.532988966 0.75089848 0.211233422 0.221428648 -0.294452488 -0.293234468 0.37864095 0.293044448 -0.0130217969 0.259593606 -0.116417319 -0.309714824 0.109968364 0.295964599 -0.324550152 0.0582680106 0.319474399 -0.0969965756 -0.35895133 -0.430822581 -0.124833286 -0.317673981 -0.227434933 -0.181997538 0.199222624 0.377843559 0.442665637 -0.0663450658 -0.42736569 0.280489385 0.273940325 -0.300151795 0.129255891 0.118328609 -0.195655927 -0.124201566 0.00895554572 0.0142829586 -0.323644012 0.270587444 -0.323708326 -0.394036412 0.206793025 -0.173749268 0.0193062648 -0.10447441 -0.18296051 -0.0826690942 -0.603079379 0.361270547 -0.279143661 -0.0463025272 0.286130458 -0.44782868 0.127036095 0.431597561 -0.0925471857 -0.172036633 -0.177504167 0.190683275 0.0672803596
tensor_densebias0 14
-0.867646456 -0.108402431 -0.0475092977 -0.0694196299 -1.17316198 0.158788472 0.92345947 -0.817994058 0 -0.0155755142 0 0 0.576956511 -1.33008814
tensor_densekernel0 98
1.96795416 0.583048284 0.210986093 0.71890825 4.80257511 1.01830077 -5.62787914 -0.111750133 -0.446534514 1.019014 -0.337449014 -0.530178905 -7.23168135 2.3743248 -0.110076301 -0.564761758 0.28930819 0.315809637 -2.1347959 -6.81753016 0.967087209 6.73769283 0.242936134 0.847664952 0.00188791752 -0.306599438 1.26847327 0.281848133 2.59571171 -0.232807204 0.532138228 -0.421425849 -0.748003364 0.986234963 -1.05450618 1.16558456 0.328150213 -0.741286695 -0.222723603 -0.0526127517 -4.76373816 -4.56337261 -0.268173695 -0.224457324 -0.191640496 0.302028954 -0.598067045 -0.31043461 -0.207468465 -0.839181781 0.359671593 0.506184101 -0.132344484 -0.140681744 0.155323923 -0.0553847402 -9.74142742 0.478002965 0.345038563 0.169803098 24.3243351 18.4288197 -25.7763977 -12.6316528 0.0856884122 -0.0536518022 -0.353161722 0.40878588 -18.5630932 26.0250797 -0.0403092764 0.113490023 -0.313693732 0.209965587 -0.0325830281 0.0251287892 -0.0564595126 0.0170272477 0.0233467817 0.0615426227 0.00546717644 -0.0701045394 0.100143172 0.0979487449 -0.0120322509 -0.350084811 -0.0669731349 -0.412094355 0.0924291909 0.0626403242 0.113949992 0.0407743976 -0.176513314 -0.216247976 -0.465459883 -0.175519794 -0.0161744021 -0.012796524
