tensor_dense3bias0 1
0.0224675927
tensor_dense3kernel0 10
0.453847796 0.388749331 -0.216212824 -0.656006217 -0.0285004415 0.643597245 0.585411847 -0.892299294 -0.611513734 0.627716422
tensor_dense2bias0 10
1.03862846 0.842723548 0.713821054 -0.0981321186 -0.391724944 -0.180221245 0 0.136692047 1.02980661 -0.982407629
tensor_dense2kernel0 100
0.340228349 -0.143983737 0.909521282 -0.0743515193 -0.436338007 0.56509006 -0.329156369 0.450439721 0.912767708 -0.359745264 0.245190889 1.03474748 0.275948405 0.288269877 -0.346591651 0.37484014 -0.36193949 -1.01867652 0.768426239 -0.0882307664 0.436382592 0.594491422 -0.456642419 -0.699352145 -0.422707111 -0.249563292 -0.471811295 -0.350997716 -0.303298742 -0.679103613 -1.41091144 -0.7855497 0.278329402 -0.648697793 0.086938262 0.288669378 0.0148625374 0.1722074 0.406199247 -1.18189991 -0.57255435 -0.040574979 -0.983184218 -0.274003386 0.368368655 0.173491538 -0.482249677 0.73312676 -0.125393033 -1.73883212 -0.815490305 -0.454595029 0.551197648 0.672902524 -0.041240707 0.848205388 0.128900051 -0.291896611 0.193718806 0.487795949 -0.613031864 -0.668687165 0.341564298 -0.133312553 0.135296181 0.0154230706 -0.353049278 -0.135069668 0.1917734 0.345540136 -0.413264155 0.328970969 0.158304214 -0.0405373946 -0.0375397764 -0.247939974 0.315989494 0.239040405 0.625827909 -1.35487866 0.915163755 0.134861037 0.221839517 0.812654316 0.173763856 -1.84159517 -0.012648046 1.01859939 -0.605653226 0.64533323 -0.303713739 0.191339195 -0.0714725927 -0.28313747 0.0368355848 0.230575919 0.134710014 0.196639255 0.247060865 -0.0665404275
tensor_dense1bias0 10
0.781462073 1.55731142 0.140692383 -0.514822483 -1.92744482 0.30871439 -0.460219085 0.711018205 -0.217723399 -0.686418653
tensor_dense1kernel0 100
0.225118145 -0.55205369 -0.195679024 0.454803318 -0.459624767 -0.140104145 -0.153576538 -0.512772679 -0.122165889 -0.101686373 -0.489581436 0.686765254 0.370189428 -0.783245862 0.619686544 -1.37186158 -1.47688985 1.00335085 0.139426231 0.129839107 0.591940045 -0.175939888 -0.305095762 -0.793790638 0.34569031 0.424301624 -0.381860793 0.292853087 -0.238932475 -0.243735135 -0.900473297 0.180808529 0.398479909 0.188841686 -0.355944693 -0.145816907 -0.0124469707 -0.703872919 0.624060571 -0.1040259 0.699192762 -0.401637614 -0.277588606 0.65360862 0.127776816 -0.265181631 0.970427036 0.147610515 -0.935791612 -0.0605744794 -0.506666362 -0.322613418 -0.0542640984 -0.403045774 0.52864182 0.352681816 0.332363725 -0.180520803 0.486493349 -0.0252932906 0.990389884 -1.28176832 1.80321205 0.675473213 0.152163371 -1.44787872 0.679289877 0.326155752 1.44291723 -0.412794679 -0.114103571 0.725978732 0.454357445 0.337255388 0.44782415 0.728697121 0.284146875 -0.115433015 -0.986943483 -0.0260731876 0.353633016 1.54537976 0.195394114 0.849401116 0.769624889 1.04729378 1.47294104 -0.517603755 0.757676721 -0.513510585 -0.0179545302 -0.0405653901 -0.153456047 -0.668481588 -0.0513943397 0.208536044 -0.309321165 -0.853205681 0.697055638 -0.100229882
tensor_densebias0 10
-0.103250213 -2.16217279 0.975085199 0.00117612502 -0.132908106 0 1.50258994 -0.578275502 1.46840739 0.955911279
tensor_densekernel0 50
0.899771571 0.435017735 -1.44063795 0.93852073 0.675191879 -0.445035756 0.757438004 0.890127599 -2.36963081 -1.32318115 0.221520394 -0.709886014 1.07944739 0.94180131 -1.48003542 -0.343891084 -0.65026015 -0.136711583 -0.480989546 1.24695981 -1.45832348 1.18543983 0.996739447 -3.13697124 2.81131577 -0.440358281 -4.20517492 4.36995173 0.145647094 -1.99900711 -0.0808382109 -0.0644019768 0.0211450625 0.0490378961 0.0355363265 -0.239418924 0.0110325217 0.0205524191 -0.00721068308 0.0480553508 -3.19472504 -2.3474741 13.0118742 1.08911264 -12.455924 0.170556247 -6.60337067 -4.33014345 1.28297067 14.1937704
