tensor_dense3bias0 1
0.115204968
tensor_dense3kernel0 8
-0.585537612 5.56606531 0.882645726 0.430532485 -0.907579958 0.783936918 -1.06988287 0.0336458087
tensor_dense2bias0 8
1.31520951 0.652827561 -0.918684542 0.107112475 1.406937 -0.738312125 -1.61863697 0
tensor_dense2kernel0 64
-0.176147655 -1.54150677 0.15085189 0.608496964 -0.309180796 0.494453937 0.330974549 -0.081646204 -1.54838705 0.994656682 0.0156654343 0.967127323 -0.902890027 -0.0167165641 0.824155211 -0.504027784 -0.562485516 -0.108997956 0.234615982 -0.179619431 -0.473165482 0.572815716 -0.218473673 0.00579112768 -0.246994302 -0.23863174 0.223565608 -0.248820141 -0.0441436246 -0.522635162 0.00123208761 0.20615834 0.419171393 -0.59086597 0.528837085 -0.680623889 0.45747751 -1.36123216 -0.529269457 -0.40310663 -0.308164775 0.368872315 0.654414117 -0.303534657 0.296399057 -0.0953772813 0.149608836 -0.209959626 0.976498067 -0.126236573 -2.15791082 -0.213126481 -0.855407298 0.840918779 0.28854686 0.334121644 0.39729172 -0.209533721 0.262102127 0.211184144 0.00400787592 0.430788696 -0.0124661326 -0.308439612
tensor_dense1bias0 8
-0.0456012525 0.980884492 -0.0292203929 -0.313439697 1.03005195 -0.147643283 -2.5157752 0
tensor_dense1kernel0 64
0.0199072361 -0.188386083 0.327049911 0.366865277 -0.286002338 -0.0127117038 -0.0754917264 0.0433462262 0.595115483 -0.0878811628 0.0287184529 -0.340298384 0.268408775 0.247701585 -0.0860779136 -0.493154049 0.0789968595 -0.751728177 -0.479956299 0.404194891 0.474026918 -0.669362426 0.158957824 -0.0648511648 0.34597224 0.953633606 -0.350646734 -0.00890615303 -0.397034973 -0.490528345 0.422094882 -0.0583815575 0.224489629 -0.293644011 0.159851491 0.38652122 -0.252876759 0.535749495 0.0331439972 -0.566983104 0.0407764912 -0.285232753 0.507517278 -0.201950014 0.28174758 0.29718554 0.253100276 -0.255027771 -0.51464808 -0.0522609614 0.0243679378 -0.32613191 -0.0769220442 -0.472291529 0.22835426 -0.000967085361 0.132160068 -0.511684775 0.602197945 -0.522631764 -0.488969386 0.15206933 -0.0439861417 0.598947108
tensor_densebias0 8
0 -0.367133409 -0.659338117 0.0464064069 0 0 0.199333072 0
tensor_densekernel0 32
-0.155676484 1.05287564 -1.3512733 1.75858414 -0.556457579 -0.630456328 -1.84890604 -0.398772568 -0.516364455 2.62815166 1.99262786 -1.46604753 0.236559629 0.583929598 -0.895730197 -0.122539282 -0.252930313 0.0692529157 0.167761937 0.157898873 -0.533264518 -0.593478024 0.234198108 -0.51153934 0.145426035 10.698267 -26.8344746 31.0538788 -0.188608646 0.608355343 -26.0909328 -0.0448703766
