tensor_dense3bias0 1
1.18784523
tensor_dense3kernel0 8
0.546284497 -0.391341031 1.41940427 0.940965414 -0.7232548 0.258634269 1.36353612 -1.14533293
tensor_dense2bias0 8
-2.17987347 -0.649839699 -1.22939789 -2.8926785 -0.386070311 -1.05533564 2.42341399 -1.14730597
tensor_dense2kernel0 64
-0.848358095 -0.409655094 -0.828588426 0.215583339 1.34994149 0.722238421 -0.0248167329 -1.46310389 1.42153418 2.10052657 4.29484081 -0.160024107 -0.466684133 -0.0699575841 0.850441992 0.381086916 -0.513451278 -0.532625854 -0.181893215 0.305880338 0.305192143 0.471249849 0.0339236036 -0.2373247 0.47583732 0.0625735372 -0.251583785 0.668114603 -0.586660504 -0.281081647 0.429237783 0.297838956 0.00727858394 -1.03270257 -0.195656598 0.142857417 0.181503624 -0.0695658475 -0.835764945 0.0792640597 0.507509828 0.937754154 2.20975924 -0.309883356 -0.702557445 1.32062948 0.114631802 -0.15409179 1.39444482 0.54102695 -0.307440549 0.743986666 1.08579516 0.124388896 0.0495653749 1.02988362 0.800425649 0.472671479 -0.486413777 0.633164883 0.339649886 -0.707472742 0.0656123683 1.17224133
tensor_dense1bias0 8
2.17378187 1.916152 -0.387774646 -0.0971489325 1.0786953 0.248105481 2.59237981 -0.533026278
tensor_dense1kernel0 64
-0.271965176 -3.10423779 -0.65454632 -0.00816291943 0.360886514 -2.40244842 -0.122914627 -0.509306908 0.213924408 0.393269718 -0.445552617 0.159143806 -0.21679756 0.35747844 0.323121011 -0.199064732 -0.101671219 -0.0428006388 -0.442186475 -0.661817849 1.54255199 0.351565808 -0.128734246 0.64274317 -0.534868717 0.51994437 -0.257213116 -0.108608544 0.0283085033 -0.293538898 -0.549802423 0.250852168 -2.83700871 -0.554727316 -0.619810879 -0.194134697 -2.18140101 1.17090297 2.93190241 4.10974121 0.31702131 0.167723477 -0.233033642 -0.177545205 0.027681483 1.27798688 0.0668339133 0.305482656 0.539506555 0.217431903 0.0946151242 -0.23332271 -0.769840777 -0.445903063 -0.952164054 0.386215746 0.70322156 0.0197164267 0.00994122587 -0.328740567 -0.44856593 0.283308983 1.00471854 -2.2455318
tensor_densebias0 8
-1.32139194 0 0.375283509 -0.0317238607 0.462337106 -0.79481709 -0.0227152929 -0.978096426
tensor_densekernel0 32
0.0520887151 -0.264354289 -2.36734748 -0.0533509254 0.348380089 -0.107999213 1.44426775 0.94670707 4.79599714 -0.0860957503 1.52538466 0.377486765 -0.156624809 -1.44606292 -1.56417072 -0.393152416 -0.00147140305 -0.0757566094 0.0932622477 -0.696235001 0.00985814538 0.0115149459 0.167009309 -0.030285636 36.6121674 0.303786576 -112.87989 -0.71628505 -141.500504 -27.1574574 101.486076 24.6912899
