tensor_dense3bias0 1
0.993890107
tensor_dense3kernel0 12
-0.129644603 0.0340676606 -0.137288079 -0.182922438 -0.595379531 0.197811693 -0.0774729401 0.27893731 -0.132802904 0.172257632 -0.146244541 -0.123575673
tensor_dense2bias0 12
-1.63495731 2.09638619 -4.05148983 1.21609473 5.13468838 -5.55325317 -2.38501501 -6.25556374 -0.892438114 0.590953946 0.351084679 -5.34407759
tensor_dense2kernel0 144
-0.132855594 0.0145060383 0.216680974 0.00148515042 -0.207327515 -6.97208071 -0.00926976185 -6.40533066 0.332468599 -0.483062387 0.165489435 -0.625189662 0.641761601 -0.0868270919 -0.87604028 0.357554704 -0.117311716 -2.62151146 0.142709047 0.200651899 -0.0234022178 -0.0805127099 -0.705310047 -0.581200182 -1.04731143 0.590551853 0.349910229 -0.0854775682 -0.203319147 -3.7930553 0.330353349 0.400131255 0.129948691 0.0947066024 -0.362062156 -0.322158009 -0.282752067 0.274893731 -0.344338149 -1.31633043 -0.00287463306 -4.13466835 0.234313488 0.00734987203 0.0628085434 -0.0258239135 -0.155924171 0.523370147 -0.117459401 0.0347830243 -0.0290287752 -0.000123663107 -0.310028732 -1.48451757 -0.194942489 -22.5308685 0.42814225 -0.306800514 -0.181565225 0.524256289 0.676773548 0.074688375 0.33346042 -0.15895398 -0.0208443049 -8.50315475 0.395255089 -5.07235336 0.155528367 -0.0851516128 0.314278871 0.31046775 -0.626598716 -0.493935376 0.0697579235 0.910704613 0.0434277654 0.551729441 -1.58484089 -0.118447982 -0.219953373 0.305593282 0.0686399564 0.147593349 1.8130827 0.645786822 0.156748295 -0.185657218 0.461714327 -2.94941688 0.638900459 -0.849712849 -0.309099555 0.763051093 0.119076453 1.521613 -1.14552546 -0.531178951 0.531047583 0.205406785 -0.146356583 -0.067974329 -0.0192020666 0.261147708 -0.209654957 0.376118898 0.783307254 -0.151578069 0.0457186848 1.42033648 0.497537911 0.421041042 1.8145051 0.398115963 0.788441837 -1.91636348 0.517503738 -0.126495942 0.0321625657 0.196387604 -0.284757525 -1.17147648 0.0210980009 -0.292363226 -1.38242483 -5.13792658 0.265818983 -0.454909295 -0.64747715 0.725582361 -0.149322376 0.281324327 1.80846071 0.451583743 -0.134079874 1.22452974 1.88686562 -1.55051684 -0.308472037 -4.15521431 1.41496706 -0.0228345804 0.591986239 0.450414062
tensor_dense1bias0 12
-1.36420095 3.53646851 0.138866931 0.53075546 -1.69442523 -0.553420484 2.62164617 0.36374256 -1.41676617 -2.63235474 6.37757397 -1.39996159
tensor_dense1kernel0 144
0.194124222 0.377928168 0.394047856 -0.395609975 -0.338161349 0.0507985353 0.294484824 -0.197944522 0.337161392 0.488209128 0.161788911 0.149546623 -0.236947373 0.375515461 0.131836146 0.654572308 0.508846045 -0.217313379 0.369920403 -0.234212488 0.546619773 0.341590106 0.613930523 0.0209589899 0.257546544 -1.02366173 -0.614488959 -0.410790294 -0.138387442 0.349947482 -0.265223682 -0.00658593187 1.00247586 0.0664944798 -0.163122907 0.126582935 0.270294636 -0.111671872 -0.104394279 0.695218921 -2.07968521 0.200909734 -0.659993768 -0.0801892132 -0.109168977 -0.545880556 -0.337293059 0.119267553 -0.112015523 0.0475156792 0.408269733 -0.199783653 0.0734078661 0.447887897 0.185891002 0.0109235588 -0.167219713 0.37223801 -0.0744791031 0.00169393176 -0.584219217 0.35293296 -0.10288965 -0.104132041 -0.241267428 -0.156481862 0.780740201 -0.0714688897 -0.015750071 -0.375552237 -0.549670994 -0.393637776 0.444548845 0.451035976 -0.0287931971 -0.898705184 0.320441902 -0.392429948 -0.506128252 -0.105533481 -0.540161073 -0.906741381 0.194543317 -0.348300129 0.495798349 0.0384796858 -0.222591758 0.216816545 0.10135448 -0.359810948 0.00427377224 0.0421051979 -0.221375823 0.266893744 -0.00456607342 0.255339503 -0.442242503 0.393909454 0.426303387 0.283880502 0.397867203 -0.128942966 0.0592943393 0.304539084 0.276007354 0.307858825 0.120335169 -0.204881787 -0.136491537 0.0916461945 0.202585578 -0.446495414 -0.0966376066 -0.444291472 -0.0499300957 0.0265525579 -0.284758568 0.114771962 -0.30352211 -0.0605092049 -0.467706561 -0.00384950638 -0.235025048 0.0568748713 -0.498929739 0.157526731 0.0612336397 0.0511106253 -0.227775455 0.0920642614 0.423172712 0.469096065 0.428613305 0.161940008 0.415096521 0.371850103 0.127382517 0.450745225 0.0637626052 -0.186527967 -0.412059367 0.243186474 -0.225345895 -0.393520594
tensor_densebias0 12
-0.0590897128 2.73956513 -3.71116209 -0.646438718 1.39455307 1.42935658 0.554813921 0 -0.0128071466 0 0 -0.0438860469
tensor_densekernel0 72
0.429630816 -9.84617519 3.23052502 -10.1337929 1.32084823 5.03497124 4.53361416 0.215533853 0.0169307627 0.0929117203 0.0869209766 -0.0950353891 0.323559791 6.19395685 10.3768253 7.77054405 7.22274733 -9.85606194 -13.3998442 -0.568048894 0.127797797 0.347989798 0.52022779 0.160881504 0.33564502 -9.80705643 -0.232763216 9.36586094 -4.65331364 -18.8674183 7.71091127 0.507579327 -0.255235195 0.241266191 0.245849133 0.0121693285 -0.432802111 0.563859105 -0.930972099 0.0131941428 1.14915788 -0.117601216 0.36099574 -0.237037271 0.277807713 0.542793393 0.149784148 0.144686937 0.293262154 -0.0838596374 0.0192282461 0.0819894448 0.0402579643 0.116961338 -0.0087223202 -0.569832027 0.126682371 -0.0901637673 0.10163492 0.203205496 -0.486227185 0.0988030061 0.037069004 0.0347216949 -0.057895042 0.0398225561 0.0530814864 -0.53802073 -0.304059714 -0.548821807 -0.189488053 -0.435604483
