tensor_dense3bias0 1
0.408810019
tensor_dense3kernel0 10
-0.502702773 0.960341096 0.0450001918 0.00479350612 0.660192728 -0.204253718 0.593103647 0.539431095 -0.725351393 -0.51184696
tensor_dense2bias0 10
0.699439943 1.03563881 -0.531280398 -0.456968904 -0.0316968635 0.281170815 -1.27808344 -2.46827054 0.439683497 0.471465856
tensor_dense2kernel0 100
0.0879184678 -0.703687429 0.341469944 -0.247103631 -0.419508755 1.11449683 0.468128681 0.49295184 0.414216459 0.612001479 -0.740296364 0.259428114 -0.169255808 -0.183545828 -0.138563573 -0.158337533 -0.367164195 -0.0869232863 -0.903231263 -0.789300501 0.0788470432 -0.457233995 0.344028145 0.235448241 -0.353973955 0.0452183522 0.137068227 -0.753062189 0.0132545307 0.590742707 -0.000270716933 -0.440962136 -0.0638691783 -0.127000675 0.263827324 0.652868092 0.253278524 0.058804322 -0.472425014 0.486006081 0.0937131643 0.044680424 -0.0288012829 0.232605115 -0.255746871 0.0858799443 -0.252600044 0.120895088 -0.221657991 -0.121946983 0.244042873 -0.775952995 -0.414111882 -0.249734223 0.271849453 0.454490453 0.362410396 -0.221983179 -0.00702188676 0.0386535972 0.181193829 0.652609646 -0.503162563 0.00513861049 -0.398597181 -0.00580971967 -0.0939594954 -0.25005579 0.295077264 0.363564789 0.191605046 -0.231459603 -0.345030069 0.0611952208 -0.14544481 -0.445494413 -0.31262666 0.166357875 -0.244500607 -0.103412241 -0.267400324 -0.161183998 -0.299065292 -0.379540354 -0.540744603 -0.254678756 -0.0877609774 0.390330404 0.108732656 -0.679697692 0.487873435 -0.0689244568 -0.0989895761 -0.405742526 -0.0960150361 0.0717720389 0.377919853 -0.070047766 -0.214282691 0.278036296
tensor_dense1bias0 10
0.25911507 0.0627019331 0.630894542 0.0380383879 -0.0229188688 0.20397684 1.05388868 -0.0483718924 -0.933312416 0
tensor_dense1kernel0 100
0.669752181 0.212498978 -0.228287831 0.703623533 -0.481738687 0.0223486181 0.517539561 -0.234967411 -0.0579710305 -0.110540539 -0.191977099 0.643931985 0.318385869 0.224548951 -0.443131268 0.89494276 0.42406261 -0.127369255 0.42187345 -0.43916136 0.605881155 0.642303169 -0.46275413 0.299840838 -0.0598415732 -0.213444233 0.189438477 -0.0494231433 -0.14223741 -0.229454458 -0.376728952 0.150762305 0.1758122 -0.165736973 -0.487011701 -0.0452824458 0.266287088 -0.3032507 -0.961497664 -0.418066293 -0.403087825 -0.190472052 0.0462149829 -0.761148393 -0.489691824 0.304176748 -0.778823972 0.0195789915 0.408487588 -0.417076707 -0.0358565301 1.18199408 -0.438306093 0.236061454 -0.448084533 -0.307200015 -0.254385799 -0.199731216 -1.0754025 0.144606054 0.077562429 -0.685429454 -0.291721791 0.485857278 0.0229665693 -0.383592159 -0.417975307 -0.667034566 0.628853679 -0.115607589 0.477971077 0.373815477 0.206628323 0.360669672 0.0977718234 0.112853765 -0.316153526 -0.246456265 0.394436419 0.209922791 -0.0621561296 -0.212544844 0.530287087 0.162046939 0.152996197 0.553542376 0.0960859582 0.182553723 -0.298102349 0.185146093 -0.685041904 -0.799253941 1.09675169 -1.63386965 -0.221902311 -0.219843194 -0.158127025 -0.609975576 -2.48873711 -0.367207527
tensor_densebias0 10
1.45870256 0.106830269 -0.335177153 0.124013543 -1.9125216 0.257534534 0.565044403 0 0.0904644802 1.00265765
tensor_densekernel0 50
-0.0881744549 -0.427123934 2.06901264 -0.173378259 0.762647033 1.24557769 -0.197347 -0.524448752 -1.6113404 -0.330301166 -0.31817618 1.32083917 -0.856841862 0.858332932 0.39772886 0.599876821 -1.59719324 0.263728082 0.430908918 0.910652578 0.803237021 1.71802127 0.29120034 -1.97448993 -0.287668943 -1.83693337 1.15594685 -0.328883499 1.30273926 -2.43638706 -0.0788724199 -0.00134012382 0.107165232 0.093003802 -0.470753342 0.00816796347 0.0565726794 -0.257143289 0.10813193 0.00449139113 -3.82809019 1.31453264 -2.69917679 7.53831196 -2.13767219 4.07763958 -6.05305862 -0.310884863 -2.12757611 7.37353182
