title:          ~/hist/mu2e/cd3-pion/m01scd30.track_ana.hist/TrackAna/trk_19/dt
name:           trk_19/dt
nbx,xmin,xmax:   400   -20.0000    20.0000
       0.0       0.0       0.0       0.0       0.0       0.0       0.0       0.0       0.0       0.0
       0.0       0.0       0.0       0.0       0.0       0.0       0.0       0.0       0.0       0.0
       0.0       0.0       0.0       0.0       0.0       0.0       0.0       0.0       0.0       0.0
       0.0       0.0       0.0       0.0       0.0       0.0       0.0       0.0       0.0       0.0
       0.0       0.0       0.0       0.0       0.0       0.0       0.0       0.0       0.0       0.0
       0.0       0.0       0.0       0.0       0.0       0.0       0.0       0.0       0.0       0.0
       0.0       0.0       0.0       0.0       0.0       0.0       0.0       0.0       0.0       0.0
       0.0       0.0       0.0       0.0       0.0       0.0       0.0       0.0       0.0       0.0
       0.0       0.0       0.0       0.0       0.0       0.0       0.0       0.0       0.0       0.0
       0.0       0.0       0.0       0.0       0.0       0.0       0.0      90.0     481.0     518.0
     547.0     611.0     667.0     787.0     869.0     872.0     909.0     994.0    1080.0    1095.0
    1227.0    1288.0    1390.0    1448.0    1566.0    1675.0    1701.0    1854.0    1936.0    2077.0
    2210.0    2202.0    2459.0    2527.0    2558.0    2772.0    2798.0    2977.0    3122.0    3243.0
    3386.0    3436.0    3634.0    3752.0    3777.0    3979.0    4215.0    4324.0    4506.0    4468.0
    4629.0    4769.0    4826.0    4968.0    4920.0    4970.0    5097.0    5037.0    4977.0    5132.0
    5089.0    4899.0    4905.0    4898.0    4697.0    4616.0    4390.0    4392.0    4275.0    4201.0
    4003.0    3908.0    3738.0    3442.0    3400.0    3068.0    2970.0    2823.0    2668.0    2401.0
    2488.0    2265.0    2051.0    1867.0    1881.0    1669.0    1507.0    1421.0    1385.0    1261.0
    1161.0    1004.0     961.0     946.0     813.0     819.0     764.0     661.0     638.0     548.0
     541.0     486.0     460.0     422.0     393.0     371.0     334.0     307.0     291.0     247.0
     233.0     250.0     237.0     204.0     176.0     182.0     140.0     140.0     145.0     132.0
     127.0     126.0     104.0      84.0      90.0      91.0      70.0      60.0      60.0      55.0
      56.0      56.0      62.0      52.0      42.0      36.0      42.0      25.0      31.0      40.0
      34.0      24.0      28.0      30.0      31.0      22.0      19.0      31.0      13.0      21.0
      19.0      15.0      20.0      17.0      10.0      16.0      12.0      14.0      27.0      22.0
      18.0      16.0      16.0      12.0      14.0      16.0      16.0      17.0       9.0      18.0
      12.0      16.0       7.0      13.0      19.0      19.0       9.0      11.0      13.0      13.0
       9.0       7.0      11.0      17.0      11.0      13.0      16.0       9.0      10.0      15.0
      15.0      14.0      19.0      13.0       7.0      12.0       7.0      10.0      13.0      13.0
      10.0      10.0       8.0       7.0      15.0      11.0      15.0       9.0       3.0       3.0
       1.0       1.0       3.0       0.0       0.0       0.0       0.0       0.0       0.0       0.0
       0.0       0.0       0.0       0.0       0.0       0.0       0.0       0.0       0.0       0.0
       0.0       0.0       0.0       0.0       0.0       0.0       0.0       0.0       0.0       0.0
       0.0       0.0       0.0       0.0       0.0       0.0       0.0       0.0       0.0       0.0
       0.0       0.0       0.0       0.0       0.0       0.0       0.0       0.0       0.0       0.0
       0.0       0.0       0.0       0.0       0.0       0.0       0.0       0.0       0.0       0.0
       0.0       0.0       0.0       0.0       0.0       0.0       0.0       0.0       0.0       0.0
       0.0       0.0       0.0       0.0       0.0       0.0       0.0       0.0       0.0       0.0
       0.0       0.0       0.0       0.0       0.0       0.0       0.0       0.0       0.0       0.0
       0.0       0.0       0.0       0.0       0.0       0.0       0.0       0.0       0.0       0.0

