title:          ~/hist/mu2e/cd3-pion/e01scd30.track_ana.hist/TrackAna/trk_19/ep_vs_path
name:           trk_19/ep_vs_path
nbx,xmin,xmax,nby,ymin,ymax:    50     0.0000   500.0000   150     0.0000     1.5000
       0.0       0.0       0.0       0.0       0.0       0.0       0.0       0.0       0.0       0.0
       0.0       0.0       0.0       0.0       0.0       0.0       0.0       0.0       0.0       0.0
       0.0       0.0       0.0       0.0       0.0       0.0       0.0       0.0       0.0       0.0
       0.0       0.0       0.0       0.0       0.0       0.0       0.0       0.0       0.0       0.0
       0.0       0.0       0.0       0.0       0.0       0.0       0.0       0.0       0.0       0.0
       0.0       0.0       0.0       0.0       0.0       0.0       0.0       0.0       0.0       0.0
       0.0       0.0       0.0       0.0       0.0       0.0       0.0       0.0       0.0       0.0
       0.0       0.0       0.0       0.0       0.0       0.0       0.0       0.0       0.0       0.0
       0.0       0.0       0.0       0.0       0.0       0.0       0.0       0.0       0.0       0.0
       0.0       0.0       0.0       0.0       0.0       0.0       0.0       0.0       0.0       0.0
       0.0       0.0       0.0       0.0       0.0       0.0       0.0       0.0       0.0       0.0
       0.0       0.0       0.0       0.0       0.0       0.0       0.0       0.0       0.0       0.0
       0.0       0.0       0.0       0.0       0.0       0.0       0.0       0.0       0.0       0.0
       0.0       0.0       0.0       0.0       0.0       0.0       0.0       0.0       0.0       0.0
       0.0       0.0       0.0       0.0       0.0       0.0       0.0       0.0       0.0       0.0
       0.0       0.0       0.0       0.0       0.0       0.0       0.0       0.0       0.0       0.0
       0.0       0.0       0.0       0.0       0.0       0.0       0.0       0.0       0.0       0.0
       0.0       0.0       0.0       0.0       0.0       0.0       0.0       0.0       0.0       0.0
       0.0       0.0       0.0       0.0       0.0       0.0       0.0       0.0       0.0       0.0
       0.0       0.0       0.0       0.0       0.0       0.0       0.0       0.0       0.0       0.0
       0.0       0.0       0.0       0.0       0.0       0.0       0.0       0.0       0.0       0.0
       0.0       0.0       0.0       0.0       0.0       0.0       0.0       0.0       0.0       0.0
       0.0       0.0       0.0       0.0       0.0       0.0       0.0       0.0       0.0       0.0
       0.0       0.0       0.0       0.0       0.0       0.0       0.0       0.0       0.0       0.0
       0.0       0.0       0.0       0.0       0.0       0.0       0.0       0.0       0.0       0.0
       0.0       0.0       0.0       0.0       0.0       0.0       0.0       0.0       0.0       0.0
       0.0       0.0       0.0       0.0       0.0       0.0       0.0       0.0       0.0       0.0
       0.0       0.0       0.0       0.0       0.0       0.0       0.0       0.0       0.0       0.0
       0.0       0.0       0.0       0.0       0.0       0.0       0.0       0.0       0.0       0.0
       0.0       0.0       0.0       0.0       0.0       0.0       0.0       0.0       0.0       0.0
       0.0       0.0       0.0       0.0       0.0       0.0       0.0       0.0       0.0       0.0
       0.0       0.0       0.0       0.0       0.0       0.0       0.0       0.0       0.0       0.0
       0.0       0.0       0.0       0.0       0.0       0.0       0.0       0.0       0.0       0.0
       0.0       0.0       0.0       0.0       0.0       0.0       0.0       0.0       0.0       0.0
       0.0       0.0       0.0       0.0       0.0       0.0       0.0       0.0       0.0       0.0
       0.0       0.0       0.0       0.0       0.0       0.0       0.0       0.0       0.0       0.0
       0.0       0.0       0.0       0.0       0.0       0.0       0.0       0.0       0.0       0.0
       0.0       0.0       0.0       0.0       0.0       0.0       0.0       0.0       0.0       0.0
       0.0       0.0       0.0       0.0       0.0       0.0       0.0       0.0       0.0       0.0
       0.0       0.0       0.0       0.0       0.0       0.0       0.0       0.0       0.0       0.0
       0.0       0.0       0.0       0.0       0.0       0.0       0.0       0.0       0.0       0.0
       0.0       0.0       0.0       0.0       0.0       0.0       0.0       0.0       0.0       0.0
       0.0       0.0       0.0       0.0       0.0       0.0       0.0       0.0       0.0       0.0
       0.0       0.0       0.0       0.0       0.0       0.0       0.0       0.0       0.0       0.0
       0.0       0.0       0.0       0.0       0.0       0.0       0.0       0.0       0.0       0.0
       9.0      22.0      15.0      10.0       1.0       1.0       0.0       0.0       0.0       0.0
       0.0       1.0       0.0       1.0       1.0       0.0       0.0       0.0       1.0       0.0
       0.0       0.0       0.0       1.0       0.0       0.0       1.0       0.0       1.0       2.0
       0.0       1.0       4.0       3.0       3.0       1.0       0.0       0.0       0.0       0.0
       0.0       0.0       0.0       0.0       0.0       0.0       0.0       0.0       0.0       0.0
      17.0      59.0      56.0      19.0       9.0       3.0       4.0       3.0       3.0       0.0
       1.0       3.0       0.0       2.0       2.0       1.0       1.0       1.0       3.0       3.0
       0.0       1.0       1.0       4.0       0.0       3.0       0.0       4.0       1.0       5.0
       9.0      13.0       7.0       5.0       2.0       6.0       1.0       1.0       1.0       0.0
       0.0       0.0       0.0       0.0       0.0       0.0       0.0       0.0       0.0       0.0
      19.0      87.0      56.0      24.0       9.0       9.0       7.0       0.0       0.0       3.0
       2.0       2.0       0.0       1.0       0.0       1.0       2.0       0.0       1.0       1.0
       1.0       0.0       1.0       1.0       2.0       0.0       1.0       2.0       5.0       1.0
       2.0       6.0       6.0       7.0       1.0       4.0       4.0       1.0       0.0       0.0
       0.0       0.0       0.0       0.0       0.0       0.0       0.0       0.0       0.0       0.0
      18.0      65.0      53.0      27.0       9.0      12.0       2.0       3.0       1.0       1.0
       2.0       1.0       1.0       0.0       2.0       3.0       2.0       1.0       0.0       1.0
       0.0       1.0       1.0       2.0       4.0       2.0       2.0       4.0       3.0       5.0
       8.0       3.0      12.0       3.0       6.0       3.0       0.0       3.0       0.0       0.0
       0.0       0.0       0.0       0.0       0.0       0.0       0.0       0.0       0.0       0.0
       9.0      66.0      66.0      25.0      14.0       8.0       3.0       2.0       1.0       1.0
       1.0       2.0       1.0       2.0       1.0       1.0       0.0       4.0       1.0       0.0
       2.0       1.0       0.0       3.0       2.0       3.0       1.0       3.0       4.0       4.0
       6.0       8.0       7.0      15.0       5.0       3.0       7.0       0.0       1.0       0.0
       0.0       0.0       0.0       0.0       0.0       0.0       0.0       0.0       0.0       0.0
      15.0      39.0      60.0      35.0      19.0       6.0       7.0       7.0       3.0       1.0
       1.0       1.0       0.0       0.0       0.0       1.0       1.0       1.0       4.0       3.0
       1.0       2.0       1.0       3.0       1.0       1.0       0.0       0.0       3.0       5.0
       2.0       6.0      11.0       4.0       4.0       3.0       4.0       0.0       0.0       0.0
       0.0       0.0       0.0       0.0       0.0       0.0       0.0       0.0       0.0       0.0
      16.0      40.0      63.0      37.0      20.0      10.0       5.0       2.0       3.0       3.0
       1.0       1.0       0.0       1.0       0.0       1.0       0.0       2.0       1.0       1.0
       1.0       3.0       2.0       2.0       1.0       1.0       2.0       1.0       4.0       6.0
       7.0       6.0       7.0       6.0       3.0       2.0       1.0       1.0       0.0       0.0
       0.0       0.0       0.0       0.0       0.0       0.0       0.0       0.0       0.0       0.0
      15.0      45.0      57.0      54.0      14.0      11.0       7.0       2.0       2.0       2.0
       5.0       1.0       1.0       2.0       1.0       4.0       0.0       2.0       0.0       3.0
       1.0       1.0       3.0       1.0       1.0       0.0       2.0       1.0       4.0       1.0
       5.0       5.0       3.0       8.0       4.0       1.0       0.0       1.0       0.0       0.0
       0.0       0.0       0.0       0.0       0.0       0.0       0.0       0.0       0.0       0.0
      13.0      55.0      78.0      36.0      17.0      10.0       6.0      10.0       6.0       0.0
       2.0       0.0       4.0       1.0       2.0       0.0       3.0       1.0       1.0       1.0
       3.0       3.0       1.0       3.0       1.0       3.0       1.0       6.0       3.0       1.0
      10.0       4.0       6.0      10.0       5.0       6.0       2.0       2.0       1.0       0.0
       0.0       0.0       0.0       0.0       0.0       0.0       0.0       0.0       0.0       0.0
      13.0      48.0      63.0      41.0      20.0       7.0       3.0       2.0       2.0       1.0
       4.0       0.0       1.0       0.0       0.0       0.0       2.0       2.0       2.0       3.0
       2.0       1.0       2.0       0.0       0.0       1.0       1.0       2.0       1.0       6.0
       6.0       5.0       4.0      11.0       6.0       2.0       1.0       1.0       1.0       0.0
       0.0       0.0       0.0       0.0       0.0       0.0       0.0       0.0       0.0       0.0
       9.0      35.0      70.0      45.0      14.0      12.0      11.0       7.0       6.0       1.0
       3.0       3.0       0.0       2.0       2.0       0.0       0.0       0.0       2.0       0.0
       2.0       1.0       0.0       1.0       0.0       1.0       4.0       1.0       6.0       8.0
       3.0       7.0       7.0      10.0       7.0       5.0       0.0       1.0       1.0       0.0
       0.0       0.0       0.0       0.0       0.0       0.0       0.0       0.0       0.0       0.0
       9.0      44.0      58.0      48.0      34.0      16.0      13.0       5.0       6.0       2.0
       2.0       2.0       0.0       3.0       1.0       1.0       1.0       2.0       3.0       3.0
       1.0       0.0       0.0       1.0       1.0       4.0       2.0       0.0       4.0       1.0
       7.0       9.0       9.0       3.0       1.0       2.0       2.0       0.0       0.0       0.0
       0.0       0.0       0.0       0.0       0.0       0.0       0.0       0.0       0.0       0.0
       9.0      46.0      62.0      47.0      25.0      15.0       5.0       8.0       3.0       2.0
       7.0       3.0       1.0       0.0       1.0       2.0       2.0       2.0       1.0       0.0
       1.0       2.0       2.0       0.0       1.0       0.0       1.0       3.0       5.0       6.0
       7.0       9.0       8.0      13.0       5.0       2.0       2.0       1.0       0.0       0.0
       0.0       0.0       0.0       0.0       0.0       0.0       0.0       0.0       0.0       0.0
      10.0      35.0      64.0      48.0      23.0      16.0      15.0       9.0       3.0       3.0
       3.0       1.0       2.0       4.0       1.0       2.0       1.0       3.0       0.0       2.0
       0.0       0.0       0.0       0.0       2.0       3.0       1.0       3.0       2.0       4.0
       6.0       8.0       2.0       4.0       3.0       6.0       1.0       3.0       0.0       0.0
       0.0       0.0       0.0       0.0       0.0       0.0       0.0       0.0       0.0       0.0
      12.0      39.0      50.0      41.0      29.0      16.0      11.0       7.0       3.0       3.0
       2.0       4.0       2.0       5.0       0.0       2.0       0.0       4.0       1.0       2.0
       1.0       4.0       2.0       1.0       1.0       0.0       1.0       1.0       4.0       6.0
       5.0       6.0       5.0       7.0       5.0       3.0       1.0       1.0       1.0       0.0
       0.0       0.0       0.0       0.0       0.0       0.0       0.0       0.0       0.0       0.0
       9.0      25.0      47.0      62.0      28.0      19.0      15.0      10.0       2.0       5.0
       1.0       4.0       3.0       2.0       1.0       0.0       0.0       1.0       1.0       0.0
       3.0       2.0       4.0       3.0       2.0       0.0       2.0       1.0       3.0       4.0
       5.0      10.0       1.0      11.0       3.0       5.0       1.0       3.0       0.0       0.0
       0.0       0.0       0.0       0.0       0.0       0.0       0.0       0.0       0.0       0.0
       9.0      25.0      43.0      51.0      33.0      12.0      11.0      11.0       5.0       4.0
       4.0       3.0       4.0       3.0       4.0       1.0       2.0       1.0       1.0       0.0
       0.0       0.0       3.0       1.0       1.0       1.0       1.0       4.0       0.0       2.0
       9.0      12.0       8.0       5.0       9.0       2.0       2.0       3.0       1.0       0.0
       0.0       0.0       0.0       0.0       0.0       0.0       0.0       0.0       0.0       0.0
       1.0      35.0      52.0      39.0      38.0      24.0       4.0       4.0       6.0       3.0
       5.0       4.0       1.0       2.0       1.0       2.0       1.0       1.0       1.0       0.0
       1.0       2.0       0.0       4.0       0.0       1.0       2.0       1.0       1.0       6.0
       6.0      11.0      10.0       2.0       3.0       4.0       1.0       1.0       1.0       0.0
       0.0       0.0       0.0       0.0       0.0       0.0       0.0       0.0       0.0       0.0
       4.0      26.0      61.0      41.0      41.0      21.0       8.0       6.0       7.0       2.0
       6.0       0.0       2.0       1.0       2.0       2.0       1.0       2.0       2.0       3.0
       0.0       0.0       0.0       0.0       3.0       4.0       0.0       0.0       4.0       4.0
       6.0       6.0       8.0       6.0       8.0       1.0       4.0       0.0       0.0       0.0
       0.0       0.0       0.0       0.0       0.0       0.0       0.0       0.0       0.0       0.0
      10.0      23.0      53.0      46.0      36.0      20.0      12.0       7.0       6.0       7.0
       6.0       4.0       1.0       4.0       0.0       1.0       0.0       1.0       0.0       2.0
       1.0       2.0       2.0       2.0       2.0       1.0       1.0       2.0       1.0       2.0
       7.0      13.0      10.0       9.0       7.0       4.0       0.0       0.0       0.0       0.0
       0.0       0.0       0.0       0.0       0.0       0.0       0.0       0.0       0.0       0.0
       7.0      21.0      63.0      63.0      38.0      25.0      11.0       7.0       8.0       3.0
       2.0       2.0       0.0       1.0       2.0       0.0       1.0       2.0       2.0       0.0
       0.0       2.0       0.0       2.0       2.0       0.0       2.0       5.0       2.0       2.0
       6.0       6.0      15.0       4.0       6.0       3.0       2.0       3.0       0.0       1.0
       0.0       0.0       0.0       0.0       0.0       0.0       0.0       0.0       0.0       0.0
       7.0      24.0      47.0      56.0      32.0      25.0      11.0       9.0       6.0       5.0
       3.0       2.0       3.0       2.0       2.0       2.0       3.0       4.0       0.0       1.0
       1.0       0.0       2.0       2.0       0.0       1.0       1.0       0.0       5.0       3.0
       7.0      16.0       7.0       1.0       8.0       5.0       2.0       0.0       0.0       0.0
       0.0       0.0       0.0       0.0       0.0       0.0       0.0       0.0       0.0       0.0
       8.0      20.0      44.0      40.0      44.0      23.0      16.0       7.0       5.0       5.0
       7.0       3.0       4.0       3.0       0.0       0.0       0.0       2.0       2.0       1.0
       0.0       1.0       2.0       2.0       2.0       0.0       2.0       2.0       4.0       1.0
       9.0       5.0       6.0       4.0       7.0       5.0       2.0       0.0       1.0       0.0
       0.0       0.0       0.0       0.0       0.0       0.0       0.0       0.0       0.0       0.0
      12.0      29.0      47.0      59.0      24.0      27.0      18.0      16.0       5.0       4.0
       3.0       2.0       0.0       3.0       2.0       1.0       3.0       2.0       1.0       1.0
       3.0       2.0       0.0       0.0       2.0       2.0       1.0       0.0       5.0       2.0
      10.0       8.0      12.0       8.0       3.0       3.0       5.0       1.0       0.0       0.0
       0.0       0.0       0.0       0.0       0.0       0.0       0.0       0.0       0.0       0.0
       4.0      39.0      40.0      54.0      32.0      32.0      18.0      13.0       7.0       4.0
       2.0       2.0       2.0       2.0       0.0       0.0       1.0       3.0       2.0       2.0
       0.0       3.0       1.0       1.0       1.0       0.0       1.0       0.0       2.0       2.0
       5.0       5.0       7.0       8.0       5.0       2.0       1.0       1.0       1.0       0.0
       0.0       0.0       0.0       0.0       0.0       0.0       0.0       0.0       0.0       0.0
      11.0      31.0      43.0      44.0      36.0      33.0      22.0      12.0       7.0       9.0
       4.0       6.0       2.0       1.0       0.0       3.0       2.0       1.0       1.0       1.0
       0.0       0.0       0.0       1.0       1.0       1.0       3.0       1.0       4.0       3.0
       6.0      13.0       8.0       4.0       3.0       6.0       5.0       1.0       1.0       0.0
       0.0       0.0       0.0       0.0       0.0       0.0       0.0       0.0       0.0       0.0
       4.0      10.0      46.0      45.0      34.0      32.0      23.0      11.0       8.0       4.0
       2.0       4.0       2.0       4.0       0.0       1.0       0.0       2.0       0.0       3.0
       4.0       3.0       1.0       2.0       2.0       4.0       2.0       0.0       3.0       1.0
       7.0       7.0      10.0       5.0      12.0       7.0       3.0       4.0       1.0       0.0
       0.0       0.0       0.0       0.0       0.0       0.0       0.0       0.0       0.0       0.0
       8.0      27.0      39.0      44.0      46.0      39.0      19.0       8.0       7.0       4.0
       4.0       1.0       5.0       2.0       5.0       1.0       0.0       3.0       0.0       1.0
       3.0       2.0       0.0       1.0       0.0       3.0       5.0       1.0       4.0       3.0
       4.0      14.0       7.0       7.0      10.0       5.0       1.0       2.0       0.0       0.0
       0.0       0.0       0.0       0.0       0.0       0.0       0.0       0.0       0.0       0.0
       5.0      26.0      36.0      35.0      46.0      18.0      27.0      12.0       6.0      10.0
       5.0       2.0       3.0       2.0       3.0       1.0       1.0       1.0       0.0       4.0
       1.0       0.0       1.0       2.0       1.0       0.0       1.0       2.0       2.0       4.0
       4.0       8.0       6.0       1.0       6.0       4.0       2.0       0.0       0.0       0.0
       0.0       0.0       0.0       0.0       0.0       0.0       0.0       0.0       0.0       0.0
       5.0      24.0      43.0      43.0      40.0      26.0      27.0      16.0       8.0       9.0
       7.0       9.0       3.0       5.0       2.0       0.0       1.0       4.0       0.0       0.0
       2.0       1.0       1.0       3.0       2.0       2.0       1.0       2.0       5.0       6.0
       6.0       0.0       6.0       6.0       2.0       6.0       3.0       0.0       1.0       0.0
       0.0       0.0       0.0       0.0       0.0       0.0       0.0       0.0       0.0       0.0
       8.0      25.0      36.0      38.0      41.0      39.0      38.0      18.0      16.0       8.0
       7.0       4.0       5.0       3.0       1.0       2.0       3.0       2.0       2.0       2.0
       0.0       2.0       1.0       0.0       2.0       1.0       1.0       0.0       2.0       4.0
      12.0       7.0       8.0       9.0       5.0       2.0       2.0       1.0       1.0       0.0
       0.0       0.0       0.0       0.0       0.0       0.0       0.0       0.0       0.0       0.0
      11.0      16.0      51.0      33.0      43.0      27.0      26.0      11.0      15.0       5.0
      11.0       3.0       2.0       6.0       1.0       3.0       0.0       4.0       3.0       2.0
       3.0       1.0       2.0       1.0       0.0       0.0       1.0       2.0       3.0       7.0
      11.0      11.0       7.0      12.0       4.0       3.0       3.0       0.0       1.0       0.0
       0.0       0.0       0.0       0.0       0.0       0.0       0.0       0.0       0.0       0.0
       8.0      16.0      25.0      39.0      40.0      32.0      28.0      13.0      11.0       9.0
       6.0       7.0       8.0       1.0       0.0       2.0       2.0       0.0       4.0       1.0
       3.0       0.0       2.0       2.0       1.0       2.0       0.0       0.0       1.0       4.0
       5.0      12.0       5.0       2.0       3.0       3.0       3.0       1.0       1.0       0.0
       0.0       0.0       0.0       0.0       0.0       0.0       0.0       0.0       0.0       0.0
       8.0      21.0      47.0      45.0      36.0      32.0      24.0      18.0      13.0      11.0
       3.0       3.0       5.0       5.0       3.0       1.0       2.0       0.0       3.0       0.0
       2.0       2.0       0.0       2.0       3.0       1.0       1.0       4.0       5.0       3.0
       8.0      15.0      13.0       8.0       3.0       6.0       3.0       0.0       0.0       0.0
       0.0       0.0       0.0       0.0       0.0       0.0       0.0       0.0       0.0       0.0
      12.0      25.0      34.0      55.0      46.0      37.0      22.0      17.0       9.0       6.0
       8.0       4.0       3.0       3.0       4.0       2.0       4.0       1.0       2.0       2.0
       0.0       1.0       2.0       1.0       3.0       2.0       5.0       1.0       3.0       4.0
       4.0       5.0      14.0       7.0       2.0       4.0       2.0       2.0       3.0       0.0
       0.0       0.0       0.0       0.0       0.0       0.0       0.0       0.0       0.0       0.0
       4.0      12.0      39.0      55.0      40.0      32.0      33.0      29.0      10.0      15.0
       6.0       4.0       8.0       5.0       6.0       3.0       2.0       1.0       2.0       1.0
       2.0       2.0       1.0       3.0       0.0       1.0       2.0       1.0       2.0       6.0
       4.0       6.0       7.0      16.0       6.0       5.0       7.0       2.0       1.0       0.0
       0.0       0.0       0.0       0.0       0.0       0.0       0.0       0.0       0.0       0.0
       6.0      15.0      33.0      58.0      44.0      33.0      28.0      20.0      14.0      14.0
       8.0      10.0       3.0       3.0       2.0       2.0       3.0       7.0       1.0       2.0
       1.0       0.0       2.0       1.0       1.0       1.0       2.0       4.0       7.0       5.0
       4.0       9.0       6.0       9.0       7.0       7.0       4.0       0.0       0.0       0.0
       0.0       0.0       0.0       0.0       0.0       0.0       0.0       0.0       0.0       0.0
       4.0      12.0      32.0      42.0      47.0      31.0      29.0      19.0      13.0      12.0
      12.0       9.0       8.0       4.0       2.0      10.0       1.0       1.0       5.0       0.0
       1.0       1.0       0.0       1.0       0.0       1.0       3.0       1.0       4.0       5.0
       7.0       7.0      16.0       9.0       4.0       1.0       5.0       2.0       0.0       1.0
       0.0       0.0       0.0       0.0       0.0       0.0       0.0       0.0       0.0       0.0
       6.0      14.0      30.0      37.0      41.0      44.0      31.0      20.0      14.0      15.0
       5.0      10.0       9.0       1.0       2.0       5.0       7.0       1.0       2.0       0.0
       3.0       1.0       1.0       1.0       2.0       1.0       0.0       0.0       3.0       6.0
       8.0      10.0      12.0      10.0       8.0       6.0       3.0       1.0       0.0       1.0
       0.0       0.0       0.0       0.0       0.0       0.0       0.0       0.0       0.0       0.0
       4.0      16.0      47.0      60.0      43.0      39.0      32.0      27.0      11.0      24.0
       7.0       9.0       5.0       8.0       2.0       5.0       6.0       4.0       3.0       0.0
       0.0       2.0       1.0       0.0       2.0       1.0       1.0       3.0       3.0       3.0
       9.0       9.0      15.0      10.0       8.0       3.0       3.0       2.0       0.0       0.0
       0.0       0.0       0.0       0.0       0.0       0.0       0.0       0.0       0.0       0.0
       4.0      12.0      29.0      34.0      51.0      41.0      31.0      32.0      22.0      17.0
      15.0      14.0       6.0       4.0       5.0       6.0       3.0       1.0       3.0       0.0
       2.0       5.0       3.0       1.0       0.0       1.0       4.0       2.0       2.0       3.0
       6.0      16.0      12.0       6.0       9.0      10.0       5.0       4.0       1.0       1.0
       0.0       0.0       0.0       0.0       0.0       0.0       0.0       0.0       0.0       0.0
       8.0      22.0      29.0      54.0      47.0      43.0      31.0      39.0      34.0      19.0
       7.0      12.0      14.0      10.0      11.0       1.0       1.0       3.0       4.0       2.0
       1.0       2.0       1.0       3.0       4.0       2.0       0.0       0.0       5.0       5.0
       6.0      17.0      16.0      13.0      14.0      12.0       4.0       2.0       0.0       0.0
       0.0       0.0       0.0       0.0       0.0       0.0       0.0       0.0       0.0       0.0
       5.0      19.0      26.0      43.0      44.0      44.0      42.0      33.0      33.0      17.0
      12.0      10.0       8.0       6.0       5.0       8.0       4.0       3.0       1.0       4.0
       2.0       3.0       4.0       3.0       2.0       4.0       0.0       5.0       3.0       6.0
       8.0      12.0      18.0      16.0      12.0      12.0       5.0       4.0       3.0       0.0
       1.0       0.0       0.0       0.0       0.0       0.0       0.0       0.0       0.0       0.0
       2.0      15.0      20.0      48.0      46.0      41.0      42.0      34.0      27.0      28.0
      14.0      15.0       5.0       6.0       4.0       6.0       5.0       6.0       3.0       4.0
       4.0       0.0       2.0       2.0       1.0       5.0       1.0       1.0       6.0       8.0
       9.0      27.0      14.0      11.0       9.0      10.0       4.0       8.0       1.0       1.0
       0.0       0.0       0.0       0.0       0.0       0.0       0.0       0.0       0.0       0.0
       5.0      22.0      37.0      46.0      52.0      50.0      38.0      38.0      27.0      22.0
      13.0      10.0       9.0       9.0       5.0       2.0       5.0       6.0       3.0       2.0
       9.0       3.0       4.0       1.0       3.0       2.0       1.0       2.0       5.0       7.0
      16.0      17.0      17.0      19.0      14.0      10.0       5.0       6.0       2.0       0.0
       0.0       0.0       0.0       0.0       0.0       0.0       0.0       0.0       0.0       0.0
       2.0      20.0      23.0      48.0      34.0      46.0      47.0      31.0      23.0      21.0
      17.0      14.0       9.0       7.0      13.0       4.0       4.0       1.0       5.0       5.0
       5.0       2.0       0.0       2.0       1.0       2.0       1.0       3.0       4.0       9.0
      19.0      10.0      22.0      18.0      14.0      14.0       5.0       3.0       2.0       2.0
       0.0       0.0       0.0       0.0       0.0       0.0       0.0       0.0       0.0       0.0
       2.0      18.0      26.0      33.0      34.0      30.0      45.0      30.0      28.0      26.0
      15.0      13.0      19.0       7.0       8.0       7.0       5.0       2.0       1.0       1.0
       3.0       3.0       6.0       2.0       2.0       5.0       3.0       0.0       6.0       4.0
      13.0      19.0      17.0      20.0      21.0      12.0       9.0       0.0       1.0       0.0
       0.0       0.0       0.0       0.0       0.0       0.0       0.0       0.0       0.0       0.0
       4.0      18.0      24.0      35.0      49.0      36.0      49.0      40.0      30.0      31.0
      22.0      16.0      23.0       5.0       8.0      11.0       8.0       8.0       3.0       3.0
       2.0       4.0       3.0       2.0       4.0       2.0       6.0       5.0       4.0       6.0
       8.0      16.0      28.0      24.0      15.0      15.0       7.0       7.0       3.0       1.0
       0.0       0.0       0.0       0.0       0.0       0.0       0.0       0.0       0.0       0.0
       7.0      18.0      29.0      45.0      41.0      45.0      52.0      43.0      48.0      25.0
      15.0      20.0      17.0       9.0       6.0      11.0       7.0       6.0       3.0       4.0
       1.0       6.0       3.0       2.0       5.0       2.0       4.0       5.0       7.0      13.0
      19.0      23.0      18.0      22.0      25.0      24.0      10.0       4.0       3.0       0.0
       0.0       0.0       0.0       0.0       0.0       0.0       0.0       0.0       0.0       0.0
       6.0      15.0      24.0      37.0      48.0      47.0      45.0      46.0      32.0      30.0
      21.0      19.0      20.0      13.0      10.0       7.0      11.0       5.0       4.0       4.0
       7.0       4.0       7.0       3.0       4.0       3.0       4.0       3.0       4.0       7.0
      18.0      24.0      27.0      22.0      20.0      11.0      11.0       7.0       2.0       0.0
       0.0       0.0       0.0       0.0       0.0       0.0       0.0       0.0       0.0       0.0
       3.0      23.0      26.0      49.0      45.0      43.0      54.0      29.0      25.0      33.0
      17.0      22.0      14.0       9.0      17.0      12.0      10.0       5.0       5.0       2.0
       2.0       6.0       6.0       4.0       9.0       4.0       2.0       1.0       6.0       5.0
      18.0      33.0      22.0      29.0      25.0       8.0      12.0       3.0       2.0       1.0
       0.0       0.0       0.0       0.0       0.0       0.0       0.0       0.0       0.0       0.0
       9.0      19.0      27.0      43.0      54.0      55.0      43.0      29.0      32.0      35.0
      26.0      13.0      12.0      13.0      13.0       7.0      10.0       4.0       5.0       6.0
       9.0       3.0       2.0       1.0       3.0       3.0       3.0       7.0       5.0      14.0
      19.0      26.0      34.0      30.0      32.0      24.0      11.0      13.0       5.0       1.0
       0.0       0.0       0.0       0.0       0.0       0.0       0.0       0.0       0.0       0.0
       5.0      14.0      25.0      59.0      56.0      47.0      49.0      34.0      35.0      34.0
      26.0      22.0      15.0      12.0      11.0      14.0      11.0       7.0       8.0       6.0
       3.0       2.0       7.0       5.0       2.0       6.0       5.0       4.0       4.0      17.0
      16.0      26.0      33.0      39.0      23.0      18.0      10.0       7.0       3.0       0.0
       0.0       0.0       0.0       0.0       0.0       0.0       0.0       0.0       0.0       0.0
       4.0      17.0      26.0      37.0      53.0      42.0      50.0      58.0      58.0      38.0
      30.0      28.0      14.0      15.0      17.0      10.0      11.0      10.0       4.0       2.0
       9.0       5.0       8.0       4.0       6.0       4.0       7.0       1.0      11.0      16.0
      27.0      33.0      49.0      33.0      32.0      20.0      11.0       9.0       2.0       1.0
       0.0       0.0       0.0       0.0       0.0       0.0       0.0       0.0       0.0       0.0
      12.0      19.0      20.0      40.0      37.0      65.0      49.0      48.0      54.0      40.0
      39.0      30.0      22.0      16.0      13.0      10.0      11.0       9.0       8.0       7.0
      14.0      10.0       5.0       6.0       8.0       3.0       5.0      10.0      13.0      22.0
      22.0      42.0      25.0      52.0      40.0      34.0      20.0      14.0       2.0       0.0
       2.0       0.0       0.0       0.0       0.0       0.0       0.0       0.0       0.0       0.0
       4.0      16.0      18.0      36.0      48.0      52.0      38.0      47.0      43.0      43.0
      31.0      31.0      28.0      15.0      10.0      18.0       9.0       7.0      10.0       6.0
       4.0       6.0       8.0       5.0      10.0       5.0       7.0       4.0      21.0      16.0
      24.0      42.0      55.0      41.0      26.0      30.0      21.0      13.0       2.0       0.0
       0.0       0.0       0.0       0.0       0.0       0.0       0.0       0.0       0.0       0.0
       4.0      17.0      21.0      42.0      55.0      48.0      56.0      50.0      48.0      46.0
      28.0      33.0      22.0      16.0      11.0      10.0      14.0      12.0      13.0      10.0
      12.0      10.0       9.0       3.0       7.0       2.0       8.0      10.0      14.0      23.0
      36.0      50.0      58.0      51.0      47.0      46.0      28.0      12.0       5.0       3.0
       0.0       0.0       0.0       0.0       0.0       0.0       0.0       0.0       0.0       0.0
       3.0      23.0      22.0      39.0      45.0      59.0      54.0      56.0      46.0      36.0
      41.0      26.0      37.0      20.0      19.0      14.0      14.0      14.0      10.0      14.0
       8.0       5.0      10.0      12.0      10.0       4.0       5.0       9.0      16.0      24.0
      48.0      48.0      57.0      66.0      46.0      27.0      22.0      14.0       4.0       0.0
       0.0       0.0       0.0       0.0       0.0       0.0       0.0       0.0       0.0       0.0
       3.0      13.0      25.0      38.0      37.0      47.0      44.0      55.0      50.0      33.0
      44.0      29.0      31.0      25.0      20.0      17.0      26.0      15.0       9.0       7.0
       8.0       6.0      11.0       6.0      10.0       6.0       9.0       4.0      14.0      32.0
      45.0      66.0      80.0      59.0      53.0      51.0      26.0      11.0       8.0       1.0
       0.0       0.0       0.0       0.0       0.0       0.0       0.0       0.0       0.0       0.0
       6.0      19.0      26.0      41.0      40.0      47.0      50.0      68.0      55.0      40.0
      40.0      33.0      31.0      27.0      22.0      21.0      22.0       8.0      14.0      13.0
      12.0      14.0      10.0       9.0       8.0       9.0      10.0       8.0      14.0      29.0
      53.0      68.0      74.0      57.0      46.0      43.0      39.0      12.0      12.0       2.0
       0.0       0.0       0.0       0.0       0.0       0.0       0.0       0.0       0.0       0.0
       6.0      21.0      24.0      43.0      48.0      51.0      55.0      57.0      50.0      44.0
      36.0      48.0      33.0      31.0      19.0      17.0      22.0      14.0      21.0      15.0
      17.0      12.0      11.0      10.0      13.0       8.0      12.0      14.0      24.0      37.0
      63.0      83.0      83.0      70.0      60.0      41.0      44.0      23.0       6.0       3.0
       0.0       0.0       0.0       0.0       0.0       0.0       0.0       0.0       0.0       0.0
       5.0      18.0      26.0      35.0      37.0      54.0      51.0      59.0      74.0      61.0
      47.0      40.0      36.0      31.0      35.0      25.0      14.0      10.0      12.0      18.0
      10.0      11.0      13.0      11.0      11.0       5.0      19.0       8.0      25.0      32.0
      64.0      96.0      86.0      84.0      66.0      62.0      38.0      29.0       6.0       0.0
       0.0       0.0       0.0       0.0       0.0       0.0       0.0       0.0       0.0       0.0
       8.0      26.0      32.0      41.0      53.0      42.0      45.0      66.0      49.0      55.0
      61.0      44.0      36.0      33.0      29.0      23.0      28.0      14.0      13.0      11.0
      22.0      14.0      16.0      12.0      10.0      16.0       8.0      15.0      33.0      56.0
      69.0     118.0     127.0      98.0      96.0      56.0      56.0      26.0       7.0       2.0
       0.0       0.0       0.0       0.0       0.0       0.0       0.0       0.0       0.0       0.0
       8.0      22.0      27.0      41.0      39.0      49.0      57.0      60.0      47.0      60.0
      58.0      56.0      41.0      44.0      35.0      29.0      26.0      26.0      18.0      17.0
      22.0      15.0      10.0      18.0      14.0      14.0      13.0      15.0      37.0      54.0
      93.0     123.0     115.0      98.0     100.0      72.0      56.0      31.0       3.0       2.0
       0.0       0.0       0.0       0.0       0.0       0.0       0.0       0.0       0.0       0.0
       8.0      35.0      29.0      36.0      45.0      48.0      66.0      61.0      56.0      51.0
      47.0      58.0      47.0      36.0      31.0      43.0      28.0      21.0      31.0      29.0
      12.0      12.0      25.0      28.0      21.0      21.0      15.0      23.0      44.0      65.0
      78.0     144.0     134.0     109.0     108.0      93.0      60.0      24.0       7.0       1.0
       0.0       0.0       0.0       0.0       0.0       0.0       0.0       0.0       0.0       0.0
      14.0      22.0      17.0      32.0      42.0      48.0      50.0      71.0      64.0      78.0
      56.0      53.0      46.0      48.0      40.0      37.0      27.0      42.0      18.0      28.0
      27.0      21.0      18.0      22.0      12.0      15.0      21.0      23.0      55.0      86.0
     103.0     154.0     169.0     148.0     123.0      95.0      63.0      32.0       9.0       0.0
       0.0       0.0       0.0       0.0       0.0       0.0       0.0       0.0       0.0       0.0
       8.0      32.0      16.0      34.0      52.0      50.0      58.0      70.0      86.0      80.0
      70.0      55.0      59.0      48.0      43.0      37.0      35.0      33.0      24.0      29.0
      32.0      29.0      28.0      23.0      22.0      20.0      24.0      17.0      66.0      83.0
     133.0     192.0     210.0     144.0     140.0     114.0      57.0      32.0      13.0       4.0
       0.0       0.0       0.0       0.0       0.0       0.0       0.0       0.0       0.0       0.0
      12.0      29.0      29.0      28.0      43.0      47.0      64.0      68.0      67.0      69.0
      73.0      56.0      58.0      47.0      47.0      37.0      38.0      41.0      33.0      38.0
      32.0      28.0      30.0      33.0      15.0      26.0      27.0      23.0      70.0      89.0
     154.0     231.0     227.0     204.0     179.0     117.0      78.0      45.0      16.0       3.0
       0.0       0.0       0.0       0.0       0.0       0.0       0.0       0.0       0.0       0.0
      10.0      23.0      27.0      24.0      44.0      57.0      65.0      60.0      66.0     104.0
      80.0      64.0      81.0      68.0      47.0      46.0      53.0      36.0      25.0      45.0
      32.0      33.0      30.0      30.0      23.0      30.0      22.0      34.0      76.0     128.0
     196.0     287.0     269.0     251.0     168.0     139.0      90.0      42.0      12.0       3.0
       0.0       1.0       0.0       0.0       0.0       0.0       0.0       0.0       0.0       0.0
       8.0      32.0      22.0      36.0      32.0      42.0      58.0      59.0      87.0      74.0
      67.0      72.0      55.0      70.0      55.0      58.0      48.0      52.0      34.0      38.0
      44.0      21.0      27.0      29.0      40.0      35.0      23.0      29.0      86.0     151.0
     231.0     303.0     296.0     244.0     197.0     160.0     114.0      53.0      23.0       2.0
       1.0       0.0       0.0       0.0       0.0       0.0       0.0       0.0       0.0       0.0
       8.0      38.0      33.0      33.0      42.0      52.0      53.0      82.0      78.0      90.0
      72.0      73.0      78.0      77.0      65.0      50.0      58.0      58.0      58.0      48.0
      30.0      38.0      37.0      47.0      46.0      35.0      35.0      42.0     120.0     172.0
     277.0     323.0     357.0     307.0     246.0     197.0     135.0      56.0      19.0       5.0
       2.0       0.0       0.0       0.0       0.0       0.0       0.0       0.0       0.0       0.0
      10.0      30.0      26.0      33.0      44.0      49.0      66.0      57.0      90.0      86.0
      77.0      86.0      78.0      75.0      78.0      52.0      61.0      63.0      54.0      54.0
      63.0      62.0      42.0      55.0      44.0      43.0      48.0      42.0     132.0     224.0
     298.0     408.0     433.0     368.0     263.0     206.0     146.0      75.0      21.0       3.0
       0.0       0.0       0.0       0.0       0.0       0.0       0.0       0.0       0.0       0.0
       9.0      29.0      29.0      31.0      38.0      48.0      71.0      91.0      90.0      81.0
      84.0     101.0      79.0      99.0      88.0      77.0      73.0      66.0      78.0      56.0
      57.0      70.0      49.0      50.0      56.0      45.0      49.0      49.0     151.0     244.0
     357.0     514.0     501.0     426.0     336.0     246.0     156.0      81.0      31.0       4.0
       0.0       0.0       0.0       0.0       0.0       0.0       0.0       0.0       0.0       0.0
      12.0      31.0      18.0      22.0      38.0      53.0      49.0      80.0      83.0      99.0
     101.0      98.0      94.0     102.0      90.0      79.0      86.0      80.0      77.0      58.0
      71.0      64.0      67.0      62.0      76.0      67.0      63.0      79.0     207.0     317.0
     460.0     563.0     590.0     484.0     396.0     310.0     176.0      92.0      32.0       7.0
       1.0       0.0       0.0       0.0       0.0       0.0       0.0       0.0       0.0       0.0
      12.0      34.0      21.0      30.0      43.0      49.0      55.0      66.0      81.0     103.0
      76.0      93.0      82.0      80.0     107.0     102.0      87.0      92.0      80.0      79.0
      70.0      73.0      73.0      80.0      71.0      59.0      68.0      83.0     206.0     384.0
     526.0     719.0     713.0     600.0     428.0     337.0     206.0     101.0      37.0       8.0
       0.0       0.0       0.0       0.0       0.0       0.0       0.0       0.0       0.0       0.0
      13.0      40.0      27.0      34.0      42.0      42.0      58.0      65.0      88.0      99.0
     101.0     108.0     109.0     101.0      91.0     113.0      99.0     101.0     105.0      88.0
      86.0      88.0     102.0      90.0      95.0     106.0      86.0      93.0     305.0     433.0
     636.0     897.0     867.0     686.0     490.0     414.0     226.0     122.0      44.0       9.0
       0.0       0.0       0.0       0.0       0.0       0.0       0.0       0.0       0.0       0.0
      12.0      35.0      29.0      34.0      30.0      40.0      59.0      62.0      79.0      94.0
      92.0      98.0     125.0     111.0     123.0     122.0     104.0     113.0     128.0     113.0
     105.0     114.0     113.0     100.0      75.0      97.0     105.0     125.0     359.0     558.0
     782.0    1060.0    1038.0     718.0     671.0     442.0     286.0     123.0      43.0       9.0
       0.0       0.0       0.0       0.0       0.0       0.0       0.0       0.0       0.0       0.0
       9.0      35.0      38.0      31.0      31.0      37.0      52.0      60.0      87.0     113.0
      99.0     104.0     118.0     125.0     141.0     135.0     127.0     113.0     120.0     126.0
     154.0     151.0     118.0     125.0     123.0     100.0     135.0     140.0     432.0     671.0
     959.0    1245.0    1188.0     991.0     751.0     573.0     306.0     169.0      66.0      16.0
       2.0       0.0       0.0       0.0       0.0       0.0       0.0       0.0       0.0       0.0
      18.0      39.0      38.0      26.0      26.0      36.0      52.0      65.0      82.0      89.0
     124.0     109.0     133.0     140.0     143.0     151.0     148.0     157.0     145.0     162.0
     166.0     159.0     138.0     155.0     156.0     129.0     140.0     170.0     503.0     808.0
    1138.0    1495.0    1450.0    1122.0     922.0     669.0     392.0     182.0      60.0      11.0
       0.0       0.0       0.0       0.0       0.0       0.0       0.0       0.0       0.0       0.0
      10.0      48.0      34.0      28.0      27.0      31.0      49.0      66.0      77.0      83.0
     108.0     120.0     116.0     149.0     160.0     164.0     143.0     199.0     158.0     170.0
     151.0     181.0     180.0     173.0     197.0     158.0     203.0     221.0     707.0     951.0
    1441.0    1876.0    1771.0    1378.0    1017.0     707.0     425.0     215.0      68.0      12.0
       0.0       0.0       0.0       0.0       0.0       0.0       0.0       0.0       0.0       0.0
       9.0      40.0      16.0      26.0      25.0      28.0      46.0      67.0      74.0      99.0
     116.0     142.0     172.0     142.0     177.0     186.0     192.0     195.0     197.0     198.0
     209.0     194.0     214.0     223.0     192.0     218.0     206.0     236.0     781.0    1282.0
    1795.0    2198.0    2066.0    1582.0    1246.0     806.0     501.0     262.0      66.0      11.0
       1.0       1.0       0.0       0.0       0.0       0.0       0.0       0.0       0.0       0.0
      18.0      57.0      32.0      30.0      17.0      32.0      34.0      66.0      70.0      93.0
     121.0     143.0     130.0     158.0     178.0     219.0     229.0     198.0     196.0     220.0
     217.0     234.0     239.0     247.0     232.0     242.0     264.0     329.0     932.0    1584.0
    2098.0    2601.0    2410.0    1884.0    1431.0    1037.0     550.0     264.0      93.0      16.0
       1.0       0.0       0.0       0.0       0.0       0.0       0.0       0.0       0.0       0.0
       9.0      50.0      28.0      30.0      20.0      21.0      41.0      58.0      61.0      95.0
     123.0     140.0     123.0     175.0     169.0     194.0     213.0     217.0     222.0     253.0
     249.0     260.0     259.0     295.0     277.0     310.0     294.0     368.0    1175.0    1821.0
    2298.0    2987.0    2775.0    2093.0    1594.0    1072.0     551.0     247.0      79.0      11.0
       3.0       0.0       0.0       0.0       0.0       0.0       0.0       0.0       0.0       0.0
      13.0      41.0      20.0      29.0      28.0      23.0      24.0      48.0      57.0      82.0
      93.0     123.0     140.0     158.0     179.0     219.0     210.0     214.0     220.0     265.0
     270.0     267.0     294.0     291.0     281.0     293.0     334.0     390.0    1290.0    1975.0
    2733.0    3432.0    3021.0    2252.0    1674.0    1099.0     562.0     306.0      83.0      18.0
       4.0       0.0       0.0       0.0       0.0       0.0       0.0       0.0       0.0       0.0
      10.0      45.0      19.0      20.0      26.0      19.0      27.0      31.0      46.0      69.0
      64.0     114.0     136.0     137.0     182.0     185.0     179.0     218.0     259.0     231.0
     255.0     294.0     292.0     316.0     297.0     354.0     361.0     378.0    1454.0    2062.0
    2709.0    3455.0    2992.0    2305.0    1565.0    1028.0     557.0     243.0      84.0      16.0
       2.0       0.0       0.0       0.0       0.0       0.0       0.0       0.0       0.0       0.0
      11.0      29.0      16.0      11.0       8.0      11.0      18.0      31.0      28.0      60.0
      55.0      94.0     106.0     140.0     146.0     157.0     182.0     168.0     193.0     223.0
     234.0     248.0     260.0     290.0     255.0     329.0     306.0     351.0    1304.0    1998.0
    2608.0    3060.0    2690.0    2035.0    1464.0     908.0     460.0     196.0      58.0       6.0
       1.0       0.0       0.0       0.0       0.0       0.0       0.0       0.0       0.0       0.0
       6.0      27.0      22.0      20.0       9.0       9.0      12.0      15.0      27.0      40.0
      53.0      69.0      72.0      85.0     117.0     120.0     126.0     163.0     142.0     201.0
     187.0     203.0     196.0     205.0     233.0     251.0     241.0     297.0    1126.0    1661.0
    2121.0    2428.0    2139.0    1463.0    1129.0     638.0     368.0     149.0      34.0       4.0
       2.0       0.0       0.0       0.0       0.0       0.0       0.0       0.0       0.0       0.0
       1.0      19.0       8.0       8.0       6.0       6.0       5.0      14.0      20.0      25.0
      39.0      48.0      51.0      75.0      85.0      85.0     109.0     114.0     124.0     111.0
     127.0     141.0     123.0     152.0     159.0     171.0     156.0     188.0     723.0    1172.0
    1295.0    1593.0    1348.0     976.0     769.0     410.0     188.0      83.0      18.0       6.0
       0.0       0.0       0.0       0.0       0.0       0.0       0.0       0.0       0.0       0.0
       2.0       9.0       3.0       9.0       2.0       4.0       7.0       9.0      13.0      21.0
      26.0      34.0      41.0      58.0      46.0      56.0      71.0      72.0      65.0      80.0
      73.0     107.0      97.0     108.0     130.0     127.0     123.0     130.0     523.0     710.0
     887.0     964.0     867.0     659.0     491.0     257.0     148.0      50.0      17.0       2.0
       0.0       0.0       0.0       0.0       0.0       0.0       0.0       0.0       0.0       0.0
       1.0       7.0       4.0       3.0       5.0       4.0       4.0       9.0      13.0      14.0
      15.0      29.0      30.0      28.0      40.0      57.0      48.0      54.0      52.0      42.0
      58.0      63.0      60.0      59.0      83.0      76.0      85.0     110.0     352.0     486.0
     650.0     730.0     558.0     453.0     351.0     196.0     110.0      22.0       7.0       2.0
       0.0       0.0       0.0       0.0       0.0       0.0       0.0       0.0       0.0       0.0
       3.0       8.0       4.0       5.0       1.0       6.0       1.0       5.0      10.0       6.0
      15.0      20.0      18.0      24.0      28.0      32.0      38.0      26.0      31.0      42.0
      59.0      56.0      53.0      55.0      49.0      55.0      68.0      61.0     234.0     369.0
     416.0     484.0     404.0     305.0     256.0     144.0      73.0      26.0       6.0       1.0
       0.0       0.0       0.0       0.0       0.0       0.0       0.0       0.0       0.0       0.0
       3.0       5.0       1.0       4.0       1.0       2.0       3.0       5.0       3.0       7.0
       8.0      15.0      15.0      18.0      16.0      31.0      23.0      27.0      33.0      40.0
      23.0      37.0      43.0      32.0      37.0      42.0      40.0      60.0     164.0     285.0
     339.0     398.0     310.0     261.0     183.0      93.0      53.0      19.0       3.0       1.0
       0.0       0.0       0.0       0.0       0.0       0.0       0.0       0.0       0.0       0.0
       0.0       5.0       1.0       0.0       0.0       1.0       2.0       3.0       9.0       8.0
      10.0       3.0      11.0       7.0      19.0      16.0      17.0      23.0      23.0      22.0
      19.0      31.0      33.0      29.0      36.0      32.0      34.0      40.0     149.0     199.0
     256.0     250.0     232.0     206.0     119.0      84.0      24.0      13.0       1.0       0.0
       0.0       0.0       0.0       0.0       0.0       0.0       0.0       0.0       0.0       0.0
       1.0       1.0       1.0       3.0       1.0       1.0       2.0       1.0       5.0       3.0
       5.0      11.0       7.0       4.0       9.0      11.0      14.0      15.0      11.0      24.0
      13.0      17.0      24.0      30.0      26.0      27.0      26.0      24.0      99.0     138.0
     141.0     209.0     145.0     117.0      99.0      60.0      24.0       8.0       2.0       1.0
       0.0       0.0       0.0       0.0       0.0       0.0       0.0       0.0       0.0       0.0
       0.0       3.0       0.0       1.0       2.0       1.0       1.0       0.0       1.0       3.0
       3.0       3.0       3.0       5.0       7.0       8.0       9.0       8.0      11.0      14.0
      16.0      18.0      19.0      11.0      17.0      18.0      21.0      14.0      69.0      86.0
     127.0     131.0     134.0      77.0      62.0      37.0      13.0       7.0       3.0       0.0
       0.0       0.0       0.0       0.0       0.0       0.0       0.0       0.0       0.0       0.0
       0.0       3.0       2.0       2.0       1.0       1.0       3.0       4.0       4.0       5.0
       6.0       2.0       8.0       7.0      13.0       9.0       4.0       7.0       8.0      14.0
      11.0      11.0      15.0      13.0      13.0      20.0      23.0      10.0      36.0      77.0
      86.0      87.0      80.0      43.0      44.0      31.0      10.0       4.0       2.0       0.0
       0.0       0.0       0.0       0.0       0.0       0.0       0.0       0.0       0.0       0.0
       0.0       0.0       1.0       1.0       0.0       1.0       0.0       0.0       2.0       1.0
       4.0       4.0       3.0       7.0       3.0       9.0       6.0       7.0       7.0      11.0
       9.0       5.0       8.0       7.0       7.0       8.0       8.0      11.0      38.0      57.0
      66.0      69.0      70.0      35.0      35.0      25.0       9.0       4.0       1.0       0.0
       0.0       0.0       0.0       0.0       0.0       0.0       0.0       0.0       0.0       0.0
       0.0       2.0       0.0       1.0       2.0       1.0       1.0       0.0       4.0       1.0
       0.0       4.0       1.0       4.0       1.0       4.0       2.0       2.0       4.0       4.0
       3.0       9.0      10.0       4.0      11.0       3.0       6.0      10.0      32.0      39.0
      48.0      63.0      36.0      41.0      26.0      16.0       8.0       2.0       1.0       0.0
       0.0       0.0       0.0       0.0       0.0       0.0       0.0       0.0       0.0       0.0
       0.0       0.0       0.0       1.0       1.0       3.0       1.0       1.0       2.0       2.0
       2.0       4.0       2.0       1.0       3.0       1.0       3.0       3.0       5.0       9.0
       6.0       7.0       1.0       8.0       8.0       8.0       6.0       7.0      23.0      29.0
      36.0      48.0      38.0      30.0      15.0      14.0       3.0       3.0       1.0       0.0
       0.0       0.0       0.0       0.0       0.0       0.0       0.0       0.0       0.0       0.0
       0.0       0.0       1.0       0.0       0.0       0.0       3.0       0.0       1.0       2.0
       1.0       2.0       4.0       1.0       3.0       1.0       5.0       3.0       3.0       3.0
       4.0       5.0       5.0       3.0       2.0       6.0       4.0       5.0      17.0      24.0
      23.0      31.0      24.0      19.0      18.0      10.0       4.0       2.0       0.0       0.0
       0.0       0.0       0.0       0.0       0.0       0.0       0.0       0.0       0.0       0.0
       0.0       0.0       0.0       1.0       0.0       1.0       0.0       0.0       1.0       2.0
       3.0       4.0       0.0       1.0       1.0       2.0       2.0       2.0       3.0       6.0
       2.0       2.0       6.0       2.0       5.0       3.0       4.0       5.0      12.0      17.0
      21.0      29.0      24.0      17.0       2.0       7.0       3.0       2.0       0.0       0.0
       0.0       0.0       0.0       0.0       0.0       0.0       0.0       0.0       0.0       0.0
       0.0       1.0       0.0       0.0       0.0       1.0       4.0       2.0       2.0       1.0
       1.0       1.0       3.0       3.0       2.0       2.0       2.0       2.0       7.0       3.0
       5.0       2.0       6.0       6.0       3.0       2.0       4.0       6.0      14.0      21.0
      19.0      28.0      14.0      17.0      15.0       9.0       4.0       1.0       0.0       0.0
       0.0       0.0       0.0       0.0       0.0       0.0       0.0       0.0       0.0       0.0
       0.0       0.0       0.0       1.0       1.0       0.0       1.0       1.0       1.0       0.0
       1.0       1.0       1.0       2.0       1.0       1.0       0.0       3.0       3.0       3.0
       5.0       0.0       4.0       4.0       3.0       4.0       3.0       4.0       9.0       9.0
      19.0      10.0      16.0       7.0      11.0       4.0       2.0       0.0       1.0       0.0
       0.0       0.0       0.0       0.0       0.0       0.0       0.0       0.0       0.0       0.0
       0.0       0.0       2.0       1.0       1.0       0.0       1.0       0.0       0.0       1.0
       0.0       1.0       1.0       4.0       0.0       2.0       1.0       2.0       2.0       1.0
       2.0       2.0       0.0       1.0       5.0       1.0       2.0       3.0       7.0      11.0
      12.0      15.0      16.0       8.0      10.0       9.0       2.0       0.0       0.0       0.0
       0.0       0.0       0.0       0.0       0.0       0.0       0.0       0.0       0.0       0.0
       0.0       0.0       0.0       1.0       0.0       0.0       0.0       0.0       1.0       1.0
       0.0       3.0       4.0       2.0       1.0       0.0       2.0       2.0       1.0       0.0
       0.0       1.0       2.0       3.0       2.0       2.0       3.0       5.0      10.0      14.0
      10.0      16.0      16.0       6.0      10.0       5.0       6.0       0.0       0.0       0.0
       0.0       0.0       0.0       0.0       0.0       0.0       0.0       0.0       0.0       0.0
       0.0       0.0       0.0       1.0       0.0       1.0       1.0       1.0       2.0       1.0
       2.0       0.0       1.0       1.0       1.0       1.0       1.0       0.0       2.0       1.0
       2.0       2.0       1.0       0.0       3.0       1.0       4.0       2.0      10.0      13.0
      11.0      10.0       9.0      10.0       4.0       2.0       2.0       0.0       0.0       0.0
       0.0       0.0       0.0       0.0       0.0       0.0       0.0       0.0       0.0       0.0
       0.0       0.0       1.0       0.0       0.0       0.0       1.0       0.0       1.0       2.0
       2.0       1.0       0.0       1.0       1.0       6.0       2.0       3.0       3.0       1.0
       3.0       3.0       1.0       4.0       2.0       2.0       2.0       1.0       7.0       9.0
      12.0      11.0       7.0       7.0       9.0       7.0       2.0       0.0       0.0       0.0
       0.0       0.0       0.0       0.0       0.0       0.0       0.0       0.0       0.0       0.0
       0.0       0.0       0.0       1.0       0.0       0.0       0.0       1.0       1.0       1.0
       1.0       0.0       1.0       1.0       3.0       2.0       1.0       0.0       0.0       1.0
       2.0       1.0       0.0       3.0       1.0       2.0       6.0       0.0       5.0       9.0
      12.0      11.0      10.0       8.0       7.0       5.0       0.0       1.0       1.0       0.0
       0.0       0.0       0.0       0.0       0.0       0.0       0.0       0.0       0.0       0.0
       0.0       0.0       0.0       0.0       0.0       0.0       1.0       0.0       2.0       0.0
       0.0       0.0       1.0       0.0       1.0       1.0       2.0       1.0       0.0       3.0
       0.0       0.0       2.0       2.0       1.0       0.0       1.0       4.0       6.0       8.0
       9.0       9.0      12.0       7.0       4.0       2.0       0.0       1.0       0.0       0.0
       0.0       0.0       0.0       0.0       0.0       0.0       0.0       0.0       0.0       0.0
       0.0       0.0       0.0       0.0       0.0       0.0       1.0       1.0       0.0       2.0
       1.0       0.0       0.0       0.0       1.0       2.0       0.0       3.0       3.0       0.0
       1.0       2.0       3.0       1.0       1.0       1.0       2.0       2.0       2.0       5.0
      10.0      10.0       4.0       7.0       3.0       1.0       1.0       0.0       0.0       0.0
       0.0       0.0       0.0       0.0       0.0       0.0       0.0       0.0       0.0       0.0
       0.0       0.0       1.0       0.0       0.0       1.0       1.0       1.0       1.0       2.0
       2.0       0.0       2.0       4.0       1.0       2.0       3.0       0.0       1.0       0.0
       1.0       1.0       1.0       1.0       2.0       4.0       1.0       3.0       3.0       9.0
       9.0       6.0       3.0       7.0       6.0       3.0       1.0       0.0       0.0       0.0
       0.0       0.0       0.0       0.0       0.0       0.0       0.0       0.0       0.0       0.0
       0.0       1.0       0.0       0.0       0.0       0.0       0.0       0.0       0.0       4.0
       2.0       1.0       3.0       2.0       0.0       2.0       0.0       0.0       0.0       0.0
       2.0       0.0       0.0       0.0       1.0       2.0       0.0       2.0       5.0       6.0
       5.0      13.0       7.0       6.0       3.0       3.0       1.0       1.0       0.0       0.0
       0.0       0.0       0.0       0.0       0.0       0.0       0.0       0.0       0.0       0.0
       0.0       1.0       0.0       0.0       0.0       0.0       0.0       1.0       1.0       0.0
       2.0       1.0       0.0       1.0       1.0       1.0       3.0       2.0       0.0       1.0
       0.0       0.0       1.0       0.0       1.0       1.0       0.0       5.0      10.0       2.0
       7.0      12.0       4.0       2.0       5.0       3.0       1.0       0.0       0.0       0.0
       0.0       0.0       0.0       0.0       0.0       0.0       0.0       0.0       0.0       0.0
       0.0       0.0       0.0       0.0       0.0       0.0       0.0       3.0       0.0       0.0
       0.0       1.0       1.0       3.0       1.0       1.0       0.0       1.0       1.0       3.0
       0.0       2.0       0.0       0.0       1.0       1.0       2.0       1.0       9.0       6.0
       6.0       6.0       8.0       4.0       2.0       0.0       1.0       1.0       0.0       0.0
       0.0       0.0       0.0       0.0       0.0       0.0       0.0       0.0       0.0       0.0
       1.0       0.0       0.0       0.0       0.0       0.0       1.0       1.0       1.0       0.0
       0.0       0.0       2.0       1.0       0.0       2.0       0.0       2.0       1.0       3.0
       1.0       0.0       2.0       2.0       1.0       0.0       1.0       0.0       7.0       3.0
       9.0       6.0       7.0       4.0       2.0       2.0       0.0       0.0       0.0       0.0
       0.0       0.0       0.0       0.0       0.0       0.0       0.0       0.0       0.0       0.0
       0.0       0.0       0.0       0.0       0.0       0.0       0.0       1.0       1.0       0.0
       0.0       0.0       0.0       0.0       0.0       1.0       1.0       0.0       0.0       2.0
       1.0       1.0       1.0       0.0       3.0       0.0       1.0       1.0       4.0       7.0
       7.0       8.0      12.0       5.0       2.0       5.0       1.0       1.0       0.0       0.0
       0.0       0.0       0.0       0.0       0.0       0.0       0.0       0.0       0.0       0.0
       0.0       0.0       0.0       0.0       1.0       0.0       0.0       1.0       0.0       0.0
       2.0       2.0       1.0       0.0       0.0       0.0       1.0       3.0       2.0       0.0
       0.0       0.0       0.0       1.0       0.0       3.0       1.0       0.0       2.0       4.0
       5.0       4.0       5.0       5.0       0.0       1.0       0.0       0.0       1.0       0.0
       0.0       0.0       0.0       0.0       0.0       0.0       0.0       0.0       0.0       0.0
       0.0       1.0       0.0       0.0       2.0       0.0       0.0       1.0       1.0       0.0
       1.0       2.0       2.0       1.0       2.0       1.0       1.0       2.0       1.0       0.0
       0.0       0.0       1.0       5.0       1.0       1.0       1.0       2.0       4.0       5.0
       7.0       5.0       4.0       3.0       5.0       3.0       0.0       1.0       1.0       0.0
       0.0       0.0       0.0       0.0       0.0       0.0       0.0       0.0       0.0       0.0
       0.0       1.0       1.0       0.0       1.0       0.0       1.0       0.0       2.0       1.0
       1.0       2.0       2.0       2.0       1.0       3.0       2.0       4.0       2.0       1.0
       0.0       0.0       3.0       0.0       3.0       1.0       0.0       0.0       3.0       4.0
       7.0       8.0       5.0       2.0       3.0       2.0       2.0       2.0       0.0       0.0
       0.0       0.0       0.0       0.0       0.0       0.0       0.0       0.0       0.0       0.0
       0.0       1.0       0.0       0.0       0.0       0.0       0.0       0.0       1.0       1.0
       1.0       0.0       0.0       2.0       1.0       0.0       1.0       0.0       0.0       2.0
       2.0       3.0       0.0       2.0       1.0       1.0       1.0       3.0       2.0       8.0
       5.0       2.0       5.0       4.0       4.0       4.0       0.0       0.0       0.0       0.0
       0.0       0.0       0.0       0.0       0.0       0.0       0.0       0.0       0.0       0.0
       0.0       0.0       0.0       0.0       1.0       0.0       1.0       0.0       1.0       0.0
       0.0       2.0       0.0       2.0       0.0       0.0       1.0       1.0       0.0       2.0
       1.0       4.0       0.0       2.0       2.0       0.0       3.0       2.0       4.0       6.0
       7.0       3.0       3.0       5.0       4.0       2.0       1.0       0.0       0.0       0.0
       0.0       0.0       0.0       0.0       0.0       0.0       0.0       0.0       0.0       0.0
       0.0       0.0       0.0       1.0       0.0       0.0       0.0       2.0       0.0       1.0
       0.0       1.0       3.0       1.0       0.0       0.0       0.0       2.0       1.0       1.0
       0.0       0.0       2.0       0.0       1.0       4.0       0.0       3.0       6.0       1.0
       7.0       7.0       6.0       4.0       2.0       4.0       1.0       0.0       0.0       0.0
       0.0       0.0       0.0       0.0       0.0       0.0       0.0       0.0       0.0       0.0
       0.0       0.0       0.0       0.0       0.0       0.0       0.0       0.0       3.0       0.0
       0.0       0.0       0.0       1.0       1.0       2.0       1.0       0.0       1.0       0.0
       0.0       0.0       1.0       1.0       1.0       0.0       2.0       0.0       6.0       4.0
       8.0       8.0       0.0       2.0       2.0       1.0       1.0       1.0       0.0       0.0
       0.0       0.0       0.0       0.0       0.0       0.0       0.0       0.0       0.0       0.0
       0.0       0.0       0.0       0.0       0.0       1.0       0.0       0.0       0.0       0.0
       0.0       0.0       0.0       3.0       1.0       1.0       1.0       2.0       0.0       0.0
       2.0       0.0       2.0       2.0       0.0       1.0       3.0       0.0       5.0       0.0
       4.0       4.0       3.0       3.0       3.0       0.0       1.0       0.0       0.0       0.0
       0.0       0.0       0.0       0.0       0.0       0.0       0.0       0.0       0.0       0.0
       0.0       1.0       0.0       0.0       0.0       0.0       0.0       0.0       1.0       1.0
       0.0       0.0       1.0       2.0       1.0       2.0       1.0       0.0       1.0       1.0
       0.0       0.0       1.0       1.0       3.0       1.0       2.0       2.0       5.0       4.0
       7.0       6.0       5.0       1.0       3.0       3.0       0.0       0.0       0.0       0.0
       0.0       0.0       0.0       0.0       0.0       0.0       0.0       0.0       0.0       0.0
       0.0       0.0       0.0       0.0       0.0       0.0       0.0       0.0       0.0       0.0
       2.0       0.0       1.0       4.0       0.0       0.0       1.0       1.0       1.0       1.0
       0.0       0.0       0.0       1.0       2.0       2.0       0.0       0.0       2.0       3.0
       4.0       3.0       1.0       5.0       2.0       0.0       1.0       1.0       0.0       0.0
       0.0       0.0       0.0       0.0       0.0       0.0       0.0       0.0       0.0       0.0
       0.0       0.0       0.0       0.0       1.0       0.0       0.0       0.0       0.0       0.0
       0.0       0.0       1.0       0.0       0.0       0.0       2.0       1.0       1.0       2.0
       1.0       1.0       0.0       2.0       0.0       1.0       3.0       1.0       1.0       1.0
       7.0       7.0       3.0       2.0       3.0       0.0       2.0       0.0       0.0       0.0
       0.0       0.0       0.0       0.0       0.0       0.0       0.0       0.0       0.0       0.0
       0.0       0.0       0.0       0.0       0.0       0.0       0.0       1.0       1.0       0.0
       0.0       0.0       1.0       1.0       0.0       0.0       1.0       0.0       1.0       1.0
       0.0       0.0       1.0       2.0       0.0       0.0       0.0       1.0       2.0       3.0
       7.0       4.0       3.0       2.0       2.0       1.0       0.0       0.0       0.0       0.0
       0.0       0.0       0.0       0.0       0.0       0.0       0.0       0.0       0.0       0.0
       0.0       0.0       0.0       0.0       0.0       0.0       0.0       0.0       0.0       0.0
       1.0       0.0       0.0       2.0       0.0       0.0       2.0       2.0       0.0       0.0
       0.0       1.0       0.0       1.0       2.0       1.0       0.0       0.0       4.0       3.0
       5.0       4.0       5.0       4.0       2.0       3.0       0.0       0.0       0.0       0.0
       0.0       0.0       0.0       0.0       0.0       0.0       0.0       0.0       0.0       0.0
       0.0       0.0       0.0       0.0       0.0       0.0       0.0       0.0       0.0       0.0
       0.0       0.0       0.0       0.0       0.0       0.0       0.0       0.0       2.0       2.0
       1.0       0.0       0.0       1.0       1.0       1.0       1.0       0.0       2.0       6.0
       6.0       3.0       2.0       2.0       0.0       0.0       1.0       0.0       0.0       0.0
       0.0       0.0       0.0       0.0       0.0       0.0       0.0       0.0       0.0       0.0
       0.0       1.0       0.0       1.0       0.0       0.0       0.0       1.0       0.0       0.0
       1.0       0.0       0.0       0.0       0.0       0.0       0.0       0.0       0.0       1.0
       0.0       1.0       0.0       0.0       0.0       0.0       0.0       0.0       2.0       3.0
       1.0       3.0       1.0       3.0       1.0       0.0       1.0       0.0       0.0       0.0
       0.0       0.0       0.0       0.0       0.0       0.0       0.0       0.0       0.0       0.0
       0.0       0.0       0.0       0.0       0.0       0.0       0.0       0.0       0.0       1.0
       1.0       0.0       0.0       2.0       0.0       1.0       0.0       0.0       0.0       0.0
       1.0       0.0       0.0       0.0       0.0       0.0       1.0       1.0       4.0       2.0
       1.0       1.0       0.0       3.0       2.0       1.0       1.0       0.0       0.0       0.0
       0.0       0.0       0.0       0.0       0.0       0.0       0.0       0.0       0.0       0.0
       0.0       0.0       0.0       0.0       0.0       0.0       0.0       0.0       0.0       1.0
       0.0       0.0       0.0       1.0       1.0       0.0       1.0       2.0       0.0       0.0
       0.0       0.0       0.0       0.0       1.0       0.0       1.0       1.0       1.0       0.0
       3.0       2.0       1.0       0.0       1.0       0.0       0.0       1.0       0.0       0.0
       0.0       0.0       0.0       0.0       0.0       0.0       0.0       0.0       0.0       0.0
       0.0       0.0       1.0       0.0       0.0       0.0       0.0       0.0       1.0       0.0
       0.0       0.0       0.0       0.0       0.0       0.0       0.0       0.0       1.0       0.0
       1.0       0.0       0.0       1.0       0.0       0.0       0.0       1.0       3.0       3.0
      11.0       2.0       1.0       0.0       2.0       1.0       1.0       0.0       0.0       0.0
       0.0       0.0       0.0       0.0       0.0       0.0       0.0       0.0       0.0       0.0
       0.0       0.0       0.0       0.0       0.0       0.0       0.0       0.0       0.0       0.0
       0.0       0.0       0.0       0.0       0.0       1.0       0.0       2.0       0.0       1.0
       0.0       0.0       0.0       0.0       1.0       1.0       2.0       0.0       2.0       2.0
       2.0       4.0       5.0       1.0       1.0       1.0       0.0       0.0       0.0       0.0
       0.0       0.0       0.0       0.0       0.0       0.0       0.0       0.0       0.0       0.0
       0.0       0.0       0.0       0.0       0.0       0.0       0.0       0.0       1.0       1.0
       0.0       0.0       0.0       0.0       0.0       0.0       0.0       1.0       0.0       0.0
       0.0       0.0       0.0       0.0       1.0       1.0       0.0       0.0       0.0       0.0
       0.0       0.0       0.0       1.0       0.0       0.0       0.0       0.0       0.0       0.0
       0.0       0.0       0.0       0.0       0.0       0.0       0.0       0.0       0.0       0.0
       0.0       0.0       0.0       0.0       0.0       0.0       0.0       0.0       0.0       0.0
       0.0       0.0       0.0       0.0       0.0       0.0       1.0       1.0       1.0       0.0
       0.0       0.0       0.0       0.0       1.0       0.0       0.0       0.0       1.0       1.0
       1.0       0.0       1.0       1.0       0.0       0.0       0.0       0.0       0.0       0.0
       0.0       0.0       0.0       0.0       0.0       0.0       0.0       0.0       0.0       0.0
       0.0       0.0       0.0       0.0       0.0       0.0       0.0       0.0       0.0       0.0
       0.0       0.0       1.0       0.0       1.0       0.0       0.0       0.0       0.0       0.0
       0.0       0.0       0.0       0.0       0.0       0.0       1.0       1.0       2.0       1.0
       1.0       1.0       2.0       0.0       1.0       0.0       1.0       1.0       0.0       0.0
       0.0       0.0       0.0       0.0       0.0       0.0       0.0       0.0       0.0       0.0
       0.0       0.0       1.0       0.0       0.0       0.0       0.0       0.0       0.0       0.0
       0.0       0.0       0.0       0.0       0.0       0.0       0.0       0.0       0.0       1.0
       0.0       0.0       0.0       1.0       0.0       0.0       0.0       0.0       0.0       0.0
       2.0       0.0       0.0       0.0       0.0       0.0       0.0       0.0       0.0       0.0
       0.0       0.0       0.0       0.0       0.0       0.0       0.0       0.0       0.0       0.0
       0.0       0.0       0.0       0.0       0.0       0.0       0.0       0.0       0.0       0.0
       0.0       0.0       0.0       0.0       0.0       0.0       0.0       0.0       0.0       1.0
       1.0       0.0       1.0       0.0       0.0       1.0       0.0       0.0       0.0       0.0
       0.0       1.0       1.0       2.0       0.0       0.0       0.0       0.0       0.0       0.0
       0.0       0.0       0.0       0.0       0.0       0.0       0.0       0.0       0.0       0.0
       0.0       0.0       0.0       0.0       0.0       0.0       0.0       0.0       0.0       0.0
       0.0       0.0       0.0       0.0       0.0       0.0       0.0       0.0       0.0       0.0
       0.0       0.0       1.0       0.0       0.0       1.0       1.0       0.0       2.0       0.0
       1.0       0.0       0.0       0.0       0.0       0.0       0.0       0.0       0.0       0.0
       0.0       0.0       0.0       0.0       0.0       0.0       0.0       0.0       0.0       0.0

