title:          ~/hist/mu2e/cd3-pion/e01scd30.track_ana.hist/TrackAna/trk_19/dt
name:           trk_19/dt
nbx,xmin,xmax:   400   -20.0000    20.0000
       0.0       0.0       0.0       0.0       0.0       0.0       0.0       0.0       0.0       0.0
       0.0       0.0       0.0       0.0       0.0       0.0       0.0       0.0       0.0       0.0
       0.0       0.0       0.0       0.0       0.0       0.0       0.0       0.0       0.0       0.0
       0.0       0.0       0.0       0.0       0.0       0.0       0.0       0.0       0.0       0.0
       0.0       0.0       0.0       0.0       0.0       0.0       0.0       0.0       0.0       0.0
       0.0       0.0       0.0       0.0       0.0       0.0       0.0       0.0       0.0       0.0
       0.0       0.0       0.0       0.0       0.0       0.0       0.0       0.0       0.0       0.0
       0.0       0.0       0.0       0.0       0.0       0.0       0.0       0.0       0.0       0.0
       0.0       0.0       0.0       0.0       0.0       0.0       0.0       0.0       0.0       0.0
       0.0       0.0       0.0       0.0       0.0       0.0       0.0       1.0       4.0       3.0
       2.0       2.0       4.0       7.0       7.0       6.0       7.0      11.0      10.0       6.0
       8.0      11.0      10.0      15.0      19.0      10.0      15.0      13.0      14.0      10.0
       9.0      13.0      22.0      15.0      21.0      10.0      15.0      27.0      24.0      25.0
      26.0      29.0      30.0      42.0      35.0      35.0      32.0      33.0      43.0      39.0
      39.0      49.0      44.0      42.0      56.0      63.0      59.0      49.0      82.0      76.0
      78.0      79.0      71.0      95.0      71.0      92.0     109.0     122.0     121.0     116.0
     145.0     134.0     165.0     156.0     174.0     197.0     255.0     241.0     293.0     304.0
     335.0     393.0     397.0     506.0     561.0     622.0     728.0     866.0     990.0    1140.0
    1368.0    1603.0    1853.0    2191.0    2602.0    2951.0    3382.0    3955.0    4744.0    5354.0
    6356.0    6980.0    7939.0    8704.0    9510.0   10251.0   10772.0   11220.0   11682.0   11947.0
   11571.0   11557.0   11094.0   11039.0   10468.0    9868.0    9236.0    8632.0    7883.0    7139.0
    6517.0    6040.0    5516.0    4707.0    4390.0    3940.0    3569.0    3084.0    2878.0    2535.0
    2217.0    2007.0    1813.0    1733.0    1494.0    1386.0    1203.0    1127.0    1008.0     881.0
     798.0     717.0     678.0     611.0     525.0     466.0     412.0     403.0     365.0     345.0
     306.0     270.0     202.0     207.0     215.0     184.0     176.0     118.0     150.0     132.0
      94.0      90.0      86.0      89.0      76.0      92.0      76.0      68.0      60.0      56.0
      58.0      44.0      49.0      34.0      45.0      36.0      28.0      33.0      29.0      23.0
      23.0      18.0      23.0      25.0      24.0      18.0      10.0      14.0      13.0      12.0
      15.0      11.0       9.0      10.0      14.0      10.0       9.0       7.0      10.0       9.0
      10.0       5.0       6.0       3.0       9.0      11.0      11.0       4.0       6.0       0.0
       3.0       0.0       2.0       0.0       0.0       0.0       0.0       0.0       0.0       0.0
       0.0       0.0       0.0       0.0       0.0       0.0       0.0       0.0       0.0       0.0
       0.0       0.0       0.0       0.0       0.0       0.0       0.0       0.0       0.0       0.0
       0.0       0.0       0.0       0.0       0.0       0.0       0.0       0.0       0.0       0.0
       0.0       0.0       0.0       0.0       0.0       0.0       0.0       0.0       0.0       0.0
       0.0       0.0       0.0       0.0       0.0       0.0       0.0       0.0       0.0       0.0
       0.0       0.0       0.0       0.0       0.0       0.0       0.0       0.0       0.0       0.0
       0.0       0.0       0.0       0.0       0.0       0.0       0.0       0.0       0.0       0.0
       0.0       0.0       0.0       0.0       0.0       0.0       0.0       0.0       0.0       0.0
       0.0       0.0       0.0       0.0       0.0       0.0       0.0       0.0       0.0       0.0

