title:          ~/hist/mu2e/cd3-pion/m01scd30.track_ana.hist/TrackAna/trk_19/ep_vs_path
name:           trk_19/ep_vs_path
nbx,xmin,xmax,nby,ymin,ymax:    50     0.0000   500.0000   150     0.0000     1.5000
       0.0       0.0       0.0       0.0       0.0       0.0       0.0       0.0       0.0       0.0
       0.0       0.0       0.0       0.0       0.0       0.0       0.0       0.0       0.0       0.0
       0.0       0.0       0.0       0.0       0.0       0.0       0.0       0.0       0.0       0.0
       0.0       0.0       0.0       0.0       0.0       0.0       0.0       0.0       0.0       0.0
       0.0       0.0       0.0       0.0       0.0       0.0       0.0       0.0       0.0       0.0
       0.0       0.0       0.0       0.0       0.0       0.0       0.0       0.0       0.0       0.0
       0.0       0.0       0.0       0.0       0.0       0.0       0.0       0.0       0.0       0.0
       0.0       0.0       0.0       0.0       0.0       0.0       0.0       0.0       0.0       0.0
       0.0       0.0       0.0       0.0       0.0       0.0       0.0       0.0       0.0       0.0
       0.0       0.0       0.0       0.0       0.0       0.0       0.0       0.0       0.0       0.0
       0.0       0.0       0.0       0.0       0.0       0.0       0.0       0.0       0.0       0.0
       0.0       0.0       0.0       0.0       0.0       0.0       0.0       0.0       0.0       0.0
       0.0       0.0       0.0       0.0       0.0       0.0       0.0       0.0       0.0       0.0
       0.0       0.0       0.0       0.0       0.0       0.0       0.0       0.0       0.0       0.0
       0.0       0.0       0.0       0.0       0.0       0.0       0.0       0.0       0.0       0.0
       0.0       0.0       0.0       0.0       0.0       0.0       0.0       0.0       0.0       0.0
       0.0       0.0       0.0       0.0       0.0       0.0       0.0       0.0       0.0       0.0
       0.0       0.0       0.0       0.0       0.0       0.0       0.0       0.0       0.0       0.0
       0.0       0.0       0.0       0.0       0.0       0.0       0.0       0.0       0.0       0.0
       0.0       0.0       0.0       0.0       0.0       0.0       0.0       0.0       0.0       0.0
       0.0       0.0       0.0       0.0       0.0       0.0       0.0       0.0       0.0       0.0
       0.0       0.0       0.0       0.0       0.0       0.0       0.0       0.0       0.0       0.0
       0.0       0.0       0.0       0.0       0.0       0.0       0.0       0.0       0.0       0.0
       0.0       0.0       0.0       0.0       0.0       0.0       0.0       0.0       0.0       0.0
       0.0       0.0       0.0       0.0       0.0       0.0       0.0       0.0       0.0       0.0
       0.0       0.0       0.0       0.0       0.0       0.0       0.0       0.0       0.0       0.0
       0.0       0.0       0.0       0.0       0.0       0.0       0.0       0.0       0.0       0.0
       0.0       0.0       0.0       0.0       0.0       0.0       0.0       0.0       0.0       0.0
       0.0       0.0       0.0       0.0       0.0       0.0       0.0       0.0       0.0       0.0
       0.0       0.0       0.0       0.0       0.0       0.0       0.0       0.0       0.0       0.0
       0.0       0.0       0.0       0.0       0.0       0.0       0.0       0.0       0.0       0.0
       0.0       0.0       0.0       0.0       0.0       0.0       0.0       0.0       0.0       0.0
       0.0       0.0       0.0       0.0       0.0       0.0       0.0       0.0       0.0       0.0
       0.0       0.0       0.0       0.0       0.0       0.0       0.0       0.0       0.0       0.0
       0.0       0.0       0.0       0.0       0.0       0.0       0.0       0.0       0.0       0.0
       0.0       0.0       0.0       0.0       0.0       0.0       0.0       0.0       0.0       0.0
       0.0       0.0       0.0       0.0       0.0       0.0       0.0       0.0       0.0       0.0
       0.0       0.0       0.0       0.0       0.0       0.0       0.0       0.0       0.0       0.0
       0.0       0.0       0.0       0.0       0.0       0.0       0.0       0.0       0.0       0.0
       0.0       0.0       0.0       0.0       0.0       0.0       0.0       0.0       0.0       0.0
       0.0       0.0       0.0       0.0       0.0       0.0       0.0       0.0       0.0       0.0
       0.0       0.0       0.0       0.0       0.0       0.0       0.0       0.0       0.0       0.0
       0.0       0.0       0.0       0.0       0.0       0.0       0.0       0.0       0.0       0.0
       0.0       0.0       0.0       0.0       0.0       0.0       0.0       0.0       0.0       0.0
       0.0       0.0       0.0       0.0       0.0       0.0       0.0       0.0       0.0       0.0
       7.0      11.0       6.0       2.0       0.0       4.0       1.0       1.0       1.0       0.0
       1.0       0.0       0.0       0.0       1.0       1.0       0.0       0.0       1.0       1.0
       0.0       1.0       0.0       0.0       1.0       1.0       0.0       2.0       1.0       1.0
       2.0       3.0       3.0       3.0       5.0       3.0       0.0       0.0       0.0       0.0
       0.0       0.0       0.0       0.0       0.0       0.0       0.0       0.0       0.0       0.0
      32.0      71.0      27.0      17.0       5.0       4.0       2.0       4.0       2.0       2.0
       2.0       3.0       2.0       1.0       1.0       1.0       0.0       2.0       2.0       3.0
       0.0       5.0       4.0       0.0       1.0       3.0       0.0       2.0       4.0       4.0
       5.0      15.0      11.0      10.0      10.0       1.0       8.0       4.0       0.0       0.0
       0.0       0.0       0.0       0.0       0.0       0.0       0.0       0.0       0.0       0.0
      21.0      71.0      49.0      20.0       7.0       6.0       2.0       0.0       1.0       3.0
       1.0       2.0       4.0       1.0       1.0       2.0       1.0       3.0       3.0       2.0
       0.0       0.0       0.0       3.0       2.0       1.0       3.0       3.0       5.0       6.0
       9.0       8.0      15.0      10.0       9.0       3.0       5.0       3.0       0.0       0.0
       0.0       0.0       0.0       0.0       0.0       0.0       0.0       0.0       0.0       0.0
      23.0      68.0      47.0      23.0      12.0      10.0       5.0       3.0       2.0       2.0
       2.0       1.0       0.0       1.0       3.0       2.0       1.0       0.0       2.0       0.0
       2.0       2.0       2.0       1.0       2.0       3.0       2.0       1.0       6.0       2.0
       1.0      10.0      13.0      15.0       6.0      10.0       4.0       4.0       1.0       0.0
       0.0       0.0       0.0       0.0       0.0       0.0       0.0       0.0       0.0       0.0
      22.0      76.0      37.0      19.0       8.0       8.0       7.0       2.0       1.0       1.0
       0.0       4.0       4.0       2.0       0.0       3.0       2.0       2.0       1.0       2.0
       1.0       3.0       3.0       0.0       2.0       0.0       2.0       2.0       4.0       2.0
      13.0      10.0       6.0      16.0       7.0       5.0       5.0       3.0       1.0       0.0
       0.0       0.0       0.0       0.0       0.0       0.0       0.0       0.0       0.0       0.0
      21.0      65.0      54.0      13.0       8.0       6.0       7.0       3.0       1.0       0.0
       2.0       1.0       1.0       2.0       0.0       1.0       1.0       4.0       4.0       3.0
       1.0       3.0       2.0       2.0       0.0       2.0       2.0       6.0       5.0       5.0
       7.0      12.0       8.0      10.0       6.0       5.0       5.0       0.0       0.0       0.0
       0.0       0.0       0.0       0.0       0.0       0.0       0.0       0.0       0.0       0.0
      15.0      57.0      49.0      15.0      10.0       9.0       5.0       3.0       1.0       1.0
       0.0       1.0       0.0       2.0       5.0       2.0       1.0       4.0       4.0       1.0
       0.0       1.0       2.0       1.0       2.0       1.0       1.0       2.0       4.0       4.0
       9.0       9.0      13.0       4.0       8.0       3.0       6.0       2.0       0.0       0.0
       0.0       0.0       0.0       0.0       0.0       0.0       0.0       0.0       0.0       0.0
      13.0      59.0      67.0      15.0       9.0       4.0       1.0       1.0       1.0       1.0
       6.0       2.0       0.0       2.0       0.0       0.0       0.0       4.0       3.0       2.0
       2.0       2.0       1.0       0.0       1.0       1.0       0.0       1.0       2.0       7.0
       7.0      12.0       7.0      11.0       7.0       5.0       5.0       1.0       1.0       0.0
       0.0       0.0       0.0       0.0       0.0       0.0       0.0       0.0       0.0       0.0
      12.0      49.0      63.0      24.0      11.0       7.0       5.0       7.0       6.0       1.0
       2.0       1.0       0.0       2.0       2.0       0.0       3.0       3.0       0.0       1.0
       1.0       5.0       0.0       0.0       4.0       1.0       3.0       2.0       3.0       9.0
       7.0      12.0      12.0      12.0       8.0       4.0       1.0       2.0       1.0       1.0
       0.0       0.0       0.0       0.0       0.0       0.0       0.0       0.0       0.0       0.0
      19.0      55.0      60.0      19.0      13.0       6.0       2.0       2.0       1.0       3.0
       0.0       1.0       1.0       1.0       1.0       1.0       2.0       2.0       0.0       1.0
       0.0       2.0       2.0       2.0       3.0       1.0       0.0       2.0       4.0       6.0
       6.0       5.0       5.0      10.0       5.0       5.0       6.0       2.0       1.0       0.0
       0.0       0.0       0.0       0.0       0.0       0.0       0.0       0.0       0.0       0.0
      13.0      47.0      60.0      22.0      12.0       6.0       4.0       2.0       1.0       1.0
       3.0       2.0       3.0       2.0       3.0       1.0       2.0       1.0       2.0       3.0
       1.0       2.0       0.0       3.0       1.0       4.0       2.0       0.0       6.0       7.0
      12.0      13.0       8.0      12.0       6.0       7.0       1.0       0.0       0.0       0.0
       0.0       0.0       0.0       0.0       0.0       0.0       0.0       0.0       0.0       0.0
       6.0      42.0      56.0      34.0      12.0       6.0       2.0       1.0       2.0       5.0
       2.0       1.0       2.0       3.0       2.0       5.0       1.0       2.0       1.0       0.0
       4.0       3.0       1.0       3.0       1.0       2.0       2.0       2.0       5.0       5.0
       5.0      13.0      14.0       8.0       6.0       6.0       2.0       0.0       0.0       0.0
       0.0       0.0       0.0       0.0       0.0       0.0       0.0       0.0       0.0       0.0
       9.0      45.0      64.0      35.0      10.0       8.0       7.0       5.0       4.0       0.0
       4.0       4.0       2.0       3.0       2.0       1.0       0.0       3.0       0.0       2.0
       0.0       2.0       2.0       1.0       0.0       1.0       1.0       1.0       3.0      12.0
       6.0       8.0      11.0       8.0       4.0       5.0       5.0       3.0       2.0       0.0
       0.0       0.0       0.0       0.0       0.0       0.0       0.0       0.0       0.0       0.0
       9.0      32.0      73.0      22.0      14.0       6.0       4.0       4.0       1.0       1.0
       0.0       2.0       1.0       2.0       2.0       1.0       1.0       0.0       4.0       1.0
       2.0       0.0       1.0       1.0       3.0       3.0       1.0       3.0       2.0       2.0
       9.0       9.0      12.0       4.0       7.0       7.0       5.0       0.0       0.0       0.0
       0.0       0.0       0.0       0.0       0.0       0.0       0.0       0.0       0.0       0.0
      17.0      28.0      57.0      34.0      15.0       7.0       2.0       2.0       2.0       1.0
       2.0       0.0       1.0       2.0       1.0       1.0       3.0       0.0       2.0       1.0
       0.0       2.0       2.0       2.0       3.0       4.0       3.0       4.0       3.0      11.0
       8.0      12.0      10.0      12.0       5.0       8.0       5.0       1.0       1.0       0.0
       0.0       0.0       0.0       0.0       0.0       0.0       0.0       0.0       0.0       0.0
       7.0      25.0      61.0      21.0      11.0       7.0       7.0       5.0       2.0       5.0
       1.0       6.0       2.0       3.0       0.0       1.0       3.0       1.0       2.0       2.0
       4.0       4.0       2.0       2.0       4.0       1.0       1.0       8.0       4.0      12.0
      11.0      18.0      15.0      10.0       6.0       2.0       3.0       1.0       0.0       1.0
       0.0       0.0       0.0       0.0       0.0       0.0       0.0       0.0       0.0       0.0
       7.0      23.0      53.0      28.0      13.0       3.0       8.0       5.0       3.0       1.0
       2.0       3.0       0.0       2.0       2.0       4.0       1.0       4.0       3.0       2.0
       1.0       1.0       4.0       2.0       1.0       1.0       3.0       3.0       8.0       3.0
       7.0      10.0      11.0       8.0       9.0       4.0       4.0       4.0       1.0       1.0
       0.0       0.0       0.0       0.0       0.0       0.0       0.0       0.0       0.0       0.0
       7.0      18.0      40.0      35.0      10.0      13.0       2.0       0.0       3.0       0.0
       0.0       0.0       1.0       1.0       0.0       4.0       2.0       0.0       2.0       1.0
       1.0       1.0       0.0       5.0       3.0       1.0       2.0       5.0       2.0       3.0
      12.0      16.0      13.0       8.0       8.0       7.0       3.0       3.0       1.0       0.0
       0.0       0.0       0.0       0.0       0.0       0.0       0.0       0.0       0.0       0.0
       4.0      31.0      70.0      32.0      10.0       9.0       5.0       8.0       4.0       3.0
       2.0       6.0       1.0       3.0       2.0       2.0       3.0       0.0       2.0       5.0
       0.0       0.0       2.0       4.0       3.0       2.0       2.0       1.0       4.0       6.0
      14.0      17.0      14.0      12.0       8.0      13.0       4.0       0.0       3.0       1.0
       0.0       0.0       0.0       0.0       0.0       0.0       0.0       0.0       0.0       0.0
       7.0      22.0      51.0      34.0      13.0       8.0       8.0       4.0       2.0       5.0
       2.0       1.0       1.0       5.0       0.0       2.0       2.0       0.0       1.0       1.0
       1.0       5.0       2.0       4.0       5.0       3.0       0.0       4.0       8.0       9.0
       8.0      22.0      14.0      13.0       5.0      13.0       4.0       3.0       0.0       0.0
       1.0       0.0       0.0       0.0       0.0       0.0       0.0       0.0       0.0       0.0
       9.0      14.0      55.0      23.0      19.0       5.0       2.0       5.0       2.0       1.0
       3.0       3.0       1.0       2.0       1.0       2.0       3.0       2.0       2.0       5.0
       5.0       4.0       4.0       2.0       2.0       2.0       5.0       2.0       5.0       8.0
      14.0      19.0      12.0      13.0       6.0       8.0       5.0       2.0       2.0       0.0
       0.0       0.0       0.0       0.0       0.0       0.0       0.0       0.0       0.0       0.0
       2.0      15.0      33.0      25.0      11.0       9.0       3.0       2.0       4.0       2.0
       2.0       2.0       4.0       2.0       2.0       0.0       2.0       1.0       3.0       5.0
       3.0       5.0       1.0       5.0       4.0       0.0       1.0       6.0       6.0       9.0
       8.0      23.0      19.0      23.0      11.0       8.0       5.0       5.0       1.0       0.0
       0.0       0.0       0.0       0.0       0.0       0.0       0.0       0.0       0.0       0.0
       1.0      19.0      38.0      24.0      12.0      10.0       9.0       5.0       1.0       2.0
       1.0       4.0       2.0       1.0       2.0       2.0       0.0       1.0       3.0       5.0
       3.0       7.0       4.0       3.0       2.0       8.0       3.0       4.0      11.0      14.0
      17.0      30.0      30.0      13.0      19.0      15.0      10.0       4.0       2.0       0.0
       0.0       0.0       0.0       0.0       0.0       0.0       0.0       0.0       0.0       0.0
       2.0      12.0      34.0      25.0       6.0       6.0       7.0       5.0       3.0       4.0
       1.0       4.0       2.0       4.0       2.0       2.0       2.0       1.0       6.0       7.0
       3.0       7.0       3.0       6.0       5.0       2.0       4.0       8.0      14.0       8.0
      23.0      25.0      29.0      29.0      17.0      19.0      18.0       4.0       1.0       0.0
       0.0       0.0       0.0       0.0       0.0       0.0       0.0       0.0       0.0       0.0
       1.0      16.0      33.0      27.0      12.0       7.0       6.0       5.0       8.0       6.0
       7.0       5.0       2.0       6.0       3.0       5.0       1.0       5.0       1.0       7.0
       1.0       7.0       6.0       4.0       5.0       6.0       8.0       3.0       6.0      19.0
      25.0      37.0      26.0      35.0      25.0      27.0      13.0       5.0       1.0       0.0
       0.0       0.0       0.0       0.0       0.0       0.0       0.0       0.0       0.0       0.0
       3.0      17.0      23.0      24.0      11.0       9.0       8.0       4.0      10.0       9.0
       7.0       2.0       2.0       7.0       6.0       8.0       4.0      10.0       2.0       6.0
       9.0       5.0      10.0       5.0       6.0       6.0      11.0       7.0      14.0      21.0
      35.0      43.0      59.0      33.0      45.0      28.0      18.0      10.0       2.0       2.0
       0.0       0.0       0.0       0.0       0.0       0.0       0.0       0.0       0.0       0.0
       4.0      17.0      30.0      26.0      20.0      17.0       8.0       6.0       9.0       5.0
       7.0       8.0       2.0       8.0       3.0       7.0      13.0       9.0      13.0      15.0
      19.0      14.0      13.0       9.0      15.0      17.0       7.0      14.0      39.0      39.0
      55.0      82.0      84.0      81.0      69.0      50.0      47.0      16.0       5.0       1.0
       0.0       0.0       0.0       0.0       0.0       0.0       0.0       0.0       0.0       0.0
      14.0      28.0      32.0      36.0      30.0      17.0      14.0      17.0      10.0      11.0
      11.0      16.0      13.0      15.0      17.0      11.0      16.0      20.0      19.0      19.0
      15.0      13.0      17.0      21.0      17.0      15.0      13.0      29.0      34.0      67.0
     111.0     178.0     167.0     144.0     123.0     107.0      53.0      26.0      10.0       5.0
       0.0       0.0       0.0       0.0       0.0       0.0       0.0       0.0       0.0       0.0
      13.0      39.0      49.0      70.0      70.0      56.0      50.0      39.0      24.0      19.0
      30.0      24.0      18.0      26.0      25.0      34.0      35.0      48.0      43.0      41.0
      27.0      45.0      53.0      47.0      41.0      45.0      45.0      51.0      94.0     141.0
     215.0     377.0     379.0     319.0     310.0     233.0     176.0      79.0      34.0       8.0
       1.0       0.0       0.0       0.0       0.0       0.0       0.0       0.0       0.0       0.0
      26.0      73.0     120.0     162.0     148.0     166.0     132.0      92.0      85.0      61.0
      63.0      75.0      70.0      72.0      76.0      69.0     109.0      93.0      84.0     101.0
      95.0      94.0      95.0     111.0      88.0     101.0      92.0     151.0     221.0     351.0
     601.0     941.0     947.0     835.0     702.0     548.0     357.0     175.0      64.0      23.0
       5.0       1.0       0.0       0.0       0.0       0.0       0.0       0.0       0.0       0.0
      51.0     146.0     213.0     274.0     309.0     270.0     222.0     240.0     249.0     223.0
     195.0     204.0     190.0     222.0     189.0     210.0     211.0     187.0     216.0     206.0
     210.0     218.0     211.0     238.0     230.0     245.0     232.0     230.0     611.0     976.0
    1686.0    2358.0    2234.0    1735.0    1354.0    1005.0     655.0     329.0     125.0      25.0
       2.0       0.0       0.0       0.0       0.0       0.0       0.0       0.0       0.0       0.0
      47.0     147.0     241.0     320.0     339.0     337.0     291.0     310.0     282.0     300.0
     276.0     288.0     284.0     256.0     264.0     286.0     249.0     286.0     279.0     240.0
     287.0     277.0     282.0     294.0     298.0     272.0     299.0     345.0    1075.0    1616.0
    2339.0    2924.0    2596.0    2072.0    1591.0    1095.0     666.0     304.0     100.0      17.0
       9.0       0.0       0.0       0.0       0.0       0.0       0.0       0.0       0.0       0.0
      44.0     149.0     195.0     260.0     299.0     296.0     296.0     294.0     260.0     278.0
     258.0     266.0     250.0     250.0     276.0     254.0     291.0     285.0     256.0     279.0
     284.0     284.0     304.0     309.0     302.0     289.0     305.0     371.0    1174.0    1657.0
    2407.0    2977.0    2599.0    1965.0    1529.0    1103.0     660.0     320.0      98.0      21.0
       0.0       0.0       0.0       0.0       0.0       0.0       0.0       0.0       0.0       0.0
      41.0     127.0     178.0     259.0     299.0     283.0     264.0     270.0     301.0     305.0
     237.0     293.0     283.0     291.0     260.0     290.0     292.0     319.0     292.0     319.0
     301.0     318.0     334.0     335.0     337.0     351.0     339.0     400.0    1195.0    1789.0
    2438.0    3360.0    2975.0    2262.0    1804.0    1285.0     749.0     357.0     111.0      28.0
       4.0       0.0       0.0       0.0       0.0       0.0       0.0       0.0       0.0       0.0
      34.0     166.0     203.0     277.0     293.0     317.0     332.0     352.0     342.0     364.0
     371.0     396.0     343.0     363.0     353.0     355.0     386.0     349.0     366.0     381.0
     377.0     398.0     408.0     381.0     388.0     399.0     422.0     488.0    1603.0    2323.0
    3396.0    4219.0    3730.0    2892.0    2267.0    1544.0     907.0     398.0     147.0      15.0
       3.0       0.0       0.0       0.0       0.0       0.0       0.0       0.0       0.0       0.0
      37.0     150.0     167.0     250.0     273.0     289.0     346.0     323.0     330.0     393.0
     383.0     402.0     336.0     369.0     385.0     349.0     367.0     369.0     389.0     373.0
     405.0     370.0     398.0     426.0     404.0     371.0     399.0     507.0    1762.0    2728.0
    3687.0    4321.0    3678.0    2658.0    2054.0    1317.0     646.0     331.0      86.0      21.0
       3.0       0.0       0.0       0.0       0.0       0.0       0.0       0.0       0.0       0.0
      19.0     104.0     103.0     149.0     183.0     208.0     219.0     228.0     251.0     222.0
     239.0     247.0     276.0     275.0     253.0     260.0     268.0     263.0     252.0     287.0
     279.0     268.0     270.0     305.0     294.0     246.0     318.0     399.0    1433.0    2006.0
    2634.0    2830.0    2331.0    1720.0    1285.0     807.0     423.0     187.0      62.0      13.0
       0.0       0.0       0.0       0.0       0.0       0.0       0.0       0.0       0.0       0.0
      12.0      60.0      73.0     104.0      83.0     126.0     137.0     154.0     158.0     159.0
     195.0     155.0     162.0     172.0     153.0     188.0     184.0     182.0     175.0     181.0
     193.0     167.0     177.0     191.0     191.0     221.0     190.0     220.0     837.0    1266.0
    1611.0    1749.0    1482.0    1070.0     804.0     534.0     311.0     110.0      43.0       7.0
       0.0       0.0       0.0       0.0       0.0       0.0       0.0       0.0       0.0       0.0
       8.0      33.0      39.0      67.0      58.0      87.0      99.0     101.0      99.0     129.0
     114.0     119.0     119.0     109.0     131.0     129.0     101.0     123.0     122.0     126.0
     123.0     116.0     105.0     126.0     100.0     121.0     132.0     161.0     596.0     810.0
    1086.0    1203.0    1034.0     738.0     521.0     358.0     156.0      59.0      21.0       7.0
       0.0       0.0       0.0       0.0       0.0       0.0       0.0       0.0       0.0       0.0
       6.0      20.0      41.0      49.0      43.0      57.0      58.0      66.0      65.0      82.0
      85.0      68.0      72.0      80.0      83.0      86.0     103.0      87.0      84.0      83.0
      86.0      82.0      83.0      89.0      97.0      85.0     107.0     109.0     407.0     592.0
     836.0     892.0     680.0     482.0     346.0     257.0     103.0      58.0      23.0       1.0
       0.0       0.0       0.0       0.0       0.0       0.0       0.0       0.0       0.0       0.0
       6.0      23.0      19.0      32.0      28.0      40.0      54.0      45.0      61.0      57.0
      61.0      70.0      65.0      69.0      71.0      63.0      64.0      55.0      69.0      74.0
      75.0      58.0      79.0      71.0      70.0      78.0      90.0      81.0     326.0     466.0
     581.0     636.0     516.0     399.0     309.0     163.0      93.0      33.0       6.0       3.0
       2.0       0.0       0.0       0.0       0.0       0.0       0.0       0.0       0.0       0.0
       7.0      12.0      13.0      18.0      20.0      25.0      39.0      25.0      52.0      30.0
      49.0      47.0      48.0      39.0      61.0      45.0      49.0      48.0      46.0      67.0
      47.0      47.0      56.0      51.0      50.0      62.0      61.0      60.0     221.0     336.0
     421.0     448.0     327.0     258.0     217.0     141.0      58.0      23.0       6.0       3.0
       0.0       0.0       0.0       0.0       0.0       0.0       0.0       0.0       0.0       0.0
       1.0      13.0       7.0      12.0      11.0      27.0      27.0      24.0      26.0      26.0
      33.0      34.0      39.0      24.0      39.0      33.0      33.0      32.0      31.0      36.0
      34.0      34.0      32.0      53.0      31.0      21.0      37.0      37.0     176.0     228.0
     311.0     326.0     232.0     190.0     124.0      82.0      39.0      15.0       1.0       1.0
       0.0       0.0       0.0       0.0       0.0       0.0       0.0       0.0       0.0       0.0
       5.0       6.0       8.0      11.0      16.0      20.0      18.0      17.0      17.0      25.0
      28.0      23.0      25.0      26.0      28.0      26.0      27.0      20.0      23.0      26.0
      22.0      24.0      32.0      24.0      22.0      31.0      20.0      33.0     115.0     171.0
     185.0     200.0     160.0     108.0     112.0      64.0      24.0      13.0       5.0       0.0
       0.0       0.0       0.0       0.0       0.0       0.0       0.0       0.0       0.0       0.0
       2.0       1.0       4.0       8.0       8.0       8.0      13.0      17.0      16.0      15.0
      16.0      11.0      11.0      15.0      20.0      18.0      15.0      23.0      15.0      11.0
      16.0      18.0       8.0      20.0      21.0      19.0      17.0      14.0      80.0      99.0
     131.0     149.0     120.0      97.0      44.0      26.0      19.0      12.0       3.0       1.0
       0.0       0.0       0.0       0.0       0.0       0.0       0.0       0.0       0.0       0.0
       1.0       4.0       3.0      10.0       6.0       3.0      12.0       8.0      11.0      15.0
       4.0       6.0      16.0      11.0      10.0       9.0      10.0       9.0      17.0      14.0
      15.0      10.0      11.0      10.0      23.0      19.0      11.0      10.0      47.0      73.0
     102.0      82.0      78.0      76.0      49.0      26.0      10.0       3.0       2.0       0.0
       0.0       0.0       0.0       0.0       0.0       0.0       0.0       0.0       0.0       0.0
       1.0       4.0       4.0       4.0       4.0       3.0       2.0       7.0       5.0       6.0
       9.0       9.0      10.0       9.0      11.0      11.0       8.0      12.0      10.0      16.0
       6.0       4.0       9.0      10.0      12.0       7.0       8.0      10.0      50.0      59.0
      61.0      71.0      55.0      52.0      27.0      25.0      17.0       3.0       2.0       1.0
       0.0       0.0       0.0       0.0       0.0       0.0       0.0       0.0       0.0       0.0
       2.0       1.0       2.0       3.0       2.0       2.0       3.0       6.0       6.0       5.0
       9.0      13.0       4.0       6.0       9.0       4.0       8.0       7.0       7.0      12.0
       7.0       7.0      10.0       7.0       6.0       5.0       7.0       4.0      30.0      44.0
      58.0      52.0      50.0      35.0      24.0      15.0       6.0       2.0       0.0       0.0
       0.0       0.0       0.0       0.0       0.0       0.0       0.0       0.0       0.0       0.0
       1.0       1.0       3.0       5.0       3.0       3.0       5.0       7.0       5.0      11.0
       3.0       3.0       6.0       7.0       5.0       3.0       1.0       4.0       3.0       6.0
       4.0       5.0      10.0       4.0       2.0       5.0      11.0       8.0      24.0      32.0
      47.0      45.0      35.0      27.0      19.0       8.0       3.0       1.0       0.0       0.0
       0.0       0.0       0.0       0.0       0.0       0.0       0.0       0.0       0.0       0.0
       0.0       3.0       5.0       2.0       2.0       3.0       3.0       3.0       1.0       4.0
       4.0       3.0       4.0       6.0       4.0       5.0       3.0       8.0       5.0       4.0
       5.0       3.0       5.0       5.0       4.0       4.0       3.0       5.0      15.0      28.0
      33.0      40.0      32.0      31.0      10.0      10.0       4.0       0.0       0.0       1.0
       0.0       0.0       0.0       0.0       0.0       0.0       0.0       0.0       0.0       0.0
       0.0       4.0       3.0       1.0       4.0       3.0       1.0       4.0       3.0       3.0
       2.0       5.0       1.0       5.0       3.0       6.0       5.0       3.0       7.0       2.0
       7.0       5.0       3.0       5.0       5.0       4.0       5.0       2.0      11.0      20.0
      28.0      32.0      30.0      19.0      17.0       9.0       3.0       1.0       0.0       0.0
       0.0       0.0       0.0       0.0       0.0       0.0       0.0       0.0       0.0       0.0
       0.0       3.0       1.0       3.0       1.0       3.0       3.0       3.0       4.0       5.0
       3.0       1.0       4.0       3.0       3.0       3.0       2.0       1.0       4.0       4.0
       1.0       3.0       2.0       8.0       2.0       0.0       1.0       0.0      14.0      23.0
      24.0      23.0      18.0      19.0       6.0       7.0       3.0       1.0       0.0       0.0
       0.0       0.0       0.0       0.0       0.0       0.0       0.0       0.0       0.0       0.0
       0.0       1.0       1.0       6.0       3.0       4.0       2.0       2.0       2.0       5.0
       4.0       2.0       4.0       5.0       1.0       2.0       1.0       1.0       3.0       6.0
       4.0       5.0       1.0       4.0       4.0       2.0       4.0       6.0       7.0      15.0
      20.0      16.0      15.0      11.0       8.0       3.0       7.0       2.0       0.0       0.0
       0.0       0.0       0.0       0.0       0.0       0.0       0.0       0.0       0.0       0.0
       0.0       0.0       1.0       1.0       1.0       3.0       3.0       2.0       5.0       1.0
       1.0       3.0       4.0       1.0       1.0       2.0       1.0       1.0       2.0       3.0
       3.0       3.0       1.0       1.0       5.0       5.0       4.0       1.0       5.0      11.0
      15.0      13.0      15.0      11.0      12.0       4.0       3.0       0.0       0.0       0.0
       0.0       0.0       0.0       0.0       0.0       0.0       0.0       0.0       0.0       0.0
       0.0       1.0       2.0       3.0       0.0       1.0       1.0       3.0       3.0       2.0
       1.0       0.0       2.0       1.0       2.0       4.0       1.0       1.0       4.0       3.0
       3.0       3.0       1.0       3.0       3.0       3.0       4.0       1.0       7.0      12.0
      26.0      12.0      14.0      16.0       6.0       5.0       5.0       3.0       0.0       0.0
       0.0       0.0       0.0       0.0       0.0       0.0       0.0       0.0       0.0       0.0
       0.0       1.0       2.0       3.0       5.0       1.0       1.0       2.0       2.0       3.0
       1.0       1.0       1.0       3.0       1.0       2.0       0.0       5.0       0.0       1.0
       2.0       0.0       2.0       1.0       1.0       4.0       2.0       4.0      10.0      12.0
      23.0      24.0      11.0       4.0       7.0       9.0       1.0       0.0       2.0       0.0
       0.0       0.0       0.0       0.0       0.0       0.0       0.0       0.0       0.0       0.0
       0.0       1.0       2.0       1.0       1.0       0.0       2.0       1.0       1.0       1.0
       4.0       5.0       4.0       0.0       5.0       0.0       7.0       2.0       3.0       3.0
       3.0       4.0       1.0       0.0       0.0       0.0       0.0       1.0       6.0       7.0
      12.0      18.0      10.0      15.0       5.0       5.0       1.0       0.0       0.0       0.0
       0.0       0.0       0.0       0.0       0.0       0.0       0.0       0.0       0.0       0.0
       0.0       1.0       0.0       3.0       1.0       3.0       1.0       1.0       4.0       0.0
       4.0       0.0       1.0       1.0       0.0       1.0       0.0       2.0       0.0       0.0
       1.0       3.0       3.0       1.0       1.0       3.0       2.0       1.0       5.0      12.0
       8.0      12.0       6.0       7.0       7.0       3.0       2.0       3.0       1.0       0.0
       0.0       0.0       0.0       0.0       0.0       0.0       0.0       0.0       0.0       0.0
       0.0       0.0       1.0       3.0       0.0       3.0       0.0       3.0       1.0       0.0
       2.0       3.0       2.0       1.0       1.0       1.0       2.0       2.0       3.0       1.0
       1.0       1.0       2.0       1.0       4.0       5.0       3.0       1.0       8.0       6.0
       9.0      13.0      12.0       4.0       6.0       2.0       2.0       0.0       1.0       0.0
       0.0       0.0       0.0       0.0       0.0       0.0       0.0       0.0       0.0       0.0
       0.0       0.0       0.0       3.0       0.0       1.0       1.0       2.0       2.0       0.0
       1.0       3.0       1.0       2.0       1.0       1.0       3.0       1.0       3.0       0.0
       2.0       2.0       1.0       0.0       0.0       0.0       3.0       1.0       8.0       9.0
      11.0      11.0      10.0       4.0       4.0       3.0       0.0       0.0       3.0       0.0
       0.0       0.0       0.0       0.0       0.0       0.0       0.0       0.0       0.0       0.0
       0.0       1.0       1.0       1.0       1.0       1.0       2.0       2.0       4.0       5.0
       0.0       0.0       1.0       0.0       2.0       4.0       0.0       2.0       1.0       0.0
       3.0       5.0       0.0       2.0       2.0       2.0       2.0       2.0       3.0       4.0
      11.0      11.0       8.0       5.0       1.0       2.0       4.0       0.0       0.0       0.0
       0.0       0.0       0.0       0.0       0.0       0.0       0.0       0.0       0.0       0.0
       1.0       0.0       0.0       4.0       2.0       1.0       0.0       0.0       2.0       3.0
       2.0       2.0       0.0       1.0       0.0       3.0       0.0       1.0       0.0       0.0
       2.0       0.0       1.0       1.0       0.0       1.0       1.0       1.0       3.0      10.0
      10.0      10.0       5.0       9.0       7.0       1.0       1.0       2.0       0.0       0.0
       0.0       0.0       0.0       0.0       0.0       0.0       0.0       0.0       0.0       0.0
       0.0       2.0       1.0       1.0       1.0       0.0       1.0       2.0       3.0       2.0
       2.0       3.0       3.0       1.0       2.0       1.0       2.0       1.0       0.0       1.0
       0.0       0.0       1.0       0.0       2.0       0.0       0.0       1.0       5.0       8.0
       7.0      10.0       5.0       6.0       2.0       1.0       1.0       1.0       0.0       0.0
       0.0       0.0       0.0       0.0       0.0       0.0       0.0       0.0       0.0       0.0
       0.0       0.0       0.0       0.0       1.0       1.0       1.0       1.0       0.0       2.0
       2.0       0.0       1.0       1.0       4.0       3.0       1.0       0.0       1.0       1.0
       0.0       0.0       2.0       0.0       2.0       0.0       1.0       4.0       1.0       8.0
       5.0       2.0      10.0       4.0       4.0       2.0       0.0       3.0       1.0       0.0
       0.0       0.0       0.0       0.0       0.0       0.0       0.0       0.0       0.0       0.0
       0.0       0.0       1.0       1.0       2.0       0.0       3.0       0.0       2.0       1.0
       0.0       2.0       0.0       1.0       2.0       0.0       0.0       1.0       0.0       0.0
       3.0       2.0       1.0       2.0       0.0       0.0       0.0       2.0       3.0       1.0
       3.0       6.0       3.0       5.0       1.0       0.0       1.0       1.0       0.0       0.0
       0.0       0.0       0.0       0.0       0.0       0.0       0.0       0.0       0.0       0.0
       0.0       0.0       0.0       0.0       0.0       2.0       1.0       1.0       0.0       0.0
       0.0       1.0       0.0       3.0       1.0       1.0       0.0       2.0       2.0       0.0
       1.0       1.0       0.0       1.0       0.0       0.0       2.0       1.0       5.0       5.0
       4.0       8.0       8.0       5.0       6.0       0.0       1.0       0.0       0.0       0.0
       0.0       0.0       0.0       0.0       0.0       0.0       0.0       0.0       0.0       0.0
       1.0       1.0       0.0       3.0       2.0       1.0       0.0       0.0       1.0       2.0
       1.0       0.0       1.0       1.0       0.0       0.0       0.0       2.0       2.0       1.0
       2.0       0.0       0.0       1.0       1.0       1.0       1.0       2.0       6.0       5.0
       3.0       4.0       5.0       5.0       0.0       1.0       1.0       1.0       0.0       0.0
       0.0       0.0       0.0       0.0       0.0       0.0       0.0       0.0       0.0       0.0
       4.0       2.0       1.0       0.0       0.0       1.0       0.0       0.0       0.0       1.0
       1.0       3.0       0.0       1.0       0.0       0.0       2.0       4.0       2.0       2.0
       0.0       1.0       0.0       0.0       0.0       1.0       1.0       1.0       4.0       8.0
       6.0       5.0       3.0       3.0       6.0       2.0       0.0       0.0       1.0       0.0
       0.0       0.0       0.0       0.0       0.0       0.0       0.0       0.0       0.0       0.0
       1.0       2.0       0.0       0.0       1.0       1.0       3.0       0.0       0.0       3.0
       1.0       2.0       2.0       2.0       3.0       1.0       0.0       1.0       1.0       0.0
       0.0       0.0       1.0       1.0       3.0       0.0       2.0       0.0       3.0       4.0
       4.0       6.0       6.0       7.0       2.0       3.0       1.0       0.0       1.0       0.0
       0.0       0.0       0.0       0.0       0.0       0.0       0.0       0.0       0.0       0.0
       1.0       3.0       2.0       0.0       2.0       0.0       0.0       1.0       2.0       0.0
       1.0       1.0       0.0       1.0       5.0       0.0       1.0       0.0       0.0       2.0
       2.0       1.0       2.0       1.0       0.0       1.0       2.0       0.0       3.0       1.0
       5.0       9.0       1.0       4.0       5.0       0.0       2.0       0.0       0.0       0.0
       0.0       0.0       0.0       0.0       0.0       0.0       0.0       0.0       0.0       0.0
       0.0       1.0       1.0       1.0       1.0       1.0       1.0       3.0       3.0       1.0
       2.0       0.0       0.0       1.0       1.0       1.0       1.0       1.0       2.0       4.0
       3.0       2.0       2.0       1.0       0.0       0.0       0.0       0.0       1.0       6.0
       2.0      10.0       6.0       2.0       3.0       1.0       1.0       0.0       0.0       0.0
       0.0       0.0       0.0       0.0       0.0       0.0       0.0       0.0       0.0       0.0
       1.0       0.0       3.0       2.0       2.0       0.0       2.0       1.0       1.0       0.0
       3.0       1.0       0.0       2.0       1.0       2.0       1.0       0.0       1.0       1.0
       1.0       1.0       3.0       1.0       1.0       0.0       2.0       0.0       3.0       7.0
       5.0       6.0       5.0       1.0       2.0       4.0       1.0       0.0       0.0       0.0
       0.0       0.0       0.0       0.0       0.0       0.0       0.0       0.0       0.0       0.0
       0.0       1.0       1.0       0.0       1.0       0.0       1.0       1.0       0.0       1.0
       1.0       1.0       3.0       4.0       2.0       1.0       0.0       0.0       0.0       2.0
       0.0       1.0       0.0       3.0       1.0       4.0       0.0       1.0       2.0       4.0
       6.0       4.0       5.0       2.0       3.0       0.0       1.0       1.0       0.0       0.0
       0.0       0.0       0.0       0.0       0.0       0.0       0.0       0.0       0.0       0.0
       0.0       0.0       1.0       0.0       0.0       0.0       0.0       1.0       0.0       2.0
       1.0       1.0       1.0       3.0       1.0       0.0       1.0       1.0       3.0       0.0
       1.0       2.0       1.0       0.0       0.0       1.0       1.0       1.0       2.0       5.0
       8.0       3.0       5.0       2.0       1.0       1.0       0.0       1.0       0.0       0.0
       0.0       0.0       0.0       0.0       0.0       0.0       0.0       0.0       0.0       0.0
       0.0       0.0       0.0       0.0       0.0       0.0       1.0       0.0       2.0       1.0
       2.0       1.0       0.0       1.0       2.0       0.0       0.0       1.0       3.0       1.0
       1.0       0.0       1.0       2.0       1.0       0.0       1.0       0.0       3.0       9.0
       7.0       9.0       3.0       4.0       8.0       1.0       0.0       0.0       0.0       0.0
       0.0       0.0       0.0       0.0       0.0       0.0       0.0       0.0       0.0       0.0
       0.0       0.0       1.0       0.0       1.0       0.0       2.0       0.0       0.0       3.0
       5.0       0.0       0.0       1.0       1.0       3.0       0.0       0.0       2.0       1.0
       1.0       0.0       0.0       1.0       0.0       0.0       0.0       3.0       3.0       6.0
       8.0       7.0       5.0       3.0       1.0       2.0       2.0       0.0       0.0       0.0
       0.0       0.0       0.0       0.0       0.0       0.0       0.0       0.0       0.0       0.0
       1.0       0.0       3.0       1.0       2.0       0.0       0.0       1.0       1.0       1.0
       0.0       0.0       1.0       0.0       0.0       2.0       0.0       0.0       2.0       1.0
       1.0       3.0       1.0       2.0       2.0       5.0       2.0       1.0       1.0       3.0
       5.0       9.0       5.0       3.0       2.0       1.0       3.0       1.0       0.0       0.0
       0.0       0.0       0.0       0.0       0.0       0.0       0.0       0.0       0.0       0.0
       0.0       0.0       2.0       0.0       0.0       1.0       1.0       1.0       0.0       0.0
       1.0       0.0       0.0       2.0       2.0       3.0       0.0       0.0       2.0       2.0
       1.0       0.0       0.0       1.0       2.0       1.0       2.0       0.0       2.0       5.0
       5.0       5.0       4.0       0.0       0.0       0.0       0.0       1.0       0.0       0.0
       0.0       0.0       0.0       0.0       0.0       0.0       0.0       0.0       0.0       0.0
       0.0       0.0       1.0       0.0       1.0       2.0       1.0       1.0       2.0       2.0
       0.0       0.0       1.0       1.0       0.0       2.0       0.0       1.0       0.0       4.0
       0.0       0.0       2.0       1.0       1.0       0.0       2.0       2.0       4.0       5.0
       4.0       6.0       2.0       3.0       0.0       2.0       0.0       1.0       0.0       0.0
       0.0       0.0       0.0       0.0       0.0       0.0       0.0       0.0       0.0       0.0
       0.0       0.0       0.0       0.0       0.0       0.0       0.0       0.0       1.0       0.0
       3.0       1.0       0.0       0.0       1.0       1.0       0.0       0.0       0.0       0.0
       1.0       0.0       3.0       1.0       2.0       0.0       1.0       0.0       6.0       5.0
       5.0       7.0       7.0       4.0       2.0       0.0       1.0       1.0       0.0       0.0
       0.0       0.0       0.0       0.0       0.0       0.0       0.0       0.0       0.0       0.0
       0.0       2.0       0.0       1.0       0.0       1.0       0.0       0.0       3.0       1.0
       1.0       1.0       0.0       0.0       0.0       1.0       1.0       1.0       0.0       0.0
       1.0       0.0       3.0       0.0       1.0       1.0       1.0       1.0       1.0       5.0
       5.0       5.0       3.0       2.0       1.0       1.0       4.0       0.0       0.0       0.0
       0.0       0.0       0.0       0.0       0.0       0.0       0.0       0.0       0.0       0.0
       0.0       0.0       0.0       1.0       0.0       2.0       0.0       0.0       1.0       2.0
       0.0       0.0       0.0       0.0       2.0       1.0       0.0       0.0       0.0       0.0
       2.0       0.0       0.0       0.0       0.0       0.0       1.0       0.0       6.0       3.0
       7.0       4.0       3.0       2.0       3.0       1.0       1.0       1.0       0.0       0.0
       0.0       0.0       0.0       0.0       0.0       0.0       0.0       0.0       0.0       0.0
       0.0       0.0       1.0       1.0       0.0       0.0       0.0       1.0       3.0       0.0
       0.0       0.0       0.0       1.0       1.0       1.0       1.0       2.0       2.0       0.0
       0.0       1.0       0.0       1.0       1.0       0.0       0.0       2.0       7.0       4.0
       6.0       7.0       6.0       1.0       3.0       3.0       1.0       1.0       0.0       0.0
       0.0       0.0       0.0       0.0       0.0       0.0       0.0       0.0       0.0       0.0
       0.0       0.0       1.0       0.0       0.0       0.0       0.0       0.0       0.0       0.0
       0.0       0.0       1.0       2.0       1.0       0.0       3.0       0.0       1.0       0.0
       0.0       1.0       0.0       0.0       5.0       0.0       1.0       0.0       2.0       8.0
       6.0       5.0       4.0       1.0       3.0       1.0       0.0       2.0       0.0       0.0
       0.0       0.0       0.0       0.0       0.0       0.0       0.0       0.0       0.0       0.0
       0.0       0.0       0.0       0.0       0.0       1.0       0.0       0.0       0.0       0.0
       0.0       0.0       0.0       1.0       4.0       0.0       0.0       3.0       0.0       0.0
       1.0       0.0       0.0       0.0       1.0       0.0       1.0       3.0       4.0       2.0
       5.0       6.0       3.0       2.0       3.0       2.0       2.0       2.0       0.0       0.0
       0.0       0.0       0.0       0.0       0.0       0.0       0.0       0.0       0.0       0.0
       0.0       1.0       0.0       0.0       1.0       0.0       0.0       0.0       0.0       2.0
       0.0       2.0       0.0       0.0       0.0       0.0       0.0       0.0       1.0       1.0
       0.0       0.0       1.0       0.0       1.0       1.0       3.0       2.0       2.0       3.0
       4.0       5.0       3.0       2.0       2.0       4.0       3.0       2.0       2.0       0.0
       0.0       0.0       0.0       0.0       0.0       0.0       0.0       0.0       0.0       0.0
       0.0       3.0       0.0       1.0       0.0       0.0       0.0       0.0       0.0       0.0
       0.0       2.0       0.0       0.0       1.0       0.0       2.0       0.0       0.0       0.0
       2.0       2.0       0.0       1.0       0.0       0.0       1.0       0.0       6.0       3.0
       5.0       9.0       0.0       0.0       1.0       0.0       1.0       1.0       1.0       0.0
       0.0       0.0       0.0       0.0       0.0       0.0       0.0       0.0       0.0       0.0
       0.0       0.0       0.0       0.0       1.0       0.0       0.0       0.0       0.0       0.0
       2.0       1.0       1.0       0.0       0.0       0.0       1.0       0.0       0.0       1.0
       0.0       2.0       1.0       1.0       0.0       0.0       4.0       0.0       0.0       2.0
       5.0       0.0       0.0       0.0       1.0       2.0       1.0       1.0       0.0       0.0
       0.0       0.0       0.0       0.0       0.0       0.0       0.0       0.0       0.0       0.0
       0.0       0.0       0.0       0.0       1.0       0.0       0.0       0.0       0.0       0.0
       0.0       0.0       0.0       2.0       1.0       0.0       0.0       0.0       0.0       0.0
       1.0       0.0       1.0       0.0       1.0       0.0       0.0       0.0       1.0       1.0
       2.0       3.0       0.0       2.0       0.0       1.0       0.0       0.0       0.0       0.0
       0.0       0.0       0.0       0.0       0.0       0.0       0.0       0.0       0.0       0.0
       0.0       0.0       0.0       0.0       0.0       0.0       0.0       0.0       0.0       0.0
       0.0       0.0       0.0       0.0       0.0       0.0       0.0       0.0       0.0       0.0
       0.0       1.0       0.0       1.0       0.0       0.0       0.0       0.0       0.0       1.0
       3.0       0.0       1.0       1.0       0.0       0.0       0.0       0.0       0.0       0.0
       0.0       0.0       0.0       0.0       0.0       0.0       0.0       0.0       0.0       0.0
       0.0       0.0       0.0       0.0       0.0       0.0       0.0       0.0       0.0       0.0
       0.0       1.0       0.0       1.0       1.0       1.0       1.0       0.0       1.0       0.0
       1.0       0.0       0.0       0.0       0.0       0.0       1.0       0.0       2.0       3.0
       1.0       0.0       0.0       0.0       0.0       2.0       0.0       0.0       0.0       0.0
       0.0       0.0       0.0       0.0       0.0       0.0       0.0       0.0       0.0       0.0
       0.0       0.0       0.0       0.0       0.0       0.0       0.0       0.0       0.0       0.0
       0.0       0.0       0.0       1.0       0.0       0.0       0.0       0.0       0.0       0.0
       0.0       0.0       0.0       1.0       0.0       0.0       1.0       0.0       1.0       0.0
       0.0       1.0       1.0       0.0       0.0       0.0       0.0       0.0       0.0       0.0
       0.0       0.0       0.0       0.0       0.0       0.0       0.0       0.0       0.0       0.0
       0.0       0.0       0.0       0.0       0.0       0.0       1.0       0.0       0.0       1.0
       0.0       1.0       0.0       0.0       0.0       0.0       1.0       0.0       0.0       0.0
       0.0       0.0       0.0       0.0       0.0       0.0       0.0       0.0       0.0       2.0
       1.0       1.0       1.0       0.0       0.0       0.0       0.0       0.0       0.0       0.0
       0.0       0.0       0.0       0.0       0.0       0.0       0.0       0.0       0.0       0.0
       0.0       0.0       0.0       0.0       0.0       0.0       0.0       0.0       0.0       0.0
       0.0       0.0       0.0       0.0       0.0       0.0       0.0       0.0       1.0       1.0
       0.0       0.0       0.0       0.0       0.0       0.0       0.0       0.0       1.0       0.0
       1.0       0.0       1.0       0.0       0.0       0.0       0.0       0.0       0.0       0.0
       0.0       0.0       0.0       0.0       0.0       0.0       0.0       0.0       0.0       0.0
       0.0       0.0       0.0       0.0       0.0       0.0       0.0       0.0       0.0       1.0
       1.0       0.0       0.0       0.0       1.0       0.0       1.0       0.0       0.0       0.0
       0.0       0.0       0.0       0.0       0.0       0.0       0.0       0.0       0.0       0.0
       0.0       0.0       0.0       1.0       0.0       0.0       0.0       0.0       0.0       0.0
       0.0       0.0       0.0       0.0       0.0       0.0       0.0       0.0       0.0       0.0
       0.0       0.0       0.0       0.0       0.0       0.0       0.0       0.0       0.0       0.0
       0.0       1.0       0.0       0.0       0.0       0.0       0.0       0.0       0.0       0.0
       0.0       0.0       0.0       1.0       0.0       0.0       0.0       0.0       0.0       1.0
       0.0       0.0       1.0       0.0       0.0       1.0       0.0       0.0       0.0       0.0
       0.0       0.0       0.0       0.0       0.0       0.0       0.0       0.0       0.0       0.0
       0.0       0.0       0.0       0.0       0.0       0.0       0.0       0.0       0.0       0.0
       0.0       0.0       0.0       0.0       0.0       0.0       0.0       0.0       1.0       0.0
       0.0       0.0       0.0       0.0       0.0       0.0       0.0       0.0       0.0       0.0
       0.0       0.0       0.0       0.0       0.0       0.0       0.0       0.0       0.0       0.0
       0.0       0.0       0.0       0.0       0.0       0.0       0.0       0.0       0.0       0.0
       0.0       0.0       0.0       0.0       0.0       0.0       0.0       0.0       0.0       0.0
       0.0       0.0       0.0       0.0       0.0       0.0       0.0       0.0       0.0       0.0
       0.0       0.0       0.0       0.0       0.0       0.0       0.0       0.0       0.0       0.0
       0.0       0.0       0.0       3.0       0.0       0.0       0.0       0.0       0.0       0.0
       0.0       0.0       0.0       0.0       0.0       0.0       0.0       0.0       0.0       0.0
       0.0       0.0       0.0       0.0       0.0       0.0       0.0       0.0       0.0       0.0
       0.0       0.0       0.0       0.0       0.0       0.0       0.0       0.0       0.0       0.0
       0.0       0.0       0.0       0.0       0.0       0.0       0.0       0.0       0.0       0.0
       0.0       0.0       1.0       0.0       0.0       0.0       0.0       0.0       0.0       0.0
       0.0       0.0       0.0       0.0       0.0       0.0       0.0       0.0       0.0       0.0
       0.0       1.0       0.0       0.0       0.0       0.0       0.0       0.0       0.0       0.0
       0.0       0.0       0.0       0.0       0.0       0.0       0.0       0.0       0.0       0.0
       0.0       0.0       0.0       0.0       0.0       0.0       0.0       0.0       0.0       0.0
       0.0       0.0       0.0       0.0       0.0       0.0       0.0       0.0       0.0       0.0
       0.0       0.0       0.0       0.0       0.0       0.0       0.0       0.0       0.0       0.0
       0.0       0.0       0.0       0.0       0.0       0.0       0.0       0.0       0.0       0.0
       0.0       1.0       0.0       0.0       0.0       0.0       0.0       0.0       0.0       0.0
       0.0       0.0       0.0       0.0       0.0       0.0       0.0       0.0       0.0       0.0
       0.0       0.0       0.0       0.0       0.0       0.0       0.0       0.0       0.0       0.0
       0.0       0.0       0.0       0.0       0.0       0.0       0.0       0.0       0.0       0.0
       0.0       0.0       0.0       0.0       0.0       0.0       0.0       0.0       0.0       0.0
       0.0       0.0       0.0       0.0       0.0       0.0       0.0       0.0       0.0       0.0
       0.0       0.0       0.0       0.0       0.0       0.0       0.0       0.0       0.0       0.0
       1.0       0.0       1.0       0.0       0.0       0.0       0.0       0.0       0.0       0.0
       0.0       0.0       0.0       0.0       0.0       0.0       0.0       0.0       0.0       0.0
       0.0       0.0       0.0       0.0       0.0       0.0       0.0       0.0       0.0       0.0
       0.0       0.0       0.0       0.0       0.0       0.0       0.0       0.0       0.0       1.0
       0.0       0.0       0.0       0.0       0.0       0.0       0.0       0.0       0.0       0.0
       0.0       0.0       1.0       0.0       0.0       1.0       0.0       0.0       0.0       0.0
       0.0       0.0       0.0       0.0       0.0       0.0       0.0       0.0       0.0       0.0
       0.0       0.0       0.0       0.0       0.0       0.0       0.0       0.0       0.0       1.0
       0.0       0.0       0.0       0.0       0.0       0.0       0.0       0.0       0.0       0.0
       0.0       0.0       0.0       0.0       0.0       0.0       0.0       0.0       0.0       0.0
       0.0       0.0       0.0       0.0       0.0       0.0       0.0       0.0       0.0       0.0
       0.0       0.0       0.0       0.0       0.0       0.0       0.0       0.0       0.0       0.0
       0.0       0.0       0.0       0.0       0.0       0.0       0.0       0.0       0.0       0.0
       0.0       0.0       0.0       0.0       0.0       0.0       0.0       0.0       0.0       0.0
       0.0       0.0       0.0       0.0       0.0       0.0       0.0       0.0       1.0       0.0
       0.0       0.0       0.0       0.0       0.0       0.0       0.0       0.0       0.0       0.0
       0.0       0.0       0.0       0.0       0.0       0.0       0.0       0.0       0.0       0.0
       0.0       0.0       0.0       0.0       0.0       0.0       0.0       0.0       0.0       0.0
       0.0       0.0       0.0       1.0       0.0       0.0       0.0       0.0       0.0       0.0
       0.0       0.0       0.0       0.0       0.0       0.0       0.0       0.0       0.0       0.0
       0.0       0.0       0.0       0.0       0.0       0.0       0.0       0.0       0.0       0.0
       0.0       0.0       0.0       0.0       0.0       0.0       0.0       0.0       0.0       0.0
       0.0       0.0       0.0       0.0       0.0       0.0       0.0       0.0       0.0       0.0
       0.0       0.0       0.0       0.0       0.0       0.0       0.0       0.0       0.0       0.0
       0.0       0.0       0.0       0.0       0.0       0.0       0.0       0.0       0.0       0.0
       0.0       0.0       0.0       0.0       0.0       0.0       0.0       0.0       0.0       0.0
       0.0       0.0       0.0       0.0       0.0       0.0       0.0       0.0       0.0       0.0
       0.0       0.0       0.0       0.0       0.0       0.0       0.0       0.0       0.0       0.0
       0.0       0.0       0.0       0.0       0.0       0.0       0.0       0.0       0.0       0.0
       0.0       0.0       0.0       0.0       0.0       0.0       0.0       0.0       0.0       1.0
       0.0       0.0       0.0       0.0       0.0       0.0       0.0       0.0       0.0       0.0
       0.0       0.0       0.0       0.0       0.0       0.0       0.0       0.0       0.0       0.0
       0.0       0.0       0.0       0.0       0.0       0.0       0.0       0.0       0.0       0.0
       0.0       0.0       0.0       0.0       0.0       0.0       0.0       0.0       0.0       0.0
       0.0       0.0       0.0       0.0       0.0       0.0       0.0       0.0       0.0       0.0
       0.0       0.0       0.0       0.0       0.0       0.0       0.0       0.0       0.0       0.0
       0.0       0.0       0.0       0.0       0.0       0.0       0.0       0.0       0.0       0.0
       0.0       0.0       0.0       0.0       0.0       0.0       0.0       0.0       0.0       0.0
       0.0       0.0       0.0       0.0       0.0       0.0       0.0       1.0       0.0       0.0
       0.0       1.0       0.0       0.0       0.0       0.0       0.0       0.0       0.0       0.0
       0.0       0.0       0.0       0.0       0.0       0.0       0.0       0.0       0.0       0.0
       0.0       0.0       0.0       0.0       0.0       0.0       0.0       0.0       0.0       0.0
       0.0       0.0       0.0       0.0       0.0       0.0       0.0       0.0       0.0       0.0
       0.0       0.0       0.0       0.0       0.0       0.0       0.0       0.0       0.0       0.0
       0.0       0.0       0.0       0.0       1.0       0.0       0.0       0.0       0.0       0.0
       0.0       0.0       0.0       0.0       0.0       0.0       0.0       0.0       0.0       0.0
       0.0       0.0       0.0       0.0       0.0       0.0       0.0       0.0       0.0       0.0
       0.0       0.0       0.0       0.0       0.0       0.0       0.0       0.0       0.0       0.0
       0.0       0.0       0.0       0.0       0.0       0.0       0.0       0.0       0.0       0.0
       0.0       0.0       0.0       0.0       0.0       0.0       0.0       0.0       0.0       0.0
       0.0       0.0       0.0       0.0       0.0       0.0       0.0       0.0       0.0       0.0
       0.0       0.0       0.0       0.0       0.0       0.0       0.0       0.0       0.0       0.0
       0.0       0.0       0.0       0.0       0.0       0.0       0.0       0.0       0.0       0.0
       0.0       0.0       0.0       0.0       0.0       0.0       0.0       0.0       0.0       0.0
       0.0       0.0       0.0       0.0       0.0       0.0       0.0       0.0       0.0       0.0
       0.0       0.0       0.0       0.0       1.0       0.0       0.0       0.0       0.0       0.0
       0.0       0.0       0.0       0.0       0.0       0.0       0.0       0.0       0.0       0.0
       0.0       0.0       0.0       0.0       0.0       0.0       0.0       0.0       0.0       0.0
       0.0       0.0       0.0       0.0       0.0       0.0       0.0       0.0       0.0       0.0
       0.0       0.0       0.0       0.0       0.0       0.0       0.0       0.0       0.0       0.0
       0.0       1.0       0.0       0.0       1.0       0.0       0.0       0.0       0.0       0.0
       0.0       0.0       0.0       0.0       0.0       0.0       0.0       0.0       0.0       0.0
       0.0       0.0       0.0       0.0       0.0       0.0       0.0       0.0       0.0       0.0
       0.0       0.0       0.0       0.0       0.0       0.0       0.0       0.0       0.0       0.0
       0.0       0.0       0.0       0.0       0.0       0.0       0.0       0.0       0.0       0.0
       0.0       0.0       0.0       0.0       0.0       0.0       0.0       0.0       0.0       0.0
       0.0       0.0       0.0       0.0       0.0       0.0       0.0       0.0       0.0       0.0
       0.0       0.0       0.0       0.0       0.0       0.0       0.0       0.0       0.0       0.0
       0.0       0.0       0.0       0.0       0.0       0.0       0.0       0.0       0.0       0.0
       0.0       0.0       0.0       0.0       0.0       0.0       0.0       0.0       0.0       0.0
       0.0       0.0       0.0       0.0       0.0       1.0       0.0       0.0       0.0       0.0
       0.0       0.0       0.0       0.0       0.0       0.0       0.0       0.0       0.0       0.0
       0.0       0.0       0.0       0.0       0.0       0.0       0.0       0.0       0.0       0.0
       0.0       0.0       0.0       0.0       0.0       0.0       0.0       0.0       0.0       0.0
       0.0       0.0       0.0       0.0       0.0       0.0       0.0       0.0       0.0       0.0
       1.0       0.0       0.0       0.0       0.0       0.0       0.0       0.0       0.0       0.0
       0.0       0.0       0.0       0.0       0.0       0.0       0.0       0.0       0.0       0.0
       0.0       0.0       0.0       0.0       0.0       0.0       0.0       0.0       0.0       0.0
       0.0       0.0       0.0       0.0       0.0       0.0       0.0       0.0       0.0       0.0
       0.0       0.0       0.0       0.0       0.0       0.0       0.0       0.0       0.0       0.0
       0.0       0.0       0.0       0.0       0.0       0.0       0.0       0.0       0.0       0.0
       0.0       0.0       0.0       0.0       0.0       0.0       0.0       0.0       0.0       0.0
       0.0       0.0       0.0       0.0       0.0       0.0       0.0       0.0       0.0       0.0
       0.0       0.0       0.0       0.0       0.0       0.0       0.0       0.0       0.0       0.0
       0.0       0.0       0.0       0.0       0.0       0.0       0.0       0.0       0.0       0.0
       0.0       0.0       0.0       0.0       0.0       0.0       0.0       0.0       0.0       0.0
       0.0       0.0       0.0       0.0       0.0       0.0       0.0       0.0       0.0       0.0
       0.0       0.0       0.0       0.0       0.0       0.0       0.0       0.0       0.0       0.0
       0.0       0.0       0.0       0.0       0.0       0.0       0.0       0.0       0.0       0.0
       0.0       0.0       0.0       0.0       0.0       0.0       0.0       0.0       0.0       0.0
       0.0       0.0       0.0       0.0       0.0       0.0       0.0       0.0       0.0       0.0
       0.0       0.0       0.0       0.0       0.0       0.0       0.0       0.0       0.0       0.0
       0.0       0.0       0.0       0.0       0.0       0.0       0.0       0.0       0.0       0.0
       0.0       0.0       0.0       0.0       0.0       0.0       0.0       0.0       1.0       0.0
       0.0       0.0       0.0       0.0       0.0       0.0       0.0       0.0       0.0       0.0
       0.0       0.0       0.0       0.0       0.0       0.0       0.0       0.0       0.0       0.0
       0.0       0.0       0.0       0.0       0.0       0.0       0.0       0.0       0.0       0.0
       0.0       0.0       0.0       0.0       0.0       0.0       0.0       0.0       0.0       0.0
       0.0       0.0       0.0       0.0       0.0       0.0       0.0       0.0       0.0       0.0
       0.0       0.0       0.0       0.0       0.0       0.0       0.0       0.0       0.0       0.0
       0.0       0.0       0.0       0.0       0.0       0.0       0.0       0.0       0.0       0.0
       0.0       0.0       0.0       0.0       0.0       0.0       0.0       0.0       0.0       0.0
       0.0       0.0       0.0       0.0       0.0       0.0       0.0       0.0       0.0       0.0
       0.0       0.0       0.0       0.0       0.0       0.0       0.0       0.0       0.0       0.0
       1.0       0.0       0.0       0.0       0.0       0.0       0.0       0.0       0.0       0.0
       0.0       0.0       0.0       0.0       0.0       0.0       0.0       0.0       0.0       0.0
       0.0       0.0       0.0       0.0       0.0       0.0       0.0       0.0       0.0       0.0
       0.0       0.0       0.0       0.0       0.0       0.0       0.0       0.0       0.0       0.0
       0.0       0.0       0.0       0.0       0.0       0.0       0.0       0.0       0.0       0.0
       0.0       0.0       0.0       0.0       0.0       0.0       0.0       0.0       0.0       0.0
       0.0       0.0       0.0       0.0       0.0       0.0       0.0       0.0       0.0       0.0
       0.0       0.0       0.0       0.0       0.0       0.0       0.0       0.0       0.0       0.0
       0.0       0.0       0.0       0.0       0.0       0.0       0.0       0.0       0.0       0.0
       0.0       0.0       0.0       0.0       0.0       0.0       0.0       0.0       0.0       0.0
       0.0       0.0       0.0       0.0       0.0       0.0       0.0       0.0       0.0       0.0
       0.0       0.0       0.0       0.0       0.0       0.0       0.0       0.0       0.0       0.0
       0.0       0.0       0.0       0.0       0.0       0.0       0.0       0.0       0.0       0.0
       0.0       0.0       0.0       0.0       0.0       0.0       0.0       0.0       0.0       0.0
       0.0       0.0       0.0       0.0       0.0       0.0       0.0       0.0       0.0       0.0
       0.0       0.0       0.0       0.0       0.0       0.0       0.0       0.0       0.0       0.0
       0.0       0.0       0.0       0.0       0.0       0.0       0.0       0.0       0.0       0.0
       0.0       0.0       0.0       0.0       0.0       0.0       0.0       0.0       0.0       0.0
       0.0       0.0       0.0       0.0       0.0       0.0       0.0       0.0       0.0       0.0
       0.0       0.0       0.0       1.0       0.0       0.0       0.0       0.0       0.0       0.0
       0.0       0.0       0.0       0.0       0.0       0.0       0.0       0.0       0.0       0.0
       0.0       0.0       0.0       0.0       0.0       0.0       0.0       0.0       0.0       0.0
       0.0       0.0       0.0       0.0       0.0       0.0       0.0       0.0       0.0       0.0
       0.0       0.0       0.0       0.0       0.0       0.0       0.0       0.0       0.0       0.0
       0.0       0.0       0.0       0.0       0.0       0.0       0.0       0.0       0.0       0.0
       0.0       0.0       0.0       0.0       0.0       0.0       0.0       0.0       0.0       0.0
       0.0       0.0       0.0       0.0       0.0       0.0       0.0       0.0       0.0       0.0
       0.0       0.0       0.0       0.0       0.0       0.0       0.0       0.0       0.0       0.0
       0.0       0.0       0.0       0.0       0.0       0.0       0.0       0.0       0.0       0.0
       1.0       0.0       0.0       0.0       0.0       0.0       0.0       0.0       0.0       0.0
       0.0       0.0       0.0       0.0       0.0       0.0       0.0       0.0       0.0       0.0
       0.0       0.0       0.0       0.0       0.0       0.0       0.0       0.0       0.0       0.0
       0.0       0.0       0.0       0.0       0.0       0.0       0.0       0.0       0.0       0.0
       0.0       0.0       0.0       0.0       0.0       0.0       0.0       0.0       0.0       0.0
       0.0       0.0       0.0       0.0       0.0       0.0       0.0       0.0       0.0       0.0
       0.0       0.0       0.0       0.0       0.0       0.0       0.0       0.0       0.0       0.0
       0.0       0.0       0.0       0.0       0.0       0.0       0.0       0.0       0.0       0.0
       0.0       0.0       0.0       0.0       0.0       0.0       0.0       0.0       0.0       0.0
       0.0       0.0       0.0       0.0       0.0       0.0       0.0       0.0       0.0       0.0
       0.0       0.0       0.0       0.0       0.0       0.0       0.0       0.0       0.0       0.0
       0.0       0.0       0.0       0.0       0.0       0.0       0.0       0.0       0.0       0.0
       0.0       0.0       0.0       0.0       0.0       0.0       0.0       0.0       0.0       0.0
       0.0       0.0       0.0       0.0       0.0       0.0       0.0       0.0       0.0       0.0
       0.0       0.0       0.0       0.0       0.0       0.0       0.0       0.0       0.0       0.0
       0.0       0.0       0.0       0.0       0.0       0.0       0.0       0.0       0.0       0.0
       0.0       0.0       0.0       0.0       0.0       0.0       0.0       0.0       0.0       0.0
       0.0       0.0       0.0       0.0       0.0       0.0       0.0       0.0       0.0       0.0
       0.0       0.0       0.0       0.0       0.0       0.0       0.0       0.0       0.0       0.0
       0.0       0.0       0.0       0.0       0.0       0.0       0.0       0.0       0.0       0.0
       0.0       0.0       0.0       0.0       0.0       0.0       0.0       0.0       0.0       0.0
       0.0       0.0       0.0       0.0       0.0       0.0       0.0       0.0       0.0       0.0
       0.0       0.0       0.0       0.0       0.0       0.0       0.0       0.0       0.0       0.0
       0.0       0.0       0.0       0.0       0.0       0.0       0.0       0.0       0.0       0.0
       0.0       0.0       0.0       0.0       0.0       0.0       0.0       0.0       0.0       0.0
       0.0       0.0       0.0       0.0       0.0       0.0       0.0       0.0       0.0       0.0
       0.0       0.0       0.0       0.0       0.0       0.0       0.0       0.0       0.0       0.0
       0.0       0.0       0.0       0.0       0.0       0.0       0.0       0.0       0.0       0.0
       0.0       0.0       0.0       0.0       0.0       0.0       0.0       0.0       0.0       0.0
       0.0       0.0       0.0       0.0       0.0       0.0       0.0       0.0       0.0       0.0
       0.0       0.0       0.0       0.0       0.0       0.0       0.0       0.0       0.0       0.0
       0.0       0.0       0.0       0.0       0.0       0.0       0.0       0.0       0.0       0.0
       0.0       0.0       0.0       0.0       0.0       0.0       0.0       0.0       0.0       0.0
       0.0       0.0       0.0       0.0       0.0       0.0       0.0       0.0       0.0       0.0
       0.0       0.0       0.0       0.0       0.0       0.0       0.0       0.0       0.0       0.0
       0.0       0.0       0.0       0.0       0.0       0.0       0.0       0.0       0.0       0.0
       0.0       0.0       0.0       0.0       0.0       0.0       0.0       0.0       0.0       0.0
       0.0       0.0       0.0       0.0       0.0       0.0       0.0       0.0       0.0       0.0
       0.0       0.0       0.0       0.0       0.0       0.0       0.0       0.0       0.0       0.0
       0.0       0.0       0.0       0.0       0.0       0.0       0.0       0.0       0.0       0.0
       0.0       0.0       0.0       0.0       0.0       0.0       0.0       0.0       0.0       0.0
       0.0       0.0       0.0       0.0       0.0       0.0       0.0       0.0       0.0       0.0
       0.0       0.0       0.0       0.0       0.0       0.0       0.0       0.0       0.0       0.0
       0.0       0.0       0.0       0.0       0.0       0.0       0.0       0.0       0.0       0.0
       0.0       0.0       0.0       0.0       0.0       0.0       0.0       0.0       0.0       0.0
       0.0       0.0       0.0       0.0       0.0       0.0       0.0       0.0       0.0       0.0
       0.0       0.0       0.0       0.0       0.0       0.0       0.0       0.0       0.0       0.0
       0.0       0.0       0.0       0.0       0.0       0.0       0.0       0.0       0.0       0.0
       0.0       0.0       0.0       0.0       0.0       0.0       0.0       0.0       0.0       0.0
       0.0       0.0       0.0       0.0       0.0       0.0       0.0       0.0       0.0       0.0
       0.0       0.0       0.0       0.0       0.0       0.0       0.0       0.0       0.0       0.0
       0.0       0.0       0.0       0.0       0.0       0.0       0.0       0.0       0.0       0.0
       0.0       0.0       0.0       0.0       0.0       0.0       0.0       0.0       0.0       0.0
       0.0       0.0       0.0       0.0       0.0       0.0       0.0       0.0       0.0       0.0
       0.0       0.0       0.0       0.0       0.0       0.0       0.0       0.0       0.0       0.0
       0.0       0.0       0.0       0.0       0.0       0.0       0.0       0.0       0.0       0.0
       0.0       0.0       0.0       0.0       0.0       0.0       0.0       0.0       0.0       0.0
       0.0       0.0       0.0       0.0       0.0       0.0       0.0       0.0       0.0       0.0
       0.0       0.0       0.0       0.0       0.0       0.0       0.0       0.0       0.0       0.0
       0.0       0.0       0.0       0.0       0.0       0.0       0.0       0.0       0.0       0.0
       0.0       0.0       0.0       0.0       0.0       0.0       0.0       0.0       0.0       0.0
       0.0       0.0       0.0       0.0       0.0       0.0       0.0       0.0       0.0       0.0
       0.0       0.0       0.0       0.0       0.0       0.0       0.0       0.0       0.0       0.0
       0.0       0.0       0.0       0.0       0.0       0.0       0.0       0.0       0.0       0.0

