title:          ~/hist/mu2e/v5_7_0/m00s5700.track_ana.hist/TrackAna/trk_19/dt
name:           trk_19/dt
nbx,xmin,xmax:   400   -20.0000    20.0000
       0.0       0.0       0.0       0.0       0.0       0.0       0.0       0.0       0.0       0.0
       0.0       1.0       0.0       0.0       0.0       0.0       0.0       0.0       2.0       0.0
       0.0       0.0       0.0       1.0       1.0       1.0       0.0       0.0       0.0       1.0
       1.0       0.0       2.0       1.0       1.0       0.0       0.0       1.0       1.0       2.0
       0.0       1.0       0.0       1.0       0.0       0.0       2.0       1.0       0.0       1.0
       2.0       0.0       1.0       1.0       0.0       3.0       3.0       1.0       2.0       2.0
       4.0       2.0       2.0       3.0       1.0       2.0       4.0       3.0       3.0       2.0
       2.0       6.0       5.0       8.0       8.0       4.0       3.0       3.0      10.0      11.0
       8.0      13.0       8.0      12.0      14.0      15.0       9.0      17.0      11.0      18.0
      15.0      32.0      13.0      24.0      26.0      19.0      25.0      31.0      31.0      39.0
      31.0      41.0      42.0      37.0      44.0      41.0      51.0      40.0      52.0      65.0
      63.0      69.0      78.0      73.0     105.0      94.0      97.0      96.0     108.0     136.0
     124.0     155.0     139.0     166.0     162.0     185.0     222.0     224.0     236.0     224.0
     283.0     256.0     303.0     288.0     300.0     352.0     338.0     381.0     425.0     486.0
     460.0     462.0     521.0     551.0     635.0     614.0     630.0     690.0     687.0     744.0
     735.0     765.0     816.0     842.0     896.0     945.0     954.0     988.0    1036.0    1088.0
    1102.0    1170.0    1135.0    1197.0    1200.0    1202.0    1225.0    1219.0    1188.0    1210.0
    1171.0    1127.0    1147.0    1130.0    1100.0    1028.0     936.0     940.0     896.0     906.0
     777.0     728.0     669.0     684.0     569.0     566.0     468.0     448.0     424.0     384.0
     371.0     321.0     288.0     263.0     227.0     220.0     205.0     152.0     146.0     153.0
     137.0     114.0      96.0      78.0      74.0      69.0      56.0      45.0      45.0      29.0
      28.0      25.0      22.0      25.0      23.0      24.0      17.0      19.0      21.0      16.0
      16.0      18.0      10.0       8.0      13.0      15.0       7.0       4.0       5.0       6.0
       6.0       4.0       3.0       5.0       5.0       4.0       3.0       0.0       0.0       4.0
       0.0       0.0       0.0       0.0       0.0       0.0       1.0       1.0       0.0       0.0
       0.0       0.0       0.0       0.0       1.0       0.0       1.0       1.0       0.0       2.0
       1.0       0.0       0.0       0.0       0.0       1.0       0.0       0.0       0.0       0.0
       0.0       0.0       0.0       0.0       0.0       0.0       0.0       0.0       0.0       0.0
       0.0       0.0       0.0       0.0       0.0       0.0       0.0       0.0       0.0       0.0
       0.0       0.0       0.0       0.0       0.0       0.0       0.0       0.0       0.0       0.0
       0.0       0.0       0.0       0.0       0.0       0.0       0.0       0.0       0.0       0.0
       0.0       0.0       0.0       0.0       0.0       0.0       0.0       0.0       0.0       0.0
       0.0       0.0       0.0       0.0       0.0       0.0       0.0       0.0       0.0       0.0
       0.0       0.0       0.0       0.0       0.0       0.0       0.0       0.0       0.0       0.0
       0.0       1.0       0.0       0.0       0.0       0.0       0.0       0.0       0.0       0.0
       0.0       0.0       0.0       0.0       0.0       0.0       0.0       0.0       0.0       0.0
       0.0       0.0       0.0       0.0       0.0       0.0       0.0       0.0       0.0       0.0
       0.0       0.0       0.0       0.0       0.0       0.0       0.0       0.0       0.0       0.0
       0.0       0.0       0.0       0.0       0.0       0.0       0.0       0.0       0.0       0.0
       0.0       0.0       0.0       0.0       0.0       0.0       0.0       0.0       0.0       0.0

