title:          ~/hist/mu2e/v5_7_0/e00s5700.track_ana.hist/TrackAna/trk_19/dt
name:           trk_19/dt
nbx,xmin,xmax:   400   -20.0000    20.0000
       0.0       0.0       0.0       0.0       0.0       0.0       0.0       0.0       0.0       0.0
       0.0       0.0       0.0       0.0       0.0       0.0       0.0       0.0       0.0       0.0
       0.0       0.0       0.0       0.0       0.0       0.0       0.0       0.0       0.0       0.0
       0.0       0.0       0.0       0.0       0.0       1.0       0.0       0.0       0.0       0.0
       0.0       0.0       0.0       0.0       0.0       0.0       0.0       0.0       0.0       0.0
       0.0       0.0       0.0       0.0       0.0       0.0       0.0       0.0       0.0       0.0
       0.0       0.0       0.0       0.0       0.0       0.0       0.0       0.0       0.0       0.0
       0.0       0.0       0.0       0.0       0.0       0.0       0.0       0.0       0.0       0.0
       0.0       0.0       0.0       0.0       0.0       0.0       0.0       0.0       0.0       0.0
       0.0       0.0       0.0       0.0       1.0       0.0       0.0       0.0       1.0       0.0
       0.0       0.0       0.0       0.0       0.0       0.0       0.0       0.0       0.0       0.0
       0.0       0.0       0.0       0.0       0.0       0.0       0.0       1.0       3.0       1.0
       0.0       1.0       3.0       1.0       0.0       2.0       0.0       1.0       0.0       1.0
       0.0       1.0       2.0       5.0       1.0       2.0       4.0       1.0       3.0       2.0
       1.0       2.0       3.0       3.0       6.0       4.0       2.0       6.0       7.0       7.0
       7.0       6.0       4.0       4.0       8.0       6.0      10.0       5.0      10.0       7.0
       8.0       2.0       7.0       6.0      11.0      10.0      17.0       7.0       9.0       9.0
      10.0       9.0      10.0      13.0      14.0      20.0      14.0      14.0      17.0      19.0
      27.0      20.0      26.0      35.0      32.0      49.0      59.0      67.0      78.0     100.0
     107.0     160.0     182.0     219.0     254.0     303.0     360.0     493.0     532.0     708.0
     926.0    1082.0    1419.0    1655.0    2044.0    2343.0    2766.0    3101.0    3602.0    4050.0
    4465.0    4758.0    4981.0    5295.0    5135.0    5386.0    5407.0    5354.0    5221.0    5123.0
    4905.0    4532.0    4275.0    4018.0    3644.0    3285.0    2887.0    2730.0    2433.0    2157.0
    1910.0    1698.0    1466.0    1302.0    1124.0    1057.0     904.0     761.0     643.0     528.0
     467.0     425.0     388.0     353.0     285.0     251.0     200.0     180.0     174.0     144.0
     146.0     101.0      88.0     100.0      91.0      74.0      61.0      51.0      50.0      45.0
      33.0      33.0      30.0      31.0      23.0      13.0      16.0      25.0      13.0      15.0
      16.0       8.0      10.0      11.0       6.0       8.0       9.0       4.0       3.0       1.0
       1.0       4.0       3.0       1.0       1.0       3.0       2.0       0.0       1.0       0.0
       1.0       0.0       0.0       2.0       1.0       0.0       1.0       0.0       1.0       0.0
       0.0       0.0       0.0       0.0       0.0       0.0       0.0       0.0       0.0       1.0
       0.0       1.0       0.0       0.0       0.0       0.0       0.0       0.0       0.0       0.0
       1.0       0.0       0.0       0.0       0.0       0.0       0.0       0.0       0.0       1.0
       0.0       0.0       0.0       0.0       0.0       0.0       0.0       0.0       0.0       0.0
       0.0       0.0       0.0       0.0       0.0       0.0       0.0       0.0       0.0       0.0
       0.0       0.0       0.0       0.0       0.0       0.0       0.0       0.0       0.0       0.0
       0.0       0.0       0.0       0.0       0.0       0.0       0.0       0.0       0.0       0.0
       0.0       0.0       0.0       0.0       0.0       0.0       0.0       0.0       0.0       0.0
       0.0       0.0       0.0       0.0       0.0       0.0       0.0       0.0       0.0       0.0
       0.0       0.0       0.0       0.0       0.0       0.0       0.0       0.0       0.0       0.0

