0.0000	-6.011E-13
0.0002	-6.011E-13
0.0006	-6.011E-13
0.0012	-6.001E-13
0.0025	-5.851E-13
0.0050	-3.677E-13
0.0102	1.372E-12
0.0160	7.014E-12
0.0215	1.956E-11
0.0275	4.523E-11
0.0331	8.598E-11
0.0390	1.515E-10
0.0446	2.423E-10
0.0505	3.728E-10
0.0569	5.681E-10
0.0645	8.764E-10
0.0731	1.354E-09
0.0834	2.127E-09
0.0957	3.396E-09
0.1111	5.639E-09
0.1312	9.862E-09
0.1592	1.899E-08
0.2018	4.300E-08
0.2788	1.332E-07
0.4328	5.239E-07
0.6460	1.644E-06
0.9078	4.367E-06
1.2679	1.173E-05
1.8615	3.579E-05
2.8381	1.060E-04
3.8012	2.068E-04
4.0224	2.373E-04
4.1619	2.584E-04
4.3015	2.805E-04
4.4410	3.038E-04
4.5805	3.282E-04
4.7200	3.537E-04
4.8595	3.804E-04
4.9990	4.082E-04
4.9993	4.082E-04
4.9997	4.083E-04
5.0000	4.084E-04
5.0002	4.084E-04
5.0006	4.085E-04
5.0010	4.086E-04
5.0197	4.124E-04
5.0384	4.162E-04
5.0571	4.200E-04
5.0759	4.239E-04
5.0946	4.278E-04
5.1133	4.317E-04
5.1320	4.356E-04
5.2631	4.637E-04
5.3187	4.756E-04
5.3743	4.877E-04
5.4299	5.000E-04
5.4854	5.125E-04
5.5410	5.252E-04
5.5966	5.380E-04
5.6522	5.511E-04
6.0000	6.356E-04
6.0003	6.357E-04
6.0007	6.358E-04
6.0010	6.359E-04
6.1882	6.843E-04
6.3755	7.343E-04
6.5627	7.860E-04
6.7499	8.392E-04
6.9372	8.941E-04
7.1244	9.506E-04
7.3116	1.009E-03
8.2882	1.324E-03
9.2648	1.663E-03
10.2413	2.017E-03
11.2179	2.379E-03
12.1945	2.740E-03
13.1710	3.091E-03
14.1476	3.426E-03
15.1241	3.737E-03
16.1007	4.024E-03
16.6555	4.175E-03
16.7760	4.205E-03
16.8965	4.235E-03
17.0170	4.265E-03
17.1375	4.293E-03
17.2580	4.322E-03
17.3785	4.350E-03
17.4990	4.377E-03
17.4993	4.377E-03
17.4997	4.377E-03
17.5000	4.377E-03
17.6429	4.408E-03
17.7857	4.439E-03
17.9286	4.469E-03
18.0714	4.498E-03
18.2143	4.526E-03
18.3571	4.554E-03
18.5000	4.581E-03
18.5003	4.581E-03
18.5007	4.581E-03
18.5010	4.581E-03
18.8277	4.637E-03
19.1545	4.689E-03
19.4812	4.737E-03
19.8080	4.781E-03
20.1347	4.820E-03
20.4615	4.855E-03
20.7882	4.886E-03
21.7648	4.956E-03
22.7413	4.991E-03
23.7179	4.990E-03
24.6945	4.958E-03
25.6710	4.897E-03
26.6476	4.809E-03
27.6241	4.698E-03
29.0224	4.510E-03
29.9990	4.356E-03
29.9993	4.356E-03
29.9997	4.356E-03
30.0000	4.356E-03
30.1429	4.332E-03
30.2857	4.308E-03
30.4286	4.284E-03
30.5714	4.260E-03
30.7143	4.235E-03
30.8571	4.210E-03
31.0000	4.186E-03
31.0003	4.185E-03
31.0007	4.185E-03
31.0010	4.185E-03
31.4673	4.102E-03
31.9335	4.017E-03
32.3998	3.932E-03
32.8660	3.846E-03
33.3323	3.759E-03
33.7985	3.671E-03
34.2648	3.582E-03
35.2413	3.398E-03
36.2179	3.215E-03
37.1945	3.036E-03
38.1710	2.861E-03
39.1476	2.693E-03
40.1241	2.531E-03
41.1007	2.376E-03
41.3005	2.345E-03
41.5002	2.315E-03
41.7000	2.285E-03
41.8997	2.255E-03
42.0995	2.226E-03
42.2992	2.197E-03
42.4990	2.169E-03
42.4993	2.169E-03
42.4997	2.169E-03
42.5000	2.169E-03
42.6429	2.149E-03
42.7857	2.129E-03
42.9286	2.109E-03
43.0714	2.090E-03
43.2143	2.070E-03
43.3571	2.051E-03
43.5000	2.032E-03
43.5003	2.032E-03
43.5007	2.032E-03
43.5010	2.032E-03
44.2463	1.937E-03
44.9915	1.846E-03
45.7368	1.760E-03
46.4821	1.679E-03
47.2274	1.602E-03
47.9726	1.529E-03
48.7179	1.461E-03
50.6710	1.302E-03
52.6241	1.166E-03
54.9990	1.027E-03
54.9993	1.027E-03
54.9997	1.027E-03
55.0000	1.027E-03
55.1429	1.020E-03
55.2857	1.012E-03
55.4286	1.005E-03
55.5714	9.977E-04
55.7143	9.905E-04
55.8571	9.834E-04
56.0000	9.764E-04
56.0003	9.764E-04
56.0007	9.764E-04
56.0010	9.764E-04
56.0011	9.764E-04
57.3044	9.174E-04
58.6077	8.619E-04
59.9110	8.099E-04
61.2143	7.613E-04
62.5176	7.163E-04
63.8208	6.747E-04
65.1241	6.366E-04
65.4634	6.267E-04
65.8027	6.169E-04
66.1419	6.072E-04
66.4812	5.976E-04
66.8205	5.882E-04
67.1597	5.789E-04
67.4990	5.698E-04
67.4993	5.698E-04
67.4997	5.698E-04
67.5000	5.698E-04
67.6429	5.659E-04
67.7857	5.621E-04
67.9286	5.584E-04
68.0714	5.546E-04
68.2143	5.509E-04
68.3571	5.471E-04
68.5000	5.434E-04
68.5003	5.434E-04
68.5007	5.434E-04
68.5010	5.434E-04
69.9438	5.072E-04
71.3866	4.727E-04
72.8294	4.399E-04
74.2723	4.087E-04
75.7151	3.793E-04
77.1579	3.516E-04
78.6007	3.256E-04
79.9990	3.020E-04
79.9993	3.020E-04
79.9997	3.020E-04
80.0000	3.020E-04
80.1429	2.997E-04
80.2857	2.974E-04
80.4286	2.951E-04
80.5714	2.928E-04
80.7143	2.906E-04
80.8571	2.883E-04
81.0000	2.861E-04
81.0003	2.861E-04
81.0007	2.861E-04
81.0010	2.861E-04
82.6436	2.621E-04
84.2861	2.399E-04
85.9287	2.194E-04
87.5713	2.007E-04
89.2139	1.838E-04
90.8564	1.686E-04
92.4990	1.552E-04
92.4993	1.552E-04
92.4997	1.552E-04
92.5000	1.552E-04
92.6380	1.542E-04
92.7760	1.531E-04
92.9140	1.520E-04
93.0520	1.510E-04
93.1900	1.499E-04
93.3280	1.489E-04
93.4660	1.479E-04
93.4680	1.479E-04
93.5000	1.476E-04
93.5003	1.476E-04
93.5007	1.476E-04
93.5010	1.476E-04
95.1436	1.365E-04
96.7861	1.261E-04
98.4287	1.166E-04
100.0713	1.079E-04
101.7139	1.001E-04
103.3564	9.310E-05
104.9990	8.693E-05
104.9993	8.692E-05
104.9997	8.692E-05
105.0000	8.692E-05
105.1429	8.639E-05
105.2857	8.587E-05
105.4286	8.535E-05
105.5714	8.484E-05
105.7143	8.433E-05
105.8571	8.382E-05
106.0000	8.332E-05
106.0003	8.331E-05
106.0007	8.331E-05
106.0010	8.331E-05
107.6436	7.790E-05
109.2861	7.283E-05
110.9287	6.810E-05
112.5713	6.371E-05
114.2139	5.967E-05
115.8564	5.597E-05
117.4990	5.261E-05
117.4993	5.261E-05
117.4997	5.261E-05
117.5000	5.260E-05
117.6429	5.232E-05
117.7857	5.204E-05
117.9286	5.176E-05
118.0714	5.148E-05
118.2143	5.120E-05
118.3571	5.092E-05
118.5000	5.065E-05
118.5003	5.065E-05
118.5007	5.065E-05
118.5010	5.065E-05
120.1436	4.767E-05
121.7861	4.488E-05
123.4287	4.228E-05
125.0713	3.986E-05
126.7139	3.762E-05
128.3564	3.557E-05
129.9990	3.370E-05
129.9993	3.370E-05
129.9997	3.370E-05
130.0000	3.370E-05
130.0958	3.359E-05
130.1915	3.349E-05
130.2873	3.338E-05
130.3830	3.328E-05
130.4788	3.318E-05
130.5745	3.307E-05
130.6703	3.297E-05
130.6863	3.295E-05
131.0000	3.262E-05
131.0003	3.262E-05
131.0007	3.262E-05
131.0010	3.262E-05
132.6436	3.098E-05
134.2861	2.945E-05
135.9287	2.801E-05
137.5713	2.668E-05
139.2139	2.544E-05
140.8564	2.431E-05
142.4990	2.328E-05
142.4993	2.328E-05
142.4997	2.328E-05
142.5000	2.328E-05
142.6429	2.319E-05
142.7857	2.310E-05
142.9286	2.301E-05
143.0714	2.293E-05
143.2143	2.284E-05
143.3571	2.276E-05
143.5000	2.267E-05
143.5003	2.267E-05
143.5007	2.267E-05
143.5010	2.267E-05
154.9990	1.732E-05
154.9993	1.732E-05
154.9997	1.732E-05
155.0000	1.732E-05
155.1429	1.727E-05
155.2857	1.722E-05
155.4286	1.717E-05
155.5714	1.711E-05
155.7143	1.706E-05
155.8571	1.701E-05
156.0000	1.696E-05
156.0003	1.696E-05
156.0007	1.696E-05
156.0010	1.696E-05
167.4990	1.369E-05
167.4993	1.369E-05
167.4997	1.369E-05
167.5000	1.369E-05
167.5006	1.369E-05
167.6433	1.366E-05
167.7861	1.363E-05
167.9289	1.360E-05
168.0717	1.356E-05
168.2144	1.353E-05
168.3572	1.350E-05
168.5000	1.347E-05
168.5003	1.347E-05
168.5007	1.347E-05
168.5010	1.347E-05
179.9990	1.139E-05
179.9993	1.139E-05
179.9997	1.139E-05
180.0000	1.139E-05
180.1429	1.137E-05
180.2857	1.135E-05
180.4286	1.133E-05
180.5714	1.131E-05
180.7143	1.129E-05
180.8571	1.127E-05
181.0000	1.125E-05
181.0003	1.125E-05
181.0007	1.125E-05
181.0010	1.125E-05
