0.0000	9.5533E-23
1.0000	1.1322E-22
1.0010	1.1324E-22
2.0820	1.3269E-22
2.0830	1.3271E-22
2.0832	1.3271E-22
3.0830	1.5065E-22
3.0840	1.5067E-22
4.1620	1.6961E-22
4.1630	1.6963E-22
5.1630	1.8655E-22
5.1640	1.8657E-22
6.2490	2.0397E-22
6.2500	2.0398E-22
7.2500	2.1893E-22
7.2510	2.1894E-22
8.3320	2.3377E-22
8.3330	2.3378E-22
8.4968	2.3589E-22
9.3330	2.4615E-22
9.3340	2.4617E-22
9.5820	2.4903E-22
9.5820	7.0223E-22
9.5820	7.2735E-21
9.5822	-1.1758E-16
9.5823	2.2274E-16
9.5824	1.0210E-15
9.5826	2.2771E-15
9.5827	3.9911E-15
9.5829	6.1631E-15
9.5830	8.7929E-15
9.5830	9.0700E-15
9.5830	9.6451E-15
9.6029	-3.1609E-09
9.6227	1.6828E-09
9.6426	1.4531E-08
9.6624	3.5384E-08
9.6822	6.4241E-08
9.7021	1.0110E-07
9.7219	1.4597E-07
9.8609	8.9122E-07
10.0556	3.0188E-06
10.1751	5.0160E-06
10.2089	5.8341E-06
10.2428	6.7376E-06
10.2766	7.7266E-06
10.3105	8.8009E-06
10.3443	9.9605E-06
10.3782	1.1206E-05
10.4120	1.2536E-05
10.4123	1.2548E-05
10.4127	1.2565E-05
10.4130	1.2577E-05
10.4137	1.2607E-05
10.4144	1.2636E-05
10.4152	1.2666E-05
10.4159	1.2695E-05
10.4166	1.2725E-05
10.4173	1.2755E-05
10.4180	1.2785E-05
10.4232	1.2999E-05
10.4334	1.3435E-05
10.4539	1.4339E-05
10.4948	1.6262E-05
10.5546	1.9385E-05
10.6741	2.6895E-05
10.9132	4.4403E-05
10.9349	4.6211E-05
10.9781	5.0250E-05
11.0647	5.9067E-05
11.2408	7.8462E-05
11.2688	8.1932E-05
11.2894	8.4527E-05
11.3100	8.7169E-05
11.3306	8.9860E-05
11.3512	9.2598E-05
11.3718	9.5384E-05
11.3924	9.8218E-05
11.4130	1.0110E-04
11.4133	1.0114E-04
11.4137	1.0120E-04
11.4140	1.0124E-04
11.4608	1.0800E-04
11.5076	1.1509E-04
11.5544	1.2249E-04
11.6012	1.3022E-04
11.6480	1.3826E-04
11.6948	1.4663E-04
11.7416	1.5532E-04
11.8066	1.6664E-04
11.8715	1.7860E-04
11.9365	1.9120E-04
12.0014	2.0444E-04
12.0664	2.1831E-04
12.1313	2.3283E-04
12.1963	2.4798E-04
12.2395	2.5814E-04
12.2828	2.6855E-04
12.3260	2.7921E-04
12.3693	2.9012E-04
12.4125	3.0128E-04
12.4558	3.1269E-04
12.4990	3.2435E-04
12.4993	3.2443E-04
12.4997	3.2454E-04
12.5000	3.2462E-04
12.5007	3.2481E-04
12.5014	3.2501E-04
12.5022	3.2521E-04
12.5029	3.2540E-04
12.5036	3.2560E-04
12.5043	3.2579E-04
12.5050	3.2599E-04
12.5102	3.2739E-04
12.5185	3.2969E-04
12.5268	3.3196E-04
12.5380	3.3504E-04
12.5510	3.3865E-04
12.5720	3.4454E-04
12.6016	3.5295E-04
12.7299	3.9059E-04
12.8583	4.3024E-04
12.9866	4.7192E-04
13.1150	5.1562E-04
13.2433	5.6135E-04
13.3717	6.0910E-04
13.5000	6.5887E-04
13.5003	6.5899E-04
13.5007	6.5915E-04
13.5010	6.5927E-04
13.6473	7.1875E-04
13.7936	7.8067E-04
13.9399	8.4504E-04
14.0861	9.1186E-04
14.2324	9.8113E-04
14.3787	1.0529E-03
14.5250	1.1270E-03
14.5330	1.1311E-03
14.5820	1.1566E-03
14.5821	1.1566E-03
14.5823	1.1567E-03
14.5827	1.1569E-03
14.5830	1.1571E-03
14.5839	1.1575E-03
14.5847	1.1580E-03
14.5856	1.1584E-03
14.5864	1.1589E-03
14.5873	1.1593E-03
14.5881	1.1598E-03
14.5890	1.1602E-03
14.5936	1.1627E-03
14.5986	1.1653E-03
14.6044	1.1683E-03
14.6109	1.1717E-03
14.6192	1.1761E-03
14.6294	1.1814E-03
14.6431	1.1887E-03
14.6617	1.1985E-03
14.6910	1.2141E-03
14.8184	1.2832E-03
14.9459	1.3538E-03
15.0733	1.4260E-03
15.2007	1.4998E-03
15.3281	1.5752E-03
15.4556	1.6521E-03
15.5830	1.7306E-03
15.5831	1.7306E-03
15.5833	1.7307E-03
15.5837	1.7310E-03
15.5840	1.7312E-03
15.7380	1.8284E-03
15.8920	1.9274E-03
16.0460	2.0283E-03
16.2000	2.1310E-03
16.3540	2.2356E-03
16.5080	2.3420E-03
16.6620	2.4502E-03
16.6621	2.4503E-03
16.6623	2.4504E-03
16.6626	2.4506E-03
16.6629	2.4509E-03
16.6630	2.4509E-03
16.6636	2.4513E-03
16.6641	2.4517E-03
16.6647	2.4521E-03
16.6653	2.4525E-03
16.6659	2.4529E-03
16.6664	2.4533E-03
16.6670	2.4537E-03
16.6711	2.4566E-03
16.6750	2.4594E-03
16.6805	2.4633E-03
16.6860	2.4672E-03
16.6936	2.4726E-03
16.7019	2.4785E-03
16.7137	2.4869E-03
16.7278	2.4969E-03
16.7500	2.5128E-03
16.7826	2.5360E-03
16.8476	2.5828E-03
16.9641	2.6671E-03
17.0806	2.7522E-03
17.1971	2.8379E-03
17.3136	2.9244E-03
17.4300	3.0116E-03
17.5465	3.0995E-03
17.6630	3.1881E-03
17.6631	3.1882E-03
17.6633	3.1884E-03
17.6637	3.1887E-03
17.6640	3.1889E-03
17.8190	3.3080E-03
17.9740	3.4277E-03
18.1290	3.5481E-03
18.2840	3.6692E-03
18.4390	3.7910E-03
18.5940	3.9135E-03
18.7490	4.0367E-03
18.7493	4.0369E-03
18.7497	4.0372E-03
18.7500	4.0375E-03
18.7504	4.0378E-03
18.7509	4.0381E-03
18.7513	4.0385E-03
18.7517	4.0388E-03
18.7522	4.0392E-03
18.7526	4.0395E-03
18.7531	4.0399E-03
18.7562	4.0424E-03
18.7600	4.0454E-03
18.7647	4.0491E-03
18.7699	4.0533E-03
18.7765	4.0585E-03
18.7841	4.0646E-03
18.7939	4.0724E-03
18.8062	4.0821E-03
18.8234	4.0958E-03
18.8483	4.1157E-03
18.8920	4.1506E-03
18.9795	4.2204E-03
19.1545	4.3603E-03
19.2396	4.4284E-03
19.3246	4.4965E-03
19.4097	4.5646E-03
19.4948	4.6327E-03
19.5799	4.7008E-03
19.6649	4.7689E-03
19.7500	4.8370E-03
19.7503	4.8373E-03
19.7507	4.8376E-03
19.7510	4.8378E-03
19.8468	4.9144E-03
19.9425	4.9908E-03
20.0383	5.0671E-03
20.1340	5.1433E-03
20.2298	5.2195E-03
20.3255	5.2955E-03
20.4213	5.3714E-03
20.4373	5.3840E-03
20.8320	5.6940E-03
20.8323	5.6943E-03
20.8327	5.6946E-03
20.8330	5.6948E-03
20.8336	5.6953E-03
20.8342	5.6958E-03
20.8349	5.6963E-03
20.8355	5.6967E-03
20.8361	5.6972E-03
20.8367	5.6977E-03
20.8374	5.6982E-03
20.8412	5.7012E-03
20.8452	5.7043E-03
20.8504	5.7084E-03
20.8560	5.7128E-03
20.8634	5.7185E-03
20.8717	5.7250E-03
20.8830	5.7338E-03
20.8971	5.7447E-03
20.9182	5.7611E-03
20.9499	5.7858E-03
21.0134	5.8349E-03
21.1305	5.9254E-03
21.2476	6.0154E-03
21.3646	6.1047E-03
21.4817	6.1935E-03
21.5988	6.2818E-03
21.7159	6.3694E-03
21.8330	6.4565E-03
21.8333	6.4567E-03
21.8337	6.4570E-03
21.8340	6.4572E-03
21.9880	6.5708E-03
22.1420	6.6830E-03
22.2960	6.7938E-03
22.4500	6.9033E-03
22.6040	7.0113E-03
22.7580	7.1181E-03
22.9120	7.2234E-03
22.9123	7.2236E-03
22.9127	7.2239E-03
22.9130	7.2241E-03
22.9130	7.2241E-03
22.9135	7.2244E-03
22.9140	7.2247E-03
22.9145	7.2251E-03
22.9150	7.2254E-03
22.9155	7.2258E-03
22.9160	7.2261E-03
22.9165	7.2264E-03
22.9199	7.2288E-03
22.9238	7.2314E-03
22.9288	7.2348E-03
22.9342	7.2384E-03
22.9411	7.2431E-03
22.9490	7.2484E-03
22.9595	7.2556E-03
22.9725	7.2643E-03
22.9915	7.2771E-03
23.0190	7.2955E-03
23.0708	7.3301E-03
23.1911	7.4100E-03
23.3114	7.4888E-03
23.4317	7.5665E-03
23.5520	7.6432E-03
23.6724	7.7189E-03
23.7927	7.7934E-03
23.9130	7.8670E-03
23.9133	7.8671E-03
23.9137	7.8674E-03
23.9140	7.8676E-03
24.0690	7.9605E-03
24.2240	8.0515E-03
24.3790	8.1404E-03
24.5340	8.2274E-03
24.6890	8.3123E-03
24.8440	8.3952E-03
24.9990	8.4762E-03
24.9993	8.4763E-03
24.9997	8.4765E-03
25.0000	8.4767E-03
25.0000	8.4767E-03
25.0005	8.4769E-03
25.0009	8.4772E-03
25.0014	8.4774E-03
25.0019	8.4777E-03
25.0024	8.4779E-03
25.0028	8.4782E-03
25.0033	8.4784E-03
25.0067	8.4801E-03
25.0108	8.4822E-03
25.0158	8.4848E-03
25.0214	8.4877E-03
25.0284	8.4913E-03
25.0367	8.4955E-03
25.0474	8.5010E-03
25.0610	8.5079E-03
25.0807	8.5179E-03
25.1105	8.5329E-03
25.1665	8.5610E-03
25.5518	8.7468E-03
26.0000	8.9457E-03
26.0003	8.9459E-03
26.0007	8.9460E-03
26.0010	8.9462E-03
26.0022	8.9467E-03
26.1565	9.0107E-03
26.3107	9.0724E-03
26.4650	9.1318E-03
26.6192	9.1890E-03
26.7735	9.2439E-03
26.9277	9.2965E-03
27.0820	9.3469E-03
27.0823	9.3470E-03
27.0827	9.3471E-03
27.0830	9.3472E-03
27.0834	9.3474E-03
27.0839	9.3475E-03
27.0843	9.3476E-03
27.0848	9.3478E-03
27.0852	9.3479E-03
27.0856	9.3481E-03
27.0861	9.3482E-03
27.0892	9.3492E-03
27.0938	9.3507E-03
27.0989	9.3523E-03
27.1050	9.3542E-03
27.1120	9.3564E-03
27.1211	9.3593E-03
27.1321	9.3627E-03
27.1474	9.3675E-03
27.1685	9.3740E-03
27.2035	9.3848E-03
27.2697	9.4047E-03
27.6742	9.5182E-03
28.0830	9.6164E-03
28.0833	9.6164E-03
28.0837	9.6165E-03
28.0840	9.6166E-03
28.2380	9.6492E-03
28.3920	9.6796E-03
28.5460	9.7076E-03
28.7000	9.7334E-03
28.8540	9.7570E-03
29.0080	9.7782E-03
29.1620	9.7972E-03
29.1623	9.7973E-03
29.1627	9.7973E-03
29.1630	9.7973E-03
29.1637	9.7974E-03
29.1644	9.7975E-03
29.1652	9.7976E-03
29.1659	9.7977E-03
29.1666	9.7977E-03
29.1673	9.7978E-03
29.1680	9.7979E-03
29.1732	9.7985E-03
29.1782	9.7991E-03
29.1850	9.7999E-03
29.1920	9.8006E-03
29.2020	9.8018E-03
29.2134	9.8030E-03
29.2306	9.8049E-03
29.2533	9.8073E-03
29.2954	9.8117E-03
29.3749	9.8193E-03
29.8532	9.8545E-03
29.8592	9.8548E-03
29.8832	9.8559E-03
30.1630	9.8656E-03
30.1633	9.8657E-03
30.1637	9.8657E-03
30.1640	9.8657E-03
30.3190	9.8678E-03
30.4740	9.8679E-03
30.6290	9.8659E-03
30.7840	9.8618E-03
30.9390	9.8556E-03
31.0940	9.8473E-03
31.2490	9.8370E-03
31.2493	9.8369E-03
31.2497	9.8369E-03
31.2500	9.8369E-03
31.2507	9.8368E-03
31.2514	9.8368E-03
31.2522	9.8367E-03
31.2529	9.8367E-03
31.2536	9.8366E-03
31.2543	9.8366E-03
31.2550	9.8365E-03
31.2602	9.8361E-03
31.2662	9.8357E-03
31.2736	9.8351E-03
31.2818	9.8345E-03
31.2928	9.8336E-03
31.3069	9.8325E-03
31.3276	9.8309E-03
31.3588	9.8283E-03
31.4198	9.8230E-03
31.7888	9.7851E-03
31.8270	9.7805E-03
31.8651	9.7757E-03
31.9033	9.7709E-03
31.9414	9.7660E-03
31.9795	9.7610E-03
32.0177	9.7559E-03
32.0558	9.7507E-03
32.2500	9.7221E-03
32.2503	9.7221E-03
32.2507	9.7220E-03
32.2510	9.7220E-03
32.4054	9.6970E-03
32.5599	9.6703E-03
32.7143	9.6420E-03
32.8687	9.6119E-03
33.0231	9.5801E-03
33.1776	9.5466E-03
33.3320	9.5114E-03
33.3323	9.5114E-03
33.3327	9.5113E-03
33.3330	9.5112E-03
33.3337	9.5110E-03
33.3344	9.5109E-03
33.3352	9.5107E-03
33.3359	9.5105E-03
33.3366	9.5104E-03
33.3373	9.5102E-03
33.3380	9.5100E-03
33.3432	9.5088E-03
33.3511	9.5070E-03
33.3593	9.5050E-03
33.3702	9.5025E-03
33.3832	9.4994E-03
33.4033	9.4946E-03
33.4325	9.4876E-03
33.6037	9.4452E-03
34.3330	9.2454E-03
34.3333	9.2454E-03
34.3337	9.2452E-03
34.3340	9.2451E-03
34.4880	9.1986E-03
34.6420	9.1508E-03
34.7960	9.1017E-03
34.9500	9.0514E-03
35.1040	8.9998E-03
35.2580	8.9469E-03
35.4120	8.8929E-03
35.4123	8.8927E-03
35.4127	8.8926E-03
35.4130	8.8925E-03
35.4137	8.8922E-03
35.4144	8.8920E-03
35.4152	8.8917E-03
35.4159	8.8915E-03
35.4166	8.8912E-03
35.4173	8.8910E-03
35.4180	8.8907E-03
35.4232	8.8889E-03
35.4334	8.8852E-03
35.4459	8.8808E-03
35.4623	8.8749E-03
35.4839	8.8672E-03
35.5231	8.8531E-03
35.6014	8.8246E-03
35.7174	8.7820E-03
35.8333	8.7389E-03
35.9493	8.6952E-03
36.0652	8.6509E-03
36.1811	8.6061E-03
36.2971	8.5606E-03
36.4130	8.5146E-03
36.4131	8.5146E-03
36.4133	8.5145E-03
36.4137	8.5143E-03
36.4140	8.5142E-03
37.4990	8.0597E-03
37.4993	8.0596E-03
37.4997	8.0594E-03
37.5000	8.0593E-03
37.5007	8.0590E-03
37.5014	8.0587E-03
37.5022	8.0583E-03
37.5029	8.0580E-03
37.5036	8.0577E-03
37.5043	8.0574E-03
37.5050	8.0571E-03
37.5102	8.0548E-03
37.5204	8.0504E-03
37.5336	8.0446E-03
37.5503	8.0373E-03
37.5730	8.0273E-03
37.6133	8.0096E-03
37.6939	7.9740E-03
37.8091	7.9228E-03
37.9242	7.8714E-03
38.0394	7.8196E-03
38.1545	7.7675E-03
38.2697	7.7151E-03
38.3848	7.6623E-03
38.5000	7.6093E-03
38.5003	7.6092E-03
38.5007	7.6090E-03
38.5010	7.6088E-03
38.6554	7.5372E-03
38.8099	7.4651E-03
38.9643	7.3927E-03
39.1187	7.3199E-03
39.2731	7.2467E-03
39.4276	7.1731E-03
39.5820	7.0992E-03
39.5823	7.0991E-03
39.5827	7.0989E-03
39.5830	7.0987E-03
39.5837	7.0984E-03
39.5844	7.0980E-03
39.5852	7.0977E-03
39.5859	7.0973E-03
39.5866	7.0970E-03
39.5873	7.0967E-03
39.5880	7.0963E-03
39.5932	7.0939E-03
39.6020	7.0896E-03
39.6101	7.0857E-03
39.6213	7.0804E-03
39.6338	7.0744E-03
39.6547	7.0643E-03
39.6832	7.0506E-03
39.7403	7.0232E-03
39.8607	6.9651E-03
39.9811	6.9069E-03
40.1014	6.8487E-03
40.2218	6.7903E-03
40.3422	6.7318E-03
40.4626	6.6733E-03
40.5830	6.6146E-03
40.5833	6.6144E-03
40.5837	6.6143E-03
40.5840	6.6141E-03
40.7380	6.5389E-03
40.8920	6.4637E-03
41.0460	6.3884E-03
41.2000	6.3132E-03
41.3540	6.2379E-03
41.5080	6.1627E-03
41.6620	6.0874E-03
41.6623	6.0873E-03
41.6627	6.0871E-03
41.6630	6.0869E-03
41.6637	6.0866E-03
41.6644	6.0862E-03
41.6652	6.0859E-03
41.6659	6.0855E-03
41.6666	6.0852E-03
41.6673	6.0848E-03
41.6680	6.0845E-03
41.6732	6.0820E-03
41.6802	6.0785E-03
41.6874	6.0750E-03
41.6959	6.0708E-03
41.7061	6.0659E-03
41.7203	6.0590E-03
41.7394	6.0496E-03
41.7702	6.0346E-03
41.8241	6.0083E-03
42.2318	5.8098E-03
42.6630	5.6010E-03
42.6633	5.6009E-03
42.6637	5.6007E-03
42.6640	5.6006E-03
42.8190	5.5258E-03
42.9740	5.4514E-03
43.1290	5.3772E-03
43.2840	5.3033E-03
43.4390	5.2297E-03
43.5940	5.1564E-03
43.7490	5.0833E-03
43.7493	5.0832E-03
43.7497	5.0830E-03
43.7500	5.0829E-03
43.7507	5.0825E-03
43.7514	5.0822E-03
43.7522	5.0819E-03
43.7529	5.0815E-03
43.7536	5.0812E-03
43.7543	5.0808E-03
43.7550	5.0805E-03
43.7602	5.0781E-03
43.7663	5.0752E-03
43.7729	5.0721E-03
43.7802	5.0687E-03
43.7890	5.0645E-03
43.8003	5.0592E-03
43.8155	5.0521E-03
43.8370	5.0421E-03
43.8716	5.0258E-03
43.9393	4.9942E-03
44.0551	4.9402E-03
44.1709	4.8864E-03
44.2867	4.8328E-03
44.4025	4.7794E-03
44.5184	4.7263E-03
44.6342	4.6734E-03
44.7500	4.6207E-03
44.7503	4.6206E-03
44.7507	4.6204E-03
44.7510	4.6203E-03
44.7612	4.6157E-03
44.9141	4.5465E-03
45.0671	4.4778E-03
45.2201	4.4096E-03
45.3731	4.3418E-03
45.5260	4.2745E-03
45.6790	4.2077E-03
45.8320	4.1413E-03
45.8323	4.1412E-03
45.8327	4.1410E-03
45.8330	4.1409E-03
45.8337	4.1406E-03
45.8344	4.1403E-03
45.8352	4.1400E-03
45.8359	4.1397E-03
45.8366	4.1393E-03
45.8373	4.1390E-03
45.8380	4.1387E-03
45.8432	4.1365E-03
45.8488	4.1341E-03
45.8550	4.1314E-03
45.8614	4.1286E-03
45.8695	4.1252E-03
45.8791	4.1210E-03
45.8919	4.1155E-03
45.9088	4.1082E-03
45.9347	4.0971E-03
45.9780	4.0785E-03
46.0644	4.0416E-03
46.4902	3.8619E-03
46.5230	3.8483E-03
46.5559	3.8346E-03
46.5887	3.8210E-03
46.6215	3.8074E-03
46.6543	3.7939E-03
46.6872	3.7803E-03
46.7200	3.7668E-03
46.8330	3.7204E-03
46.8333	3.7203E-03
46.8337	3.7202E-03
46.8340	3.7200E-03
46.9880	3.6574E-03
47.1420	3.5953E-03
47.2960	3.5339E-03
47.4500	3.4730E-03
47.6040	3.4128E-03
47.7580	3.3531E-03
47.9120	3.2941E-03
47.9123	3.2940E-03
47.9127	3.2938E-03
47.9130	3.2937E-03
47.9137	3.2934E-03
47.9144	3.2931E-03
47.9152	3.2929E-03
47.9159	3.2926E-03
47.9166	3.2923E-03
47.9173	3.2920E-03
47.9180	3.2918E-03
47.9232	3.2898E-03
47.9284	3.2878E-03
47.9343	3.2856E-03
47.9402	3.2833E-03
47.9477	3.2805E-03
47.9561	3.2773E-03
47.9674	3.2730E-03
47.9815	3.2676E-03
48.0025	3.2597E-03
48.0341	3.2477E-03
48.0971	3.2240E-03
48.4823	3.0809E-03
48.5438	3.0584E-03
48.6054	3.0361E-03
48.6669	3.0138E-03
48.7284	2.9916E-03
48.7899	2.9696E-03
48.8515	2.9476E-03
48.9130	2.9257E-03
48.9131	2.9257E-03
48.9133	2.9256E-03
48.9137	2.9255E-03
48.9140	2.9254E-03
49.0690	2.8708E-03
49.2240	2.8168E-03
49.3790	2.7636E-03
49.5340	2.7109E-03
49.6890	2.6590E-03
49.8440	2.6076E-03
49.9990	2.5570E-03
49.9993	2.5569E-03
49.9997	2.5568E-03
50.0000	2.5567E-03
50.0007	2.5564E-03
50.0014	2.5562E-03
50.0022	2.5560E-03
50.0029	2.5557E-03
50.0036	2.5555E-03
50.0043	2.5553E-03
50.0050	2.5550E-03
50.0102	2.5534E-03
50.0152	2.5517E-03
50.0208	2.5499E-03
50.0263	2.5481E-03
50.0333	2.5459E-03
50.0410	2.5434E-03
50.0511	2.5401E-03
50.0633	2.5362E-03
50.0810	2.5305E-03
50.1059	2.5225E-03
50.1513	2.5079E-03
50.2421	2.4790E-03
50.4236	2.4220E-03
50.6379	2.3553E-03
50.6519	2.3510E-03
50.6999	2.3364E-03
50.9980	2.2466E-03
51.0000	2.2461E-03
51.0003	2.2460E-03
51.0007	2.2458E-03
51.0010	2.2458E-03
51.1554	2.2003E-03
51.3099	2.1555E-03
51.4643	2.1113E-03
51.6187	2.0678E-03
51.7731	2.0249E-03
51.9276	1.9827E-03
52.0820	1.9411E-03
52.0823	1.9410E-03
52.0827	1.9409E-03
52.0830	1.9408E-03
52.0837	1.9406E-03
52.0844	1.9404E-03
52.0852	1.9402E-03
52.0859	1.9400E-03
52.0866	1.9399E-03
52.0873	1.9397E-03
52.0880	1.9395E-03
52.0932	1.9381E-03
52.0979	1.9368E-03
52.1034	1.9354E-03
52.1086	1.9340E-03
52.1152	1.9322E-03
52.1223	1.9304E-03
52.1316	1.9279E-03
52.1424	1.9250E-03
52.1577	1.9209E-03
52.1783	1.9155E-03
52.2136	1.9062E-03
52.2776	1.8894E-03
52.3926	1.8595E-03
52.5077	1.8299E-03
52.6228	1.8006E-03
52.7378	1.7717E-03
52.8529	1.7432E-03
52.9679	1.7150E-03
53.0830	1.6872E-03
53.0833	1.6871E-03
53.0837	1.6870E-03
53.0840	1.6869E-03
53.2380	1.6502E-03
53.3920	1.6142E-03
53.5460	1.5787E-03
53.7000	1.5438E-03
53.8540	1.5095E-03
54.0080	1.4758E-03
54.1620	1.4427E-03
54.1623	1.4427E-03
54.1627	1.4426E-03
54.1630	1.4425E-03
54.1637	1.4424E-03
54.1644	1.4422E-03
54.1652	1.4421E-03
54.1659	1.4419E-03
54.1666	1.4418E-03
54.1673	1.4416E-03
54.1680	1.4414E-03
54.1732	1.4404E-03
54.1778	1.4394E-03
54.1831	1.4382E-03
54.1880	1.4372E-03
54.1943	1.4359E-03
54.2009	1.4345E-03
54.2095	1.4326E-03
54.2193	1.4306E-03
54.2329	1.4277E-03
54.2505	1.4240E-03
54.2792	1.4180E-03
54.3267	1.4080E-03
54.4217	1.3884E-03
55.1630	1.2418E-03
55.1633	1.2418E-03
55.1637	1.2417E-03
55.1640	1.2416E-03
55.3190	1.2127E-03
55.4740	1.1843E-03
55.6290	1.1564E-03
55.7840	1.1291E-03
55.9390	1.1023E-03
56.0940	1.0760E-03
56.2490	1.0503E-03
56.2493	1.0502E-03
56.2497	1.0501E-03
56.2500	1.0501E-03
56.2507	1.0500E-03
56.2514	1.0499E-03
56.2522	1.0497E-03
56.2529	1.0496E-03
56.2536	1.0495E-03
56.2543	1.0494E-03
56.2550	1.0493E-03
56.2595	1.0485E-03
56.2643	1.0477E-03
56.2692	1.0469E-03
56.2742	1.0461E-03
56.2799	1.0452E-03
56.2862	1.0442E-03
56.2939	1.0429E-03
56.3029	1.0414E-03
56.3146	1.0395E-03
56.3299	1.0370E-03
56.3524	1.0334E-03
56.3885	1.0276E-03
56.4608	1.0160E-03
56.5642	9.9957E-04
56.6677	9.8337E-04
56.7712	9.6738E-04
56.8746	9.5162E-04
56.9781	9.3608E-04
57.0815	9.2076E-04
57.1850	9.0565E-04
57.1860	9.0551E-04
57.2500	8.9628E-04
57.2503	8.9623E-04
57.2507	8.9618E-04
57.2510	8.9613E-04
57.4054	8.7423E-04
57.5599	8.5278E-04
57.7143	8.3176E-04
57.8687	8.1119E-04
58.0231	7.9107E-04
58.1776	7.7138E-04
58.3320	7.5214E-04
58.3323	7.5211E-04
58.3327	7.5206E-04
58.3330	7.5202E-04
58.3337	7.5193E-04
58.3344	7.5184E-04
58.3352	7.5175E-04
58.3359	7.5167E-04
58.3366	7.5158E-04
58.3373	7.5149E-04
58.3380	7.5140E-04
58.3424	7.5086E-04
58.3472	7.5028E-04
58.3519	7.4969E-04
58.3568	7.4910E-04
58.3622	7.4843E-04
58.3683	7.4768E-04
58.3758	7.4676E-04
58.3849	7.4566E-04
58.3966	7.4422E-04
58.4121	7.4234E-04
58.4349	7.3957E-04
58.4715	7.3514E-04
58.5449	7.2637E-04
58.6099	7.1872E-04
58.6749	7.1112E-04
58.7399	7.0356E-04
58.8049	6.9605E-04
58.8699	6.8858E-04
58.9349	6.8116E-04
58.9999	6.7378E-04
59.3330	6.3753E-04
59.3333	6.3750E-04
59.3337	6.3746E-04
59.3340	6.3742E-04
59.4880	6.2131E-04
59.6420	6.0554E-04
59.7960	5.9013E-04
59.9500	5.7507E-04
60.1040	5.6037E-04
60.2580	5.4602E-04
60.4120	5.3203E-04
60.4123	5.3200E-04
60.4127	5.3196E-04
60.4130	5.3194E-04
60.4137	5.3187E-04
60.4144	5.3181E-04
60.4152	5.3174E-04
60.4159	5.3168E-04
60.4166	5.3161E-04
60.4173	5.3155E-04
60.4180	5.3148E-04
60.4223	5.3110E-04
60.4271	5.3068E-04
60.4317	5.3026E-04
60.4365	5.2984E-04
60.4420	5.2934E-04
60.4486	5.2875E-04
60.4566	5.2804E-04
60.4665	5.2716E-04
60.4793	5.2602E-04
60.4967	5.2448E-04
60.5231	5.2215E-04
60.5686	5.1816E-04
60.6595	5.1030E-04
61.0563	4.7707E-04
61.4130	4.4901E-04
61.4133	4.4899E-04
61.4137	4.4896E-04
61.4140	4.4894E-04
61.5690	4.3728E-04
61.7240	4.2589E-04
61.8790	4.1478E-04
62.0340	4.0395E-04
62.1890	3.9339E-04
62.3440	3.8311E-04
62.4990	3.7310E-04
62.4993	3.7308E-04
62.4997	3.7305E-04
62.5000	3.7304E-04
62.5007	3.7299E-04
62.5014	3.7294E-04
62.5022	3.7290E-04
62.5029	3.7285E-04
62.5036	3.7281E-04
62.5043	3.7276E-04
62.5050	3.7271E-04
62.5093	3.7244E-04
62.5140	3.7215E-04
62.5185	3.7186E-04
62.5237	3.7153E-04
62.5297	3.7115E-04
62.5370	3.7069E-04
62.5457	3.7013E-04
62.5569	3.6943E-04
62.5716	3.6850E-04
62.5928	3.6717E-04
62.6264	3.6507E-04
62.6918	3.6103E-04
63.0852	3.3754E-04
63.5000	3.1445E-04
63.5003	3.1443E-04
63.5007	3.1441E-04
63.5010	3.1439E-04
64.5820	2.6148E-04
64.5823	2.6147E-04
64.5827	2.6145E-04
64.5830	2.6144E-04
64.5837	2.6141E-04
64.5844	2.6138E-04
64.5852	2.6134E-04
64.5859	2.6131E-04
64.5866	2.6128E-04
64.5873	2.6125E-04
64.5880	2.6122E-04
64.5922	2.6103E-04
64.5969	2.6082E-04
64.6019	2.6060E-04
64.6075	2.6035E-04
64.6143	2.6006E-04
64.6224	2.5970E-04
64.6325	2.5925E-04
64.6456	2.5867E-04
64.6637	2.5788E-04
64.6912	2.5668E-04
64.7400	2.5457E-04
64.8375	2.5041E-04
65.5830	2.2067E-04
65.5833	2.2066E-04
65.5837	2.2065E-04
65.5840	2.2064E-04
66.6620	1.8403E-04
66.6623	1.8402E-04
66.6627	1.8400E-04
66.6630	1.8399E-04
66.6637	1.8397E-04
66.6644	1.8395E-04
66.6652	1.8393E-04
66.6659	1.8391E-04
66.6666	1.8388E-04
66.6673	1.8386E-04
66.6680	1.8384E-04
66.6732	1.8368E-04
66.6778	1.8354E-04
66.6840	1.8335E-04
66.6899	1.8317E-04
66.6984	1.8291E-04
66.7075	1.8263E-04
66.7209	1.8222E-04
66.7371	1.8172E-04
66.7643	1.8090E-04
66.8061	1.7964E-04
66.8896	1.7716E-04
67.3319	1.6451E-04
67.3599	1.6374E-04
67.6630	1.5566E-04
67.6633	1.5565E-04
67.6637	1.5564E-04
67.6640	1.5564E-04
68.7490	1.2986E-04
68.7493	1.2986E-04
68.7497	1.2985E-04
68.7500	1.2984E-04
68.7507	1.2983E-04
68.7514	1.2981E-04
68.7522	1.2979E-04
68.7529	1.2978E-04
68.7536	1.2976E-04
68.7543	1.2975E-04
68.7550	1.2973E-04
68.7602	1.2962E-04
68.7656	1.2950E-04
68.7722	1.2936E-04
68.7793	1.2921E-04
68.7887	1.2900E-04
68.7999	1.2876E-04
68.8160	1.2842E-04
68.8379	1.2795E-04
68.8759	1.2714E-04
68.9476	1.2563E-04
69.3852	1.1673E-04
69.7500	1.0977E-04
69.7503	1.0976E-04
69.7507	1.0976E-04
69.7510	1.0975E-04
70.8320	9.1183E-05
70.8323	9.1178E-05
70.8327	9.1172E-05
70.8330	9.1167E-05
70.8337	9.1156E-05
70.8344	9.1144E-05
70.8352	9.1133E-05
70.8359	9.1121E-05
70.8366	9.1110E-05
70.8373	9.1098E-05
70.8380	9.1087E-05
70.8432	9.1006E-05
70.8496	9.0904E-05
70.8568	9.0789E-05
70.8652	9.0656E-05
70.8758	9.0488E-05
70.8899	9.0265E-05
70.9099	8.9950E-05
70.9410	8.9463E-05
71.8330	7.6251E-05
71.8331	7.6250E-05
71.8333	7.6247E-05
71.8337	7.6241E-05
71.8340	7.6237E-05
72.9120	6.2019E-05
72.9123	6.2015E-05
72.9127	6.2010E-05
72.9130	6.2007E-05
72.9137	6.1998E-05
72.9144	6.1989E-05
72.9152	6.1980E-05
72.9159	6.1971E-05
72.9166	6.1962E-05
72.9173	6.1953E-05
72.9180	6.1944E-05
72.9232	6.1880E-05
72.9308	6.1785E-05
72.9387	6.1688E-05
72.9488	6.1562E-05
72.9609	6.1413E-05
72.9790	6.1188E-05
73.0046	6.0872E-05
73.0518	6.0293E-05
73.1461	5.9145E-05
73.5428	5.4403E-05
73.9130	5.0135E-05
73.9133	5.0132E-05
73.9137	5.0127E-05
73.9140	5.0124E-05
74.9990	3.8321E-05
74.9993	3.8318E-05
74.9997	3.8314E-05
75.0000	3.8311E-05
75.0012	3.8298E-05
75.0025	3.8285E-05
75.0050	3.8258E-05
75.0102	3.8204E-05
75.0192	3.8110E-05
75.0278	3.8020E-05
75.0399	3.7894E-05
75.0538	3.7750E-05
75.0776	3.7502E-05
75.1113	3.7152E-05
75.1787	3.6455E-05
75.5864	3.2299E-05
75.6144	3.2018E-05
76.0000	2.8189E-05
76.0001	2.8188E-05
76.0003	2.8186E-05
76.0007	2.8182E-05
76.0010	2.8179E-05
77.0820	1.7867E-05
77.0823	1.7865E-05
77.0827	1.7861E-05
77.0830	1.7858E-05
77.0837	1.7851E-05
77.0844	1.7845E-05
77.0852	1.7838E-05
77.0859	1.7831E-05
77.0866	1.7825E-05
77.0873	1.7818E-05
77.0880	1.7811E-05
77.0932	1.7764E-05
77.1034	1.7669E-05
77.1129	1.7581E-05
77.1270	1.7450E-05
77.1429	1.7303E-05
77.1733	1.7023E-05
77.2181	1.6609E-05
77.3078	1.5785E-05
77.4872	1.4148E-05
77.7272	1.1971E-05
77.7552	1.1719E-05
78.0830	8.7929E-06
78.0833	8.7902E-06
78.0837	8.7867E-06
78.0840	8.7840E-06
79.1620	-5.4708E-07
79.1623	-5.4962E-07
79.1627	-5.5300E-07
79.1630	-5.5554E-07
79.1637	-5.6163E-07
79.1644	-5.6771E-07
79.1652	-5.7380E-07
79.1659	-5.7989E-07
79.1666	-5.8597E-07
79.1673	-5.9206E-07
79.1680	-5.9814E-07
79.1732	-6.4141E-07
79.1834	-7.2793E-07
79.1942	-8.1929E-07
79.2094	-9.4719E-07
79.2277	-1.1018E-06
79.2618	-1.3891E-06
79.3195	-1.8737E-06
79.7015	-5.0549E-06
80.1630	-8.8269E-06
80.1633	-8.8294E-06
80.1637	-8.8326E-06
80.1640	-8.8350E-06
81.2490	-1.7387E-05
81.2493	-1.7390E-05
81.2497	-1.7393E-05
81.2500	-1.7395E-05
81.2501	-1.7396E-05
81.2512	-1.7404E-05
81.2525	-1.7414E-05
81.2550	-1.7434E-05
81.2602	-1.7473E-05
81.2704	-1.7551E-05
81.2824	-1.7643E-05
81.2984	-1.7766E-05
81.3190	-1.7924E-05
81.3566	-1.8210E-05
81.5719	-1.9840E-05
82.2500	-2.4865E-05
82.2503	-2.4867E-05
82.2507	-2.4870E-05
82.2510	-2.4872E-05
83.3320	-3.2461E-05
83.3323	-3.2463E-05
83.3327	-3.2466E-05
83.3330	-3.2468E-05
83.3337	-3.2473E-05
83.3344	-3.2478E-05
83.3352	-3.2483E-05
83.3359	-3.2487E-05
83.3366	-3.2492E-05
83.3373	-3.2497E-05
83.3380	-3.2502E-05
83.3432	-3.2537E-05
83.3534	-3.2606E-05
83.3664	-3.2694E-05
83.3831	-3.2807E-05
83.4057	-3.2959E-05
83.4461	-3.3231E-05
83.5270	-3.3771E-05
84.0194	-3.7002E-05
84.3330	-3.8996E-05
84.3333	-3.8998E-05
84.3337	-3.9001E-05
84.3340	-3.9002E-05
85.4120	-4.5460E-05
85.4123	-4.5461E-05
85.4127	-4.5464E-05
85.4130	-4.5465E-05
85.4137	-4.5469E-05
85.4144	-4.5474E-05
85.4152	-4.5478E-05
85.4159	-4.5482E-05
85.4166	-4.5486E-05
85.4173	-4.5490E-05
85.4180	-4.5494E-05
85.4232	-4.5523E-05
85.4334	-4.5581E-05
85.4472	-4.5660E-05
85.4646	-4.5759E-05
85.4889	-4.5896E-05
85.5320	-4.6138E-05
85.6182	-4.6620E-05
86.0753	-4.9112E-05
86.4130	-5.0874E-05
86.4133	-5.0875E-05
86.4137	-5.0877E-05
86.4140	-5.0879E-05
87.4990	-5.6070E-05
87.4993	-5.6072E-05
87.4997	-5.6073E-05
87.5000	-5.6075E-05
87.5004	-5.6076E-05
87.5007	-5.6078E-05
87.5011	-5.6079E-05
87.5014	-5.6081E-05
87.5018	-5.6083E-05
87.5021	-5.6084E-05
87.5025	-5.6086E-05
87.5050	-5.6097E-05
87.5102	-5.6120E-05
87.5204	-5.6165E-05
87.5351	-5.6231E-05
87.5532	-5.6310E-05
87.5793	-5.6425E-05
87.6252	-5.6626E-05
87.7170	-5.7023E-05
88.1397	-5.8790E-05
88.5000	-6.0204E-05
88.5003	-6.0206E-05
88.5007	-6.0207E-05
88.5010	-6.0208E-05
89.5820	-6.3941E-05
89.5823	-6.3941E-05
89.5827	-6.3943E-05
89.5830	-6.3944E-05
89.5837	-6.3946E-05
89.5844	-6.3948E-05
89.5852	-6.3950E-05
89.5859	-6.3953E-05
89.5866	-6.3955E-05
89.5873	-6.3957E-05
89.5880	-6.3959E-05
89.5932	-6.3975E-05
89.6034	-6.4007E-05
89.6193	-6.4055E-05
89.6381	-6.4113E-05
89.6665	-6.4200E-05
89.7161	-6.4349E-05
90.5830	-6.6706E-05
90.5833	-6.6707E-05
90.5837	-6.6708E-05
90.5840	-6.6708E-05
91.6620	-6.8939E-05
91.6623	-6.8940E-05
91.6627	-6.8940E-05
91.6630	-6.8941E-05
91.6637	-6.8942E-05
91.6644	-6.8943E-05
91.6652	-6.8945E-05
91.6659	-6.8946E-05
91.6666	-6.8947E-05
91.6673	-6.8948E-05
91.6680	-6.8950E-05
91.6732	-6.8958E-05
91.6834	-6.8976E-05
91.7008	-6.9005E-05
91.7208	-6.9039E-05
91.7526	-6.9091E-05
92.6630	-7.0324E-05
92.6633	-7.0324E-05
92.6637	-7.0325E-05
92.6640	-7.0325E-05
93.7490	-7.1096E-05
93.7493	-7.1096E-05
93.7497	-7.1096E-05
93.7500	-7.1096E-05
93.7507	-7.1097E-05
93.7514	-7.1097E-05
93.7522	-7.1097E-05
93.7529	-7.1097E-05
93.7536	-7.1098E-05
93.7543	-7.1098E-05
93.7550	-7.1098E-05
93.7602	-7.1100E-05
93.7704	-7.1104E-05
93.7903	-7.1111E-05
93.8119	-7.1118E-05
93.8492	-7.1129E-05
94.4200	-7.1203E-05
94.7500	-7.1158E-05
94.7510	-7.1158E-05
95.8320	-7.0560E-05
95.8323	-7.0560E-05
95.8327	-7.0559E-05
95.8330	-7.0559E-05
95.8337	-7.0559E-05
95.8344	-7.0558E-05
95.8352	-7.0557E-05
95.8359	-7.0557E-05
95.8366	-7.0556E-05
95.8373	-7.0555E-05
95.8380	-7.0555E-05
95.8432	-7.0550E-05
95.8534	-7.0541E-05
95.8739	-7.0523E-05
95.8998	-7.0500E-05
95.9426	-7.0461E-05
96.1830	-7.0218E-05
96.8330	-6.9429E-05
96.8333	-6.9428E-05
96.8337	-6.9428E-05
96.8340	-6.9427E-05
97.9120	-6.7635E-05
97.9123	-6.7634E-05
97.9127	-6.7634E-05
97.9130	-6.7633E-05
97.9137	-6.7632E-05
97.9144	-6.7630E-05
97.9152	-6.7629E-05
97.9159	-6.7627E-05
97.9166	-6.7626E-05
97.9173	-6.7625E-05
97.9180	-6.7623E-05
97.9232	-6.7613E-05
97.9334	-6.7594E-05
97.9539	-6.7554E-05
97.9894	-6.7484E-05
98.0424	-6.7380E-05
98.1668	-6.7129E-05
98.2911	-6.6871E-05
98.4155	-6.6607E-05
98.5399	-6.6337E-05
98.6643	-6.6059E-05
98.7886	-6.5775E-05
98.9130	-6.5484E-05
98.9133	-6.5483E-05
98.9137	-6.5482E-05
98.9140	-6.5482E-05
99.9990	-6.2676E-05
99.9993	-6.2675E-05
99.9997	-6.2674E-05
100.0000	-6.2673E-05
100.0007	-6.2671E-05
100.0014	-6.2669E-05
100.0022	-6.2667E-05
100.0029	-6.2665E-05
100.0036	-6.2663E-05
100.0043	-6.2661E-05
100.0050	-6.2659E-05
100.0102	-6.2645E-05
100.0204	-6.2616E-05
100.0409	-6.2559E-05
100.0818	-6.2443E-05
100.8870	-6.0055E-05
101.0000	-5.9702E-05
101.0003	-5.9701E-05
101.0007	-5.9700E-05
101.0010	-5.9699E-05
102.0820	-5.6127E-05
102.0823	-5.6126E-05
102.0827	-5.6125E-05
102.0830	-5.6124E-05
102.0837	-5.6121E-05
102.0844	-5.6119E-05
102.0852	-5.6116E-05
102.0859	-5.6114E-05
102.0866	-5.6111E-05
102.0873	-5.6109E-05
102.0880	-5.6106E-05
102.0932	-5.6089E-05
102.1034	-5.6053E-05
102.1239	-5.5982E-05
102.1648	-5.5840E-05
102.2291	-5.5615E-05
102.3488	-5.5194E-05
102.4685	-5.4770E-05
102.5882	-5.4343E-05
102.7079	-5.3912E-05
102.8276	-5.3477E-05
102.9473	-5.3039E-05
103.0670	-5.2597E-05
103.0830	-5.2538E-05
103.0833	-5.2537E-05
103.0837	-5.2535E-05
103.0840	-5.2534E-05
104.1620	-4.8420E-05
104.1623	-4.8419E-05
104.1627	-4.8418E-05
104.1630	-4.8416E-05
104.1637	-4.8414E-05
104.1644	-4.8411E-05
104.1652	-4.8408E-05
104.1659	-4.8405E-05
104.1666	-4.8402E-05
104.1673	-4.8399E-05
104.1680	-4.8397E-05
104.1732	-4.8377E-05
104.1834	-4.8336E-05
104.2039	-4.8256E-05
104.2350	-4.8133E-05
104.2835	-4.7943E-05
104.5739	-4.6790E-05
104.6580	-4.6454E-05
104.7422	-4.6118E-05
104.8264	-4.5780E-05
104.9105	-4.5441E-05
104.9947	-4.5100E-05
105.0788	-4.4759E-05
105.1630	-4.4416E-05
105.1633	-4.4415E-05
105.1637	-4.4413E-05
105.1640	-4.4412E-05
106.2490	-3.9922E-05
106.2493	-3.9921E-05
106.2497	-3.9919E-05
106.2500	-3.9918E-05
106.2507	-3.9915E-05
106.2514	-3.9912E-05
106.2522	-3.9909E-05
106.2529	-3.9906E-05
106.2536	-3.9903E-05
106.2543	-3.9900E-05
106.2550	-3.9897E-05
106.2602	-3.9875E-05
106.2704	-3.9832E-05
106.2909	-3.9746E-05
106.3170	-3.9637E-05
106.3600	-3.9456E-05
106.6024	-3.8433E-05
107.1850	-3.5961E-05
107.2500	-3.5683E-05
107.2503	-3.5682E-05
107.2507	-3.5680E-05
107.2510	-3.5679E-05
108.3320	-3.1039E-05
108.3323	-3.1038E-05
108.3327	-3.1036E-05
108.3330	-3.1035E-05
108.3337	-3.1032E-05
108.3344	-3.1029E-05
108.3352	-3.1025E-05
108.3359	-3.1022E-05
108.3366	-3.1019E-05
108.3373	-3.1016E-05
108.3380	-3.1013E-05
108.3432	-3.0991E-05
108.3534	-3.0947E-05
108.3739	-3.0859E-05
108.3974	-3.0757E-05
108.4376	-3.0584E-05
109.3330	-2.6719E-05
109.3333	-2.6718E-05
109.3337	-2.6716E-05
109.3340	-2.6715E-05
110.4120	-2.2072E-05
110.4123	-2.2071E-05
110.4127	-2.2069E-05
110.4130	-2.2068E-05
110.4137	-2.2065E-05
110.4144	-2.2062E-05
110.4152	-2.2059E-05
110.4159	-2.2056E-05
110.4166	-2.2053E-05
110.4173	-2.2049E-05
110.4180	-2.2046E-05
110.4232	-2.2024E-05
110.4334	-2.1980E-05
110.4539	-2.1893E-05
110.4760	-2.1798E-05
110.5147	-2.1632E-05
111.4130	-1.7796E-05
111.4133	-1.7795E-05
111.4137	-1.7793E-05
111.4140	-1.7792E-05
112.4990	-1.3221E-05
112.4993	-1.3220E-05
112.4997	-1.3218E-05
112.5000	-1.3217E-05
112.5007	-1.3214E-05
112.5014	-1.3211E-05
112.5022	-1.3208E-05
112.5029	-1.3205E-05
112.5036	-1.3202E-05
112.5043	-1.3199E-05
112.5050	-1.3196E-05
112.5102	-1.3174E-05
112.5204	-1.3131E-05
112.5402	-1.3049E-05
112.5619	-1.2958E-05
112.5990	-1.2804E-05
113.4268	-9.3816E-06
113.5000	-9.0819E-06
113.5003	-9.0806E-06
113.5007	-9.0790E-06
113.5010	-9.0778E-06
114.5820	-4.7103E-06
114.5823	-4.7091E-06
114.5827	-4.7075E-06
114.5830	-4.7063E-06
114.5837	-4.7034E-06
114.5844	-4.7006E-06
114.5852	-4.6977E-06
114.5859	-4.6948E-06
114.5866	-4.6919E-06
114.5873	-4.6891E-06
114.5880	-4.6862E-06
114.5932	-4.6658E-06
114.6034	-4.6250E-06
114.6230	-4.5471E-06
114.6444	-4.4618E-06
114.6809	-4.3165E-06
115.5830	-7.7329E-07
115.5833	-7.7213E-07
115.5837	-7.7057E-07
115.5840	-7.6941E-07
116.6620	3.3441E-06
116.6623	3.3453E-06
116.6627	3.3468E-06
116.6630	3.3479E-06
116.6637	3.3506E-06
116.6644	3.3533E-06
116.6652	3.3560E-06
116.6659	3.3587E-06
116.6666	3.3614E-06
116.6673	3.3641E-06
116.6680	3.3668E-06
116.6732	3.3860E-06
116.6834	3.4244E-06
116.7030	3.4978E-06
116.7244	3.5781E-06
116.7610	3.7148E-06
117.6630	7.0396E-06
117.6633	7.0407E-06
117.6637	7.0421E-06
117.6640	7.0432E-06
118.7490	1.0908E-05
118.7493	1.0909E-05
118.7497	1.0911E-05
118.7500	1.0912E-05
118.7507	1.0914E-05
118.7514	1.0917E-05
118.7522	1.0919E-05
118.7529	1.0922E-05
118.7536	1.0924E-05
118.7543	1.0927E-05
118.7550	1.0929E-05
118.7602	1.0947E-05
118.7704	1.0983E-05
118.7902	1.1052E-05
118.8118	1.1128E-05
118.8489	1.1257E-05
119.5770	1.3758E-05
119.7500	1.4342E-05
119.7503	1.4343E-05
119.7507	1.4344E-05
119.7510	1.4345E-05
120.8320	1.7910E-05
120.8323	1.7911E-05
120.8327	1.7912E-05
120.8330	1.7913E-05
120.8337	1.7915E-05
120.8344	1.7918E-05
120.8352	1.7920E-05
120.8359	1.7922E-05
120.8366	1.7925E-05
120.8373	1.7927E-05
120.8380	1.7929E-05
120.8432	1.7946E-05
120.8534	1.7979E-05
120.8736	1.8044E-05
120.8955	1.8115E-05
120.9336	1.8237E-05
121.8330	2.1078E-05
121.8333	2.1079E-05
121.8337	2.1081E-05
121.8340	2.1082E-05
122.9120	2.4354E-05
122.9123	2.4355E-05
122.9127	2.4356E-05
122.9130	2.4357E-05
122.9137	2.4359E-05
122.9144	2.4361E-05
122.9152	2.4363E-05
122.9159	2.4365E-05
122.9166	2.4367E-05
122.9173	2.4370E-05
122.9180	2.4372E-05
122.9232	2.4387E-05
122.9334	2.4417E-05
122.9539	2.4478E-05
122.9763	2.4544E-05
123.0154	2.4660E-05
123.9130	2.7265E-05
123.9133	2.7266E-05
123.9137	2.7267E-05
123.9140	2.7268E-05
124.9990	3.0289E-05
124.9993	3.0290E-05
124.9997	3.0291E-05
125.0000	3.0292E-05
125.0007	3.0294E-05
125.0014	3.0296E-05
125.0022	3.0298E-05
125.0029	3.0300E-05
125.0036	3.0302E-05
125.0043	3.0304E-05
125.0050	3.0306E-05
125.0102	3.0320E-05
125.0204	3.0348E-05
125.0409	3.0403E-05
125.0641	3.0466E-05
125.1040	3.0574E-05
125.8550	3.2578E-05
126.0000	3.2957E-05
126.0003	3.2958E-05
126.0007	3.2959E-05
126.0010	3.2960E-05
127.0820	3.5717E-05
127.0823	3.5718E-05
127.0827	3.5719E-05
127.0830	3.5720E-05
127.0837	3.5721E-05
127.0844	3.5723E-05
127.0852	3.5725E-05
127.0859	3.5727E-05
127.0866	3.5729E-05
127.0873	3.5730E-05
127.0880	3.5732E-05
127.0932	3.5745E-05
127.1034	3.5771E-05
127.1239	3.5822E-05
127.1480	3.5881E-05
127.1889	3.5983E-05
128.0830	3.8161E-05
128.0833	3.8161E-05
128.0837	3.8162E-05
128.0840	3.8163E-05
129.1620	4.0682E-05
129.1623	4.0683E-05
129.1627	4.0683E-05
129.1630	4.0684E-05
129.1637	4.0686E-05
129.1644	4.0687E-05
129.1652	4.0689E-05
129.1659	4.0691E-05
129.1666	4.0692E-05
129.1673	4.0694E-05
129.1680	4.0696E-05
129.1732	4.0707E-05
129.1834	4.0731E-05
129.2039	4.0777E-05
129.2290	4.0835E-05
129.2709	4.0930E-05
129.5022	4.1452E-05
130.1630	4.2921E-05
130.1633	4.2922E-05
130.1637	4.2923E-05
130.1640	4.2923E-05
131.2490	4.5247E-05
131.2493	4.5248E-05
131.2497	4.5249E-05
131.2500	4.5249E-05
131.2507	4.5251E-05
131.2514	4.5252E-05
131.2522	4.5254E-05
131.2529	4.5255E-05
131.2536	4.5257E-05
131.2543	4.5258E-05
131.2550	4.5260E-05
131.2602	4.5271E-05
131.2704	4.5292E-05
131.2909	4.5335E-05
131.3171	4.5390E-05
131.3602	4.5479E-05
131.6041	4.5984E-05
132.1920	4.7184E-05
132.2500	4.7301E-05
132.2503	4.7301E-05
132.2507	4.7302E-05
132.2510	4.7303E-05
133.3320	4.9428E-05
133.3323	4.9428E-05
133.3327	4.9429E-05
133.3330	4.9430E-05
133.3337	4.9431E-05
133.3344	4.9433E-05
133.3352	4.9434E-05
133.3359	4.9435E-05
133.3366	4.9437E-05
133.3373	4.9438E-05
133.3380	4.9439E-05
133.3432	4.9449E-05
133.3534	4.9469E-05
133.3739	4.9508E-05
133.4012	4.9561E-05
133.4456	4.9646E-05
133.7032	5.0135E-05
134.3330	5.1314E-05
134.3333	5.1315E-05
134.3337	5.1315E-05
134.3340	5.1316E-05
135.4120	5.3264E-05
135.4123	5.3264E-05
135.4127	5.3265E-05
135.4130	5.3265E-05
135.4137	5.3267E-05
135.4144	5.3268E-05
135.4152	5.3269E-05
135.4159	5.3271E-05
135.4166	5.3272E-05
135.4173	5.3273E-05
135.4180	5.3274E-05
135.4232	5.3283E-05
135.4334	5.3301E-05
135.4539	5.3338E-05
135.4825	5.3388E-05
135.5281	5.3468E-05
135.8002	5.3944E-05
136.4130	5.4998E-05
136.4133	5.4999E-05
136.4137	5.5000E-05
136.4140	5.5000E-05
137.4990	5.6804E-05
137.4993	5.6804E-05
137.4997	5.6805E-05
137.5000	5.6805E-05
137.5007	5.6806E-05
137.5014	5.6807E-05
137.5022	5.6809E-05
137.5029	5.6810E-05
137.5036	5.6811E-05
137.5043	5.6812E-05
137.5050	5.6813E-05
137.5102	5.6822E-05
137.5204	5.6838E-05
137.5409	5.6872E-05
137.5707	5.6920E-05
137.6177	5.6996E-05
137.8997	5.7449E-05
137.9826	5.7582E-05
138.0655	5.7714E-05
138.1484	5.7846E-05
138.2313	5.7977E-05
138.3142	5.8108E-05
138.3971	5.8239E-05
138.4800	5.8368E-05
138.4880	5.8381E-05
138.5000	5.8400E-05
138.5003	5.8400E-05
138.5007	5.8401E-05
138.5010	5.8401E-05
139.5820	6.0055E-05
139.5823	6.0055E-05
139.5827	6.0056E-05
139.5830	6.0056E-05
139.5837	6.0057E-05
139.5844	6.0058E-05
139.5852	6.0059E-05
139.5859	6.0061E-05
139.5866	6.0062E-05
139.5873	6.0063E-05
139.5880	6.0064E-05
139.5932	6.0071E-05
139.6034	6.0087E-05
139.6239	6.0117E-05
139.6550	6.0164E-05
139.7034	6.0236E-05
139.9937	6.0665E-05
140.0779	6.0789E-05
140.1620	6.0913E-05
140.2462	6.1036E-05
140.3304	6.1159E-05
140.4146	6.1281E-05
140.4988	6.1402E-05
140.5830	6.1524E-05
140.5833	6.1524E-05
140.5837	6.1525E-05
140.5840	6.1525E-05
141.6620	6.3043E-05
141.6623	6.3043E-05
141.6627	6.3043E-05
141.6630	6.3044E-05
141.6637	6.3045E-05
141.6644	6.3046E-05
141.6652	6.3047E-05
141.6659	6.3048E-05
141.6666	6.3049E-05
141.6673	6.3050E-05
141.6680	6.3051E-05
141.6732	6.3058E-05
141.6834	6.3072E-05
141.7039	6.3100E-05
141.7364	6.3145E-05
141.7862	6.3213E-05
142.0849	6.3620E-05
142.6630	6.4394E-05
142.6633	6.4394E-05
142.6637	6.4395E-05
142.6640	6.4395E-05
143.7490	6.5799E-05
143.7493	6.5800E-05
143.7497	6.5800E-05
143.7500	6.5800E-05
143.7507	6.5801E-05
143.7514	6.5802E-05
143.7522	6.5803E-05
143.7529	6.5804E-05
143.7536	6.5805E-05
143.7543	6.5806E-05
143.7550	6.5807E-05
143.7602	6.5813E-05
143.7704	6.5826E-05
143.7909	6.5852E-05
143.8248	6.5895E-05
143.8760	6.5959E-05
144.1836	6.6344E-05
144.7500	6.7040E-05
144.7503	6.7041E-05
144.7507	6.7041E-05
144.7510	6.7042E-05
144.7535	6.7045E-05
145.8320	6.8325E-05
145.8323	6.8326E-05
145.8327	6.8326E-05
145.8330	6.8326E-05
145.8337	6.8327E-05
145.8344	6.8328E-05
145.8352	6.8329E-05
145.8359	6.8330E-05
145.8366	6.8331E-05
145.8373	6.8331E-05
145.8380	6.8332E-05
145.8432	6.8338E-05
145.8534	6.8350E-05
145.8739	6.8374E-05
145.9092	6.8415E-05
145.9620	6.8476E-05
146.0864	6.8619E-05
146.2108	6.8762E-05
146.3353	6.8903E-05
146.4597	6.9044E-05
146.5841	6.9185E-05
146.7086	6.9324E-05
146.8330	6.9463E-05
146.8333	6.9464E-05
146.8337	6.9464E-05
146.8340	6.9464E-05
147.9120	7.0637E-05
147.9123	7.0637E-05
147.9127	7.0638E-05
147.9130	7.0638E-05
147.9137	7.0639E-05
147.9144	7.0640E-05
147.9152	7.0640E-05
147.9159	7.0641E-05
147.9166	7.0642E-05
147.9173	7.0643E-05
147.9180	7.0643E-05
147.9232	7.0649E-05
147.9334	7.0660E-05
147.9539	7.0681E-05
147.9907	7.0721E-05
148.0451	7.0778E-05
148.1691	7.0909E-05
148.2931	7.1039E-05
148.4170	7.1168E-05
148.5410	7.1296E-05
148.6650	7.1424E-05
148.7890	7.1552E-05
148.9130	7.1678E-05
148.9133	7.1678E-05
148.9137	7.1679E-05
148.9140	7.1679E-05
149.9990	7.2757E-05
149.9993	7.2757E-05
149.9997	7.2758E-05
150.0000	7.2758E-05
150.0007	7.2759E-05
150.0014	7.2759E-05
150.0022	7.2760E-05
150.0029	7.2761E-05
150.0036	7.2762E-05
150.0043	7.2762E-05
150.0050	7.2763E-05
150.0102	7.2768E-05
150.0204	7.2778E-05
150.0409	7.2798E-05
150.0793	7.2835E-05
150.1354	7.2889E-05
150.2589	7.3008E-05
150.3824	7.3126E-05
150.5059	7.3243E-05
150.6294	7.3360E-05
150.7530	7.3476E-05
150.8765	7.3592E-05
151.0000	7.3707E-05
151.0003	7.3707E-05
151.0007	7.3707E-05
151.0010	7.3708E-05
151.6593	7.4309E-05
152.0820	7.4686E-05
152.0823	7.4686E-05
152.0827	7.4686E-05
152.0830	7.4687E-05
152.0837	7.4687E-05
152.0844	7.4688E-05
152.0852	7.4688E-05
152.0859	7.4689E-05
152.0866	7.4690E-05
152.0873	7.4690E-05
152.0880	7.4691E-05
152.0932	7.4695E-05
152.1034	7.4705E-05
152.1239	7.4723E-05
152.1640	7.4758E-05
152.2218	7.4809E-05
153.0830	7.5549E-05
153.0833	7.5549E-05
153.0837	7.5550E-05
153.0840	7.5550E-05
154.1620	7.6436E-05
154.1623	7.6436E-05
154.1627	7.6436E-05
154.1630	7.6436E-05
154.1637	7.6437E-05
154.1644	7.6437E-05
154.1652	7.6438E-05
154.1659	7.6439E-05
154.1666	7.6439E-05
154.1673	7.6440E-05
154.1680	7.6440E-05
154.1732	7.6444E-05
154.1834	7.6453E-05
154.2039	7.6469E-05
154.2448	7.6502E-05
154.3049	7.6550E-05
154.4275	7.6647E-05
154.5501	7.6743E-05
154.6727	7.6840E-05
154.7953	7.6935E-05
154.9178	7.7030E-05
155.0404	7.7124E-05
155.1630	7.7218E-05
155.1637	7.7219E-05
155.1640	7.7219E-05
156.2490	7.8026E-05
156.2493	7.8026E-05
156.2497	7.8026E-05
156.2500	7.8027E-05
156.2507	7.8027E-05
156.2514	7.8028E-05
156.2522	7.8028E-05
156.2529	7.8029E-05
156.2536	7.8029E-05
156.2543	7.8030E-05
156.2550	7.8030E-05
156.2602	7.8034E-05
156.2704	7.8041E-05
156.2909	7.8056E-05
156.3318	7.8086E-05
156.3948	7.8131E-05
156.5054	7.8210E-05
156.6160	7.8289E-05
156.7267	7.8368E-05
156.8373	7.8446E-05
156.9480	7.8523E-05
157.0586	7.8600E-05
157.1692	7.8677E-05
157.2500	7.8733E-05
157.2503	7.8733E-05
157.2510	7.8734E-05
157.9213	7.9188E-05
158.3320	7.9459E-05
158.3323	7.9459E-05
158.3327	7.9459E-05
158.3330	7.9459E-05
158.3337	7.9460E-05
158.3344	7.9460E-05
158.3352	7.9461E-05
158.3359	7.9461E-05
158.3366	7.9462E-05
158.3373	7.9462E-05
158.3380	7.9463E-05
158.3432	7.9466E-05
158.3534	7.9473E-05
158.3739	7.9486E-05
158.4148	7.9513E-05
158.4808	7.9555E-05
158.5980	7.9631E-05
158.7151	7.9706E-05
158.8323	7.9781E-05
158.9495	7.9855E-05
159.0667	7.9929E-05
159.1838	8.0003E-05
159.3010	8.0076E-05
159.3330	8.0096E-05
159.3337	8.0096E-05
159.3340	8.0096E-05
160.4120	8.0747E-05
160.4123	8.0747E-05
160.4127	8.0747E-05
160.4130	8.0747E-05
160.4137	8.0748E-05
160.4144	8.0748E-05
160.4152	8.0748E-05
160.4159	8.0749E-05
160.4166	8.0749E-05
160.4173	8.0750E-05
160.4180	8.0750E-05
160.4232	8.0753E-05
160.4334	8.0759E-05
160.4539	8.0771E-05
160.4948	8.0795E-05
160.5641	8.0835E-05
160.6854	8.0906E-05
160.8066	8.0976E-05
160.9279	8.1045E-05
161.0492	8.1114E-05
161.1705	8.1183E-05
161.2917	8.1251E-05
161.4130	8.1319E-05
161.4137	8.1319E-05
161.4140	8.1319E-05
162.4990	8.1906E-05
162.4993	8.1906E-05
162.4997	8.1906E-05
162.5000	8.1907E-05
162.5007	8.1907E-05
162.5014	8.1907E-05
162.5022	8.1908E-05
162.5029	8.1908E-05
162.5036	8.1909E-05
162.5043	8.1909E-05
162.5050	8.1909E-05
162.5102	8.1912E-05
162.5204	8.1917E-05
162.5409	8.1928E-05
162.5818	8.1950E-05
162.6547	8.1988E-05
162.7754	8.2050E-05
162.8962	8.2113E-05
163.0169	8.2175E-05
163.1377	8.2236E-05
163.2585	8.2297E-05
163.3792	8.2358E-05
163.5000	8.2418E-05
163.5007	8.2419E-05
163.5010	8.2419E-05
164.4113	8.2861E-05
164.5820	8.2942E-05
164.5823	8.2942E-05
164.5827	8.2942E-05
164.5830	8.2942E-05
164.5837	8.2942E-05
164.5844	8.2943E-05
164.5852	8.2943E-05
164.5859	8.2943E-05
164.5866	8.2944E-05
164.5873	8.2944E-05
164.5880	8.2944E-05
164.5932	8.2947E-05
164.6034	8.2952E-05
164.6239	8.2961E-05
164.6648	8.2980E-05
164.7415	8.3016E-05
164.8617	8.3072E-05
164.9820	8.3127E-05
165.1022	8.3182E-05
165.2224	8.3237E-05
165.3426	8.3291E-05
165.4628	8.3345E-05
165.5830	8.3399E-05
165.5837	8.3399E-05
165.5840	8.3399E-05
166.6620	8.3864E-05
166.6623	8.3865E-05
166.6627	8.3865E-05
166.6630	8.3865E-05
166.6637	8.3865E-05
166.6644	8.3865E-05
166.6652	8.3866E-05
166.6659	8.3866E-05
166.6666	8.3866E-05
166.6673	8.3867E-05
166.6680	8.3867E-05
166.6732	8.3869E-05
166.6834	8.3873E-05
166.7039	8.3882E-05
166.7448	8.3899E-05
166.8257	8.3933E-05
166.9453	8.3982E-05
167.0649	8.4031E-05
167.1846	8.4080E-05
167.3042	8.4128E-05
167.4238	8.4177E-05
167.5434	8.4224E-05
167.6630	8.4272E-05
167.6637	8.4272E-05
167.6640	8.4272E-05
168.7490	8.4689E-05
168.7493	8.4689E-05
168.7497	8.4689E-05
168.7500	8.4689E-05
168.7507	8.4689E-05
168.7514	8.4690E-05
168.7522	8.4690E-05
168.7529	8.4690E-05
168.7536	8.4690E-05
168.7543	8.4691E-05
168.7550	8.4691E-05
168.7602	8.4693E-05
168.7704	8.4697E-05
168.7909	8.4704E-05
168.8318	8.4719E-05
168.9138	8.4750E-05
169.0332	8.4793E-05
169.1527	8.4837E-05
169.2721	8.4880E-05
169.3916	8.4923E-05
169.5111	8.4966E-05
169.6305	8.5008E-05
169.7500	8.5051E-05
169.7507	8.5051E-05
169.7510	8.5051E-05
170.7690	8.5398E-05
170.8320	8.5419E-05
170.8323	8.5419E-05
170.8327	8.5419E-05
170.8330	8.5419E-05
170.8337	8.5420E-05
170.8344	8.5420E-05
170.8352	8.5420E-05
170.8359	8.5420E-05
170.8366	8.5421E-05
170.8373	8.5421E-05
170.8380	8.5421E-05
170.8432	8.5423E-05
170.8534	8.5426E-05
170.8739	8.5433E-05
170.9148	8.5446E-05
170.9968	8.5473E-05
171.1162	8.5512E-05
171.2357	8.5551E-05
171.3551	8.5589E-05
171.4746	8.5627E-05
171.5941	8.5665E-05
171.7135	8.5702E-05
171.8330	8.5740E-05
171.8337	8.5740E-05
171.8340	8.5740E-05
172.9120	8.6065E-05
172.9123	8.6065E-05
172.9127	8.6065E-05
172.9130	8.6065E-05
172.9137	8.6066E-05
172.9144	8.6066E-05
172.9152	8.6066E-05
172.9159	8.6066E-05
172.9166	8.6066E-05
172.9173	8.6067E-05
172.9180	8.6067E-05
172.9232	8.6068E-05
172.9334	8.6071E-05
172.9539	8.6077E-05
172.9948	8.6089E-05
173.0768	8.6113E-05
173.9130	8.6349E-05
173.9137	8.6349E-05
173.9140	8.6349E-05
174.9990	8.6638E-05
174.9993	8.6638E-05
174.9997	8.6638E-05
175.0000	8.6638E-05
175.0007	8.6638E-05
175.0014	8.6638E-05
175.0022	8.6639E-05
175.0029	8.6639E-05
175.0036	8.6639E-05
175.0043	8.6639E-05
175.0050	8.6639E-05
175.0102	8.6641E-05
175.0204	8.6643E-05
175.0409	8.6648E-05
175.0818	8.6659E-05
175.3276	8.6721E-05
176.0000	8.6888E-05
176.0010	8.6888E-05
177.0660	8.7138E-05
177.0820	8.7141E-05
177.0823	8.7141E-05
177.0827	8.7141E-05
177.0830	8.7141E-05
177.0837	8.7142E-05
177.0844	8.7142E-05
177.0852	8.7142E-05
177.0859	8.7142E-05
177.0866	8.7142E-05
177.0873	8.7142E-05
177.0880	8.7143E-05
177.0932	8.7144E-05
177.1034	8.7146E-05
177.1239	8.7151E-05
177.1648	8.7160E-05
177.4106	8.7215E-05
178.0830	8.7361E-05
178.0840	8.7361E-05
179.1620	8.7583E-05
179.1623	8.7583E-05
179.1627	8.7583E-05
179.1630	8.7583E-05
179.1637	8.7583E-05
179.1644	8.7583E-05
179.1652	8.7583E-05
179.1659	8.7583E-05
179.1666	8.7584E-05
179.1673	8.7584E-05
179.1680	8.7584E-05
179.1732	8.7585E-05
179.1834	8.7587E-05
179.2039	8.7591E-05
179.2448	8.7599E-05
180.1630	8.7775E-05
180.1640	8.7775E-05
181.2490	8.7970E-05
181.2493	8.7970E-05
181.2497	8.7970E-05
181.2500	8.7971E-05
181.2507	8.7971E-05
181.2514	8.7971E-05
181.2522	8.7971E-05
181.2529	8.7971E-05
181.2536	8.7971E-05
181.2543	8.7971E-05
181.2550	8.7971E-05
181.2602	8.7972E-05
181.2704	8.7974E-05
181.2909	8.7978E-05
181.3318	8.7985E-05
182.2500	8.8138E-05
182.2510	8.8138E-05
183.3320	8.8307E-05
183.3321	8.8307E-05
183.3323	8.8307E-05
183.3327	8.8307E-05
183.3330	8.8308E-05
183.3337	8.8308E-05
183.3344	8.8308E-05
183.3352	8.8308E-05
183.3359	8.8308E-05
183.3366	8.8308E-05
183.3373	8.8308E-05
183.3380	8.8308E-05
183.3432	8.8309E-05
183.3534	8.8311E-05
183.3739	8.8314E-05
183.4148	8.8320E-05
184.3330	8.8453E-05
184.3340	8.8453E-05
185.4120	8.8599E-05
185.4123	8.8599E-05
185.4127	8.8599E-05
185.4130	8.8599E-05
185.4137	8.8599E-05
185.4144	8.8599E-05
185.4152	8.8599E-05
185.4159	8.8600E-05
185.4166	8.8600E-05
185.4173	8.8600E-05
185.4180	8.8600E-05
185.4232	8.8600E-05
185.4334	8.8602E-05
185.4539	8.8604E-05
185.4948	8.8610E-05
186.4130	8.8725E-05
186.4140	8.8725E-05
187.4990	8.8851E-05
187.4993	8.8851E-05
187.4997	8.8851E-05
187.5000	8.8851E-05
187.5007	8.8851E-05
187.5014	8.8851E-05
187.5022	8.8851E-05
187.5029	8.8851E-05
187.5036	8.8852E-05
187.5043	8.8852E-05
187.5050	8.8852E-05
187.5102	8.8852E-05
187.5204	8.8853E-05
187.5409	8.8856E-05
187.5818	8.8860E-05
188.5000	8.8959E-05
188.5010	8.8959E-05
189.5820	8.9066E-05
189.5823	8.9066E-05
189.5827	8.9066E-05
189.5830	8.9066E-05
189.5834	8.9066E-05
189.5837	8.9066E-05
189.5841	8.9066E-05
189.5844	8.9066E-05
189.5848	8.9066E-05
189.5851	8.9066E-05
189.5855	8.9066E-05
189.5880	8.9066E-05
189.5932	8.9067E-05
189.6034	8.9068E-05
189.6239	8.9070E-05
189.6648	8.9074E-05
190.5830	8.9157E-05
190.5840	8.9157E-05
191.6620	8.9247E-05
191.6623	8.9247E-05
191.6627	8.9247E-05
191.6630	8.9248E-05
191.6637	8.9248E-05
191.6644	8.9248E-05
191.6652	8.9248E-05
191.6659	8.9248E-05
191.6666	8.9248E-05
191.6673	8.9248E-05
191.6680	8.9248E-05
191.6732	8.9248E-05
191.6834	8.9249E-05
191.7039	8.9251E-05
191.7448	8.9254E-05
192.6630	8.9324E-05
192.6640	8.9324E-05
193.7490	8.9400E-05
193.7493	8.9400E-05
193.7497	8.9400E-05
193.7500	8.9400E-05
193.7507	8.9400E-05
193.7514	8.9400E-05
193.7522	8.9400E-05
193.7529	8.9400E-05
193.7536	8.9400E-05
193.7543	8.9400E-05
193.7550	8.9400E-05
193.7602	8.9400E-05
193.7704	8.9401E-05
193.7909	8.9402E-05
193.8318	8.9405E-05
194.7500	8.9463E-05
194.7510	8.9463E-05
195.8320	8.9524E-05
195.8323	8.9524E-05
195.8327	8.9524E-05
195.8330	8.9524E-05
195.8337	8.9524E-05
195.8344	8.9524E-05
195.8352	8.9525E-05
195.8359	8.9525E-05
195.8366	8.9525E-05
195.8373	8.9525E-05
195.8380	8.9525E-05
195.8432	8.9525E-05
195.8534	8.9525E-05
195.8739	8.9527E-05
195.9148	8.9529E-05
196.4913	8.9559E-05
196.8330	8.9575E-05
196.8340	8.9576E-05
197.9120	8.9625E-05
197.9123	8.9625E-05
197.9127	8.9625E-05
197.9130	8.9625E-05
197.9137	8.9625E-05
197.9144	8.9625E-05
197.9152	8.9625E-05
197.9159	8.9625E-05
197.9166	8.9625E-05
197.9173	8.9625E-05
197.9180	8.9625E-05
197.9232	8.9625E-05
197.9334	8.9625E-05
197.9539	8.9626E-05
197.9948	8.9628E-05
198.9130	8.9665E-05
198.9140	8.9665E-05
199.9990	8.9703E-05
199.9993	8.9703E-05
199.9997	8.9703E-05
200.0000	8.9703E-05
200.0007	8.9703E-05
200.0014	8.9703E-05
200.0022	8.9703E-05
200.0029	8.9703E-05
200.0036	8.9703E-05
200.0043	8.9703E-05
200.0050	8.9703E-05
200.0102	8.9703E-05
200.0204	8.9704E-05
200.0409	8.9704E-05
200.0818	8.9706E-05
201.0000	8.9733E-05
201.0010	8.9733E-05
202.0820	8.9761E-05
202.0823	8.9761E-05
202.0827	8.9761E-05
202.0830	8.9761E-05
202.0837	8.9761E-05
202.0844	8.9761E-05
202.0852	8.9761E-05
202.0859	8.9761E-05
202.0866	8.9761E-05
202.0873	8.9761E-05
202.0880	8.9761E-05
202.0932	8.9762E-05
202.1034	8.9762E-05
202.1239	8.9762E-05
202.1648	8.9763E-05
202.9620	8.9780E-05
203.0830	8.9783E-05
203.0840	8.9783E-05
204.1620	8.9802E-05
204.1623	8.9802E-05
204.1627	8.9802E-05
204.1630	8.9802E-05
204.1637	8.9802E-05
204.1644	8.9802E-05
204.1652	8.9802E-05
204.1659	8.9802E-05
204.1666	8.9802E-05
204.1673	8.9802E-05
204.1680	8.9802E-05
204.1732	8.9802E-05
204.1834	8.9802E-05
204.2039	8.9802E-05
204.2448	8.9803E-05
205.1630	8.9815E-05
205.1640	8.9815E-05
206.2490	8.9826E-05
206.2493	8.9826E-05
206.2497	8.9826E-05
206.2500	8.9826E-05
206.2507	8.9826E-05
206.2514	8.9826E-05
206.2522	8.9826E-05
206.2529	8.9826E-05
206.2536	8.9826E-05
206.2543	8.9826E-05
206.2550	8.9826E-05
206.2602	8.9826E-05
206.2704	8.9826E-05
206.2909	8.9826E-05
206.3318	8.9827E-05
207.2500	8.9832E-05
207.2510	8.9832E-05
208.3320	8.9835E-05
208.3323	8.9835E-05
208.3327	8.9835E-05
208.3330	8.9835E-05
208.3345	8.9835E-05
208.3359	8.9835E-05
208.3374	8.9835E-05
208.3388	8.9835E-05
208.3403	8.9835E-05
208.3417	8.9835E-05
208.3432	8.9835E-05
208.3534	8.9836E-05
208.3739	8.9836E-05
208.4148	8.9836E-05
209.3010	8.9835E-05
209.3330	8.9835E-05
209.3340	8.9835E-05
210.4120	8.9832E-05
210.4123	8.9832E-05
210.4127	8.9832E-05
210.4130	8.9832E-05
210.4145	8.9832E-05
210.4159	8.9832E-05
210.4174	8.9832E-05
210.4188	8.9832E-05
210.4203	8.9832E-05
210.4217	8.9832E-05
210.4232	8.9832E-05
210.4334	8.9832E-05
210.4539	8.9832E-05
210.4948	8.9832E-05
211.4130	8.9826E-05
211.4140	8.9826E-05
212.4990	8.9817E-05
212.4993	8.9817E-05
212.4997	8.9817E-05
212.5000	8.9817E-05
212.5015	8.9817E-05
212.5029	8.9817E-05
212.5044	8.9817E-05
212.5058	8.9817E-05
212.5073	8.9817E-05
212.5087	8.9817E-05
212.5102	8.9817E-05
212.5204	8.9816E-05
212.5409	8.9816E-05
212.5818	8.9816E-05
213.5000	8.9806E-05
213.5010	8.9806E-05
214.5820	8.9791E-05
214.5827	8.9791E-05
214.5830	8.9791E-05
214.5888	8.9791E-05
214.5947	8.9791E-05
214.6005	8.9791E-05
214.6064	8.9791E-05
214.6122	8.9790E-05
214.6180	8.9790E-05
214.6239	8.9790E-05
215.5820	8.9775E-05
215.5830	8.9775E-05
215.5840	8.9775E-05
216.6620	8.9756E-05
216.6623	8.9756E-05
216.6627	8.9756E-05
216.6630	8.9756E-05
216.6645	8.9756E-05
216.6659	8.9756E-05
216.6674	8.9756E-05
216.6688	8.9756E-05
216.6703	8.9756E-05
216.6717	8.9755E-05
216.6732	8.9755E-05
216.6834	8.9755E-05
216.7039	8.9755E-05
216.7448	8.9754E-05
217.6630	8.9736E-05
217.6640	8.9736E-05
218.7490	8.9712E-05
218.7493	8.9712E-05
218.7497	8.9712E-05
218.7500	8.9712E-05
218.7515	8.9712E-05
218.7529	8.9712E-05
218.7544	8.9712E-05
218.7558	8.9712E-05
218.7573	8.9712E-05
218.7587	8.9712E-05
218.7602	8.9712E-05
218.7704	8.9711E-05
218.7909	8.9711E-05
218.8318	8.9710E-05
219.7500	8.9688E-05
219.7510	8.9688E-05
220.8320	8.9660E-05
220.8323	8.9660E-05
220.8327	8.9660E-05
220.8330	8.9660E-05
220.8345	8.9660E-05
220.8359	8.9660E-05
220.8374	8.9660E-05
220.8388	8.9660E-05
220.8403	8.9660E-05
220.8417	8.9660E-05
220.8432	8.9660E-05
220.8534	8.9660E-05
220.8739	8.9659E-05
220.9148	8.9658E-05
221.8330	8.9633E-05
221.8340	8.9633E-05
221.8352	8.9633E-05
222.9120	8.9602E-05
222.9123	8.9602E-05
222.9127	8.9602E-05
222.9130	8.9602E-05
222.9145	8.9602E-05
222.9159	8.9602E-05
222.9174	8.9602E-05
222.9188	8.9602E-05
222.9203	8.9602E-05
222.9217	8.9602E-05
222.9232	8.9602E-05
222.9334	8.9602E-05
222.9539	8.9601E-05
222.9948	8.9600E-05
223.9130	8.9572E-05
223.9140	8.9572E-05
224.9990	8.9538E-05
224.9993	8.9538E-05
224.9997	8.9538E-05
225.0000	8.9538E-05
225.0007	8.9538E-05
225.0014	8.9538E-05
225.0022	8.9538E-05
225.0029	8.9538E-05
225.0036	8.9538E-05
225.0043	8.9538E-05
225.0050	8.9538E-05
225.0102	8.9538E-05
225.0204	8.9537E-05
225.0409	8.9537E-05
225.0818	8.9535E-05
226.0000	8.9505E-05
226.0010	8.9505E-05
227.0820	8.9469E-05
227.0823	8.9469E-05
227.0827	8.9469E-05
227.0830	8.9468E-05
227.0837	8.9468E-05
227.0844	8.9468E-05
227.0852	8.9468E-05
227.0859	8.9468E-05
227.0866	8.9468E-05
227.0873	8.9468E-05
227.0880	8.9468E-05
227.0932	8.9468E-05
227.1034	8.9468E-05
227.1239	8.9467E-05
227.1648	8.9466E-05
228.0830	8.9433E-05
228.0840	8.9433E-05
228.7393	8.9410E-05
229.1620	8.9394E-05
229.1623	8.9394E-05
229.1627	8.9394E-05
229.1630	8.9394E-05
229.1637	8.9394E-05
229.1644	8.9394E-05
229.1652	8.9394E-05
229.1659	8.9394E-05
229.1666	8.9394E-05
229.1673	8.9394E-05
229.1680	8.9394E-05
229.1732	8.9394E-05
229.1834	8.9393E-05
229.2039	8.9393E-05
229.2448	8.9391E-05
230.1630	8.9357E-05
230.1640	8.9357E-05
231.2490	8.9315E-05
231.2493	8.9315E-05
231.2497	8.9315E-05
231.2500	8.9315E-05
231.2507	8.9315E-05
231.2514	8.9315E-05
231.2522	8.9315E-05
231.2529	8.9315E-05
231.2536	8.9315E-05
231.2543	8.9315E-05
231.2550	8.9315E-05
231.2602	8.9315E-05
231.2704	8.9314E-05
231.2909	8.9314E-05
231.3318	8.9312E-05
232.2500	8.9276E-05
232.2510	8.9276E-05
233.3320	8.9233E-05
233.3323	8.9233E-05
233.3327	8.9233E-05
233.3330	8.9233E-05
233.3337	8.9233E-05
233.3344	8.9232E-05
233.3352	8.9232E-05
233.3359	8.9232E-05
233.3366	8.9232E-05
233.3373	8.9232E-05
233.3380	8.9232E-05
233.3432	8.9232E-05
233.3534	8.9232E-05
233.3739	8.9231E-05
233.4148	8.9229E-05
234.3330	8.9192E-05
234.3340	8.9192E-05
235.2453	8.9154E-05
235.4120	8.9147E-05
235.4123	8.9147E-05
235.4127	8.9147E-05
235.4130	8.9147E-05
235.4137	8.9147E-05
235.4144	8.9147E-05
235.4152	8.9146E-05
235.4159	8.9146E-05
235.4166	8.9146E-05
235.4173	8.9146E-05
235.4180	8.9146E-05
235.4232	8.9146E-05
235.4334	8.9146E-05
235.4539	8.9145E-05
235.4948	8.9143E-05
236.4130	8.9104E-05
236.4140	8.9104E-05
237.4990	8.9057E-05
237.4993	8.9057E-05
237.4997	8.9057E-05
237.5000	8.9057E-05
237.5007	8.9057E-05
237.5014	8.9057E-05
237.5022	8.9057E-05
237.5029	8.9057E-05
237.5036	8.9057E-05
237.5043	8.9057E-05
237.5050	8.9057E-05
237.5102	8.9057E-05
237.5204	8.9056E-05
237.5409	8.9055E-05
237.5818	8.9054E-05
238.5000	8.9013E-05
238.5010	8.9013E-05
239.5820	8.8965E-05
239.5823	8.8965E-05
239.5827	8.8965E-05
239.5830	8.8965E-05
239.5837	8.8965E-05
239.5844	8.8965E-05
239.5852	8.8965E-05
239.5859	8.8965E-05
239.5866	8.8965E-05
239.5873	8.8965E-05
239.5880	8.8965E-05
239.5932	8.8965E-05
239.6034	8.8964E-05
239.6239	8.8963E-05
239.6648	8.8962E-05
240.5830	8.8920E-05
240.5840	8.8920E-05
241.6050	8.8874E-05
241.6620	8.8871E-05
241.6623	8.8871E-05
241.6627	8.8871E-05
241.6630	8.8871E-05
241.6637	8.8871E-05
241.6644	8.8871E-05
241.6652	8.8871E-05
241.6659	8.8871E-05
241.6666	8.8871E-05
241.6673	8.8871E-05
241.6680	8.8871E-05
241.6732	8.8871E-05
241.6834	8.8870E-05
241.7039	8.8869E-05
241.7448	8.8867E-05
242.6630	8.8825E-05
242.6640	8.8825E-05
243.7490	8.8774E-05
243.7493	8.8774E-05
243.7497	8.8774E-05
243.7500	8.8774E-05
243.7507	8.8774E-05
243.7514	8.8774E-05
243.7522	8.8774E-05
243.7529	8.8774E-05
243.7536	8.8774E-05
243.7543	8.8774E-05
243.7550	8.8774E-05
243.7602	8.8774E-05
243.7704	8.8773E-05
243.7909	8.8772E-05
243.8318	8.8771E-05
244.7500	8.8727E-05
244.7510	8.8727E-05
245.8320	8.8676E-05
245.8323	8.8676E-05
245.8327	8.8676E-05
245.8330	8.8676E-05
245.8337	8.8676E-05
245.8344	8.8676E-05
245.8352	8.8676E-05
245.8359	8.8676E-05
245.8366	8.8676E-05
245.8373	8.8676E-05
245.8380	8.8676E-05
245.8432	8.8675E-05
245.8534	8.8675E-05
245.8739	8.8674E-05
245.9148	8.8672E-05
246.8330	8.8628E-05
246.8340	8.8628E-05
247.9040	8.8576E-05
247.9120	8.8576E-05
247.9123	8.8576E-05
247.9127	8.8576E-05
247.9130	8.8576E-05
247.9137	8.8576E-05
247.9144	8.8576E-05
247.9152	8.8576E-05
247.9159	8.8576E-05
247.9166	8.8576E-05
247.9173	8.8576E-05
247.9180	8.8576E-05
247.9232	8.8575E-05
247.9334	8.8575E-05
247.9539	8.8574E-05
247.9948	8.8572E-05
248.9130	8.8527E-05
248.9140	8.8527E-05
249.9990	8.8474E-05
249.9993	8.8474E-05
249.9997	8.8474E-05
250.0000	8.8474E-05
250.0007	8.8474E-05
250.0014	8.8474E-05
250.0022	8.8474E-05
250.0029	8.8474E-05
250.0036	8.8474E-05
250.0043	8.8474E-05
250.0050	8.8474E-05
250.0102	8.8473E-05
250.0204	8.8473E-05
250.0409	8.8472E-05
250.0818	8.8470E-05
251.0000	8.8425E-05
251.0010	8.8425E-05
252.0820	8.8371E-05
252.0823	8.8371E-05
252.0827	8.8371E-05
252.0830	8.8371E-05
252.0837	8.8371E-05
252.0844	8.8371E-05
252.0852	8.8371E-05
252.0859	8.8371E-05
252.0866	8.8371E-05
252.0873	8.8371E-05
252.0880	8.8371E-05
252.0932	8.8370E-05
252.1034	8.8370E-05
252.1239	8.8369E-05
252.1648	8.8367E-05
253.0830	8.8321E-05
253.0840	8.8321E-05
254.1620	8.8267E-05
254.1623	8.8267E-05
254.1627	8.8267E-05
254.1630	8.8267E-05
254.1637	8.8267E-05
254.1644	8.8267E-05
254.1652	8.8267E-05
254.1659	8.8267E-05
254.1666	8.8267E-05
254.1673	8.8267E-05
254.1680	8.8267E-05
254.1732	8.8266E-05
254.1834	8.8266E-05
254.2039	8.8265E-05
254.2448	8.8263E-05
255.1630	8.8216E-05
255.1640	8.8216E-05
256.2490	8.8161E-05
256.2493	8.8161E-05
256.2497	8.8161E-05
256.2500	8.8161E-05
256.2507	8.8161E-05
256.2514	8.8161E-05
256.2522	8.8161E-05
256.2529	8.8161E-05
256.2536	8.8161E-05
256.2543	8.8161E-05
256.2550	8.8161E-05
256.2602	8.8161E-05
256.2704	8.8160E-05
256.2909	8.8159E-05
256.3318	8.8157E-05
257.2500	8.8110E-05
257.2510	8.8110E-05
258.3320	8.8055E-05
258.3323	8.8055E-05
258.3327	8.8055E-05
258.3330	8.8055E-05
258.3337	8.8055E-05
258.3344	8.8055E-05
258.3352	8.8055E-05
258.3359	8.8055E-05
258.3366	8.8055E-05
258.3373	8.8055E-05
258.3380	8.8055E-05
258.3432	8.8055E-05
258.3534	8.8054E-05
258.3739	8.8053E-05
258.4148	8.8051E-05
259.3330	8.8004E-05
259.3340	8.8004E-05
260.4120	8.7948E-05
260.4123	8.7948E-05
260.4127	8.7948E-05
260.4130	8.7948E-05
260.4137	8.7948E-05
260.4144	8.7948E-05
260.4152	8.7948E-05
260.4159	8.7948E-05
260.4166	8.7948E-05
260.4173	8.7948E-05
260.4180	8.7948E-05
260.4232	8.7948E-05
260.4334	8.7947E-05
260.4539	8.7946E-05
260.4948	8.7944E-05
261.4130	8.7897E-05
261.4140	8.7896E-05
262.4990	8.7840E-05
262.4993	8.7840E-05
262.4997	8.7840E-05
262.5000	8.7840E-05
262.5007	8.7840E-05
262.5014	8.7840E-05
262.5022	8.7840E-05
262.5029	8.7840E-05
262.5036	8.7840E-05
262.5043	8.7840E-05
262.5050	8.7840E-05
262.5102	8.7840E-05
262.5204	8.7839E-05
262.5409	8.7838E-05
262.5818	8.7836E-05
263.5000	8.7788E-05
263.5010	8.7788E-05
264.5820	8.7732E-05
264.5823	8.7732E-05
264.5827	8.7732E-05
264.5830	8.7732E-05
264.5837	8.7732E-05
264.5844	8.7732E-05
264.5852	8.7732E-05
264.5859	8.7732E-05
264.5866	8.7732E-05
264.5873	8.7732E-05
264.5880	8.7732E-05
264.5932	8.7731E-05
264.6034	8.7731E-05
264.6239	8.7730E-05
264.6648	8.7728E-05
265.5830	8.7680E-05
265.5840	8.7680E-05
266.6620	8.7623E-05
266.6623	8.7623E-05
266.6627	8.7623E-05
266.6630	8.7623E-05
266.6637	8.7623E-05
266.6644	8.7623E-05
266.6652	8.7623E-05
266.6659	8.7623E-05
266.6666	8.7623E-05
266.6673	8.7623E-05
266.6680	8.7623E-05
266.6732	8.7623E-05
266.6834	8.7622E-05
266.7039	8.7621E-05
266.7448	8.7619E-05
267.3333	8.7588E-05
267.6630	8.7571E-05
267.6640	8.7571E-05
268.7490	8.7514E-05
268.7493	8.7513E-05
268.7497	8.7513E-05
268.7500	8.7513E-05
268.7507	8.7513E-05
268.7514	8.7513E-05
268.7522	8.7513E-05
268.7529	8.7513E-05
268.7536	8.7513E-05
268.7543	8.7513E-05
268.7550	8.7513E-05
268.7602	8.7513E-05
268.7704	8.7512E-05
268.7909	8.7511E-05
268.8318	8.7509E-05
269.7500	8.7461E-05
269.7510	8.7461E-05
270.8320	8.7404E-05
270.8323	8.7404E-05
270.8327	8.7404E-05
270.8330	8.7404E-05
270.8337	8.7404E-05
270.8344	8.7404E-05
270.8352	8.7404E-05
270.8359	8.7404E-05
270.8366	8.7403E-05
270.8373	8.7403E-05
270.8380	8.7403E-05
270.8432	8.7403E-05
270.8534	8.7403E-05
270.8739	8.7402E-05
270.9148	8.7399E-05
271.8330	8.7351E-05
271.8340	8.7351E-05
272.9120	8.7294E-05
272.9123	8.7294E-05
272.9127	8.7294E-05
272.9130	8.7294E-05
272.9137	8.7294E-05
272.9144	8.7294E-05
272.9152	8.7294E-05
272.9159	8.7294E-05
272.9166	8.7293E-05
272.9173	8.7293E-05
272.9180	8.7293E-05
272.9232	8.7293E-05
272.9334	8.7293E-05
272.9539	8.7292E-05
272.9948	8.7289E-05
273.8160	8.7246E-05
273.9130	8.7241E-05
273.9140	8.7241E-05
274.9990	8.7183E-05
274.9993	8.7183E-05
274.9997	8.7183E-05
275.0000	8.7183E-05
275.0007	8.7183E-05
275.0014	8.7183E-05
275.0022	8.7183E-05
275.0029	8.7183E-05
275.0036	8.7183E-05
275.0043	8.7183E-05
275.0050	8.7183E-05
275.0102	8.7182E-05
275.0204	8.7182E-05
275.0409	8.7181E-05
275.0818	8.7179E-05
276.0000	8.7130E-05
276.0010	8.7130E-05
277.0820	8.7072E-05
277.0823	8.7072E-05
277.0827	8.7072E-05
277.0830	8.7072E-05
277.0837	8.7072E-05
277.0844	8.7072E-05
277.0852	8.7072E-05
277.0859	8.7072E-05
277.0866	8.7072E-05
277.0873	8.7072E-05
277.0880	8.7072E-05
277.0932	8.7072E-05
277.1034	8.7071E-05
277.1239	8.7070E-05
277.1648	8.7068E-05
278.0830	8.7019E-05
278.0840	8.7019E-05
279.1620	8.6962E-05
279.1623	8.6962E-05
279.1627	8.6962E-05
279.1630	8.6962E-05
279.1637	8.6962E-05
279.1644	8.6962E-05
279.1652	8.6961E-05
279.1659	8.6961E-05
279.1666	8.6961E-05
279.1673	8.6961E-05
279.1680	8.6961E-05
279.1732	8.6961E-05
279.1834	8.6961E-05
279.2039	8.6959E-05
279.2448	8.6957E-05
280.1430	8.6909E-05
280.1630	8.6908E-05
280.1640	8.6908E-05
281.2490	8.6850E-05
281.2493	8.6850E-05
281.2497	8.6850E-05
281.2500	8.6850E-05
281.2507	8.6850E-05
281.2514	8.6850E-05
281.2522	8.6850E-05
281.2529	8.6850E-05
281.2536	8.6850E-05
281.2543	8.6850E-05
281.2550	8.6850E-05
281.2602	8.6850E-05
281.2704	8.6849E-05
281.2909	8.6848E-05
281.3318	8.6846E-05
282.2500	8.6797E-05
282.2510	8.6797E-05
283.3320	8.6739E-05
283.3323	8.6739E-05
283.3327	8.6739E-05
283.3330	8.6739E-05
283.3337	8.6739E-05
283.3344	8.6739E-05
283.3352	8.6739E-05
283.3359	8.6739E-05
283.3366	8.6739E-05
283.3373	8.6739E-05
283.3380	8.6739E-05
283.3432	8.6739E-05
283.3534	8.6738E-05
283.3739	8.6737E-05
283.4148	8.6735E-05
284.3330	8.6686E-05
284.3340	8.6686E-05
285.4120	8.6628E-05
285.4123	8.6628E-05
285.4127	8.6628E-05
285.4130	8.6628E-05
285.4137	8.6628E-05
285.4144	8.6628E-05
285.4152	8.6628E-05
285.4159	8.6628E-05
285.4166	8.6628E-05
285.4173	8.6628E-05
285.4180	8.6628E-05
285.4232	8.6627E-05
285.4334	8.6627E-05
285.4539	8.6626E-05
285.4948	8.6624E-05
286.4130	8.6574E-05
286.4131	8.6574E-05
286.4140	8.6574E-05
287.4990	8.6516E-05
287.4993	8.6516E-05
287.4997	8.6516E-05
287.5000	8.6516E-05
287.5007	8.6516E-05
287.5014	8.6516E-05
287.5022	8.6516E-05
287.5029	8.6516E-05
287.5036	8.6516E-05
287.5043	8.6516E-05
287.5050	8.6516E-05
287.5102	8.6516E-05
287.5204	8.6515E-05
287.5409	8.6514E-05
287.5818	8.6512E-05
288.5000	8.6463E-05
288.5010	8.6463E-05
289.5820	8.6405E-05
289.5823	8.6405E-05
289.5827	8.6405E-05
289.5830	8.6405E-05
289.5837	8.6405E-05
289.5844	8.6405E-05
289.5852	8.6405E-05
289.5859	8.6405E-05
289.5866	8.6405E-05
289.5873	8.6405E-05
289.5880	8.6405E-05
289.5932	8.6404E-05
289.6034	8.6404E-05
289.6239	8.6403E-05
289.6648	8.6400E-05
290.5830	8.6351E-05
290.5840	8.6351E-05
291.6620	8.6294E-05
291.6623	8.6294E-05
291.6627	8.6294E-05
291.6630	8.6294E-05
291.6637	8.6293E-05
291.6644	8.6293E-05
291.6652	8.6293E-05
291.6659	8.6293E-05
291.6666	8.6293E-05
291.6673	8.6293E-05
291.6680	8.6293E-05
291.6732	8.6293E-05
291.6834	8.6292E-05
291.7039	8.6291E-05
291.7448	8.6289E-05
292.6630	8.6240E-05
292.6640	8.6240E-05
292.6690	8.6240E-05
293.7490	8.6182E-05
293.7493	8.6182E-05
293.7497	8.6182E-05
293.7500	8.6182E-05
293.7507	8.6182E-05
293.7514	8.6182E-05
293.7522	8.6182E-05
293.7529	8.6182E-05
293.7536	8.6182E-05
293.7543	8.6182E-05
293.7550	8.6182E-05
293.7602	8.6181E-05
293.7704	8.6181E-05
293.7909	8.6180E-05
293.8318	8.6177E-05
294.7500	8.6128E-05
294.7510	8.6128E-05
295.8320	8.6070E-05
295.8323	8.6070E-05
295.8327	8.6070E-05
295.8330	8.6070E-05
295.8337	8.6070E-05
295.8344	8.6070E-05
295.8352	8.6070E-05
295.8359	8.6070E-05
295.8366	8.6070E-05
295.8373	8.6070E-05
295.8380	8.6070E-05
295.8432	8.6070E-05
295.8534	8.6069E-05
295.8739	8.6068E-05
295.9148	8.6066E-05
296.8330	8.6017E-05
296.8340	8.6017E-05
297.9120	8.5959E-05
297.9123	8.5959E-05
297.9127	8.5959E-05
297.9130	8.5959E-05
297.9137	8.5959E-05
297.9144	8.5959E-05
297.9152	8.5959E-05
297.9159	8.5959E-05
297.9166	8.5959E-05
297.9173	8.5959E-05
297.9180	8.5959E-05
297.9232	8.5958E-05
297.9334	8.5958E-05
297.9539	8.5957E-05
297.9948	8.5954E-05
298.9130	8.5905E-05
298.9140	8.5905E-05
299.5723	8.5870E-05
299.9990	8.5847E-05
299.9993	8.5847E-05
299.9997	8.5847E-05
300.0000	8.5847E-05
300.0007	8.5847E-05
300.0014	8.5847E-05
300.0022	8.5847E-05
300.0029	8.5847E-05
300.0036	8.5847E-05
300.0043	8.5847E-05
300.0050	8.5847E-05
300.0102	8.5847E-05
300.0204	8.5846E-05
300.0409	8.5845E-05
300.0818	8.5843E-05
301.0000	8.5794E-05
301.0010	8.5794E-05
302.0820	8.5736E-05
302.0823	8.5736E-05
302.0827	8.5736E-05
302.0830	8.5736E-05
302.0837	8.5736E-05
302.0844	8.5736E-05
302.0852	8.5736E-05
302.0859	8.5736E-05
302.0866	8.5735E-05
302.0873	8.5735E-05
302.0880	8.5735E-05
302.0932	8.5735E-05
302.1034	8.5735E-05
302.1239	8.5734E-05
302.1648	8.5731E-05
303.0830	8.5682E-05
303.0840	8.5682E-05
304.1620	8.5624E-05
304.1623	8.5624E-05
304.1627	8.5624E-05
304.1630	8.5624E-05
304.1637	8.5624E-05
304.1644	8.5624E-05
304.1652	8.5624E-05
304.1659	8.5624E-05
304.1666	8.5624E-05
304.1673	8.5624E-05
304.1680	8.5624E-05
304.1732	8.5624E-05
304.1834	8.5623E-05
304.2039	8.5622E-05
304.2448	8.5620E-05
305.1630	8.5571E-05
305.1640	8.5571E-05
306.0813	8.5522E-05
306.2490	8.5513E-05
306.2493	8.5513E-05
306.2497	8.5513E-05
306.2500	8.5513E-05
306.2507	8.5513E-05
306.2514	8.5513E-05
306.2522	8.5513E-05
306.2529	8.5513E-05
306.2536	8.5513E-05
306.2543	8.5513E-05
306.2550	8.5513E-05
306.2602	8.5512E-05
306.2704	8.5512E-05
306.2909	8.5511E-05
306.3318	8.5508E-05
307.2500	8.5459E-05
307.2510	8.5459E-05
308.3320	8.5402E-05
308.3323	8.5402E-05
308.3327	8.5402E-05
308.3330	8.5402E-05
308.3337	8.5401E-05
308.3344	8.5401E-05
308.3352	8.5401E-05
308.3359	8.5401E-05
308.3366	8.5401E-05
308.3373	8.5401E-05
308.3380	8.5401E-05
308.3432	8.5401E-05
308.3534	8.5400E-05
308.3739	8.5399E-05
308.4148	8.5397E-05
309.3330	8.5348E-05
309.3340	8.5348E-05
310.4120	8.5291E-05
310.4123	8.5290E-05
310.4127	8.5290E-05
310.4130	8.5290E-05
310.4137	8.5290E-05
310.4144	8.5290E-05
310.4152	8.5290E-05
310.4159	8.5290E-05
310.4166	8.5290E-05
310.4173	8.5290E-05
310.4180	8.5290E-05
310.4232	8.5290E-05
310.4334	8.5289E-05
310.4539	8.5288E-05
310.4948	8.5286E-05
311.4130	8.5237E-05
311.4140	8.5237E-05
312.4660	8.5181E-05
312.4990	8.5179E-05
312.4993	8.5179E-05
312.4997	8.5179E-05
312.5000	8.5179E-05
312.5007	8.5179E-05
312.5014	8.5179E-05
312.5022	8.5179E-05
312.5029	8.5179E-05
312.5036	8.5179E-05
312.5043	8.5179E-05
312.5050	8.5179E-05
312.5102	8.5179E-05
312.5204	8.5178E-05
312.5409	8.5177E-05
312.5818	8.5175E-05
313.5000	8.5126E-05
313.5010	8.5126E-05
314.5820	8.5068E-05
314.5823	8.5068E-05
314.5827	8.5068E-05
314.5830	8.5068E-05
314.5837	8.5068E-05
314.5844	8.5068E-05
314.5852	8.5068E-05
314.5859	8.5068E-05
314.5866	8.5068E-05
314.5873	8.5068E-05
314.5880	8.5068E-05
314.5932	8.5067E-05
314.6034	8.5067E-05
314.6239	8.5066E-05
314.6648	8.5064E-05
315.5830	8.5015E-05
315.5840	8.5015E-05
316.6620	8.4957E-05
316.6623	8.4957E-05
316.6627	8.4957E-05
316.6630	8.4957E-05
316.6637	8.4957E-05
316.6644	8.4957E-05
316.6652	8.4957E-05
316.6659	8.4957E-05
316.6666	8.4957E-05
316.6673	8.4957E-05
316.6680	8.4957E-05
316.6732	8.4957E-05
316.6834	8.4956E-05
316.7039	8.4955E-05
316.7448	8.4953E-05
317.6630	8.4904E-05
317.6640	8.4904E-05
318.7440	8.4846E-05
318.7490	8.4846E-05
318.7493	8.4846E-05
318.7497	8.4846E-05
318.7500	8.4846E-05
318.7507	8.4846E-05
318.7514	8.4846E-05
318.7522	8.4846E-05
318.7529	8.4846E-05
318.7536	8.4846E-05
318.7543	8.4846E-05
318.7550	8.4846E-05
318.7602	8.4846E-05
318.7704	8.4845E-05
318.7909	8.4844E-05
318.8318	8.4842E-05
319.7500	8.4793E-05
319.7510	8.4793E-05
320.8320	8.4735E-05
320.8323	8.4735E-05
320.8327	8.4735E-05
320.8330	8.4735E-05
320.8337	8.4735E-05
320.8344	8.4735E-05
320.8352	8.4735E-05
320.8359	8.4735E-05
320.8366	8.4735E-05
320.8373	8.4735E-05
320.8380	8.4735E-05
320.8432	8.4735E-05
320.8534	8.4734E-05
320.8739	8.4733E-05
320.9148	8.4731E-05
321.8330	8.4682E-05
321.8340	8.4682E-05
322.9120	8.4625E-05
322.9123	8.4625E-05
322.9127	8.4625E-05
322.9130	8.4625E-05
322.9137	8.4625E-05
322.9144	8.4625E-05
322.9152	8.4625E-05
322.9159	8.4625E-05
322.9166	8.4625E-05
322.9173	8.4625E-05
322.9180	8.4624E-05
322.9232	8.4624E-05
322.9334	8.4624E-05
322.9539	8.4623E-05
322.9948	8.4620E-05
323.9130	8.4572E-05
323.9140	8.4572E-05
324.9990	8.4514E-05
324.9993	8.4514E-05
324.9997	8.4514E-05
325.0000	8.4514E-05
325.0001	8.4514E-05
325.0012	8.4514E-05
325.0025	8.4514E-05
325.0050	8.4514E-05
325.0102	8.4513E-05
325.0204	8.4513E-05
325.0409	8.4512E-05
325.0818	8.4510E-05
326.0000	8.4461E-05
326.0010	8.4461E-05
327.0820	8.4403E-05
327.0823	8.4403E-05
327.0827	8.4403E-05
327.0830	8.4403E-05
327.0837	8.4403E-05
327.0844	8.4403E-05
327.0852	8.4403E-05
327.0859	8.4403E-05
327.0866	8.4403E-05
327.0873	8.4403E-05
327.0880	8.4403E-05
327.0932	8.4403E-05
327.1034	8.4402E-05
327.1239	8.4401E-05
327.1648	8.4399E-05
328.0830	8.4350E-05
328.0840	8.4350E-05
329.1620	8.4293E-05
329.1623	8.4293E-05
329.1627	8.4293E-05
329.1630	8.4293E-05
329.1637	8.4293E-05
329.1644	8.4293E-05
329.1652	8.4293E-05
329.1659	8.4293E-05
329.1666	8.4293E-05
329.1673	8.4293E-05
329.1680	8.4293E-05
329.1732	8.4293E-05
329.1834	8.4292E-05
329.2039	8.4291E-05
329.2448	8.4289E-05
330.1630	8.4240E-05
330.1640	8.4240E-05
331.2490	8.4183E-05
331.2493	8.4183E-05
331.2497	8.4183E-05
331.2500	8.4183E-05
331.2507	8.4183E-05
331.2514	8.4183E-05
331.2522	8.4183E-05
331.2529	8.4183E-05
331.2536	8.4183E-05
331.2543	8.4182E-05
331.2550	8.4182E-05
331.2602	8.4182E-05
331.2704	8.4182E-05
331.2909	8.4181E-05
331.3318	8.4178E-05
332.2500	8.4130E-05
332.2510	8.4130E-05
333.3320	8.4073E-05
333.3323	8.4073E-05
333.3327	8.4073E-05
333.3330	8.4073E-05
333.3337	8.4073E-05
333.3344	8.4072E-05
333.3352	8.4072E-05
333.3359	8.4072E-05
333.3366	8.4072E-05
333.3373	8.4072E-05
333.3380	8.4072E-05
333.3432	8.4072E-05
333.3534	8.4071E-05
333.3739	8.4070E-05
333.4148	8.4068E-05
334.3330	8.4020E-05
334.3340	8.4020E-05
335.4120	8.3963E-05
335.4123	8.3963E-05
335.4127	8.3963E-05
335.4130	8.3963E-05
335.4137	8.3963E-05
335.4144	8.3963E-05
335.4152	8.3963E-05
335.4159	8.3963E-05
335.4166	8.3962E-05
335.4173	8.3962E-05
335.4180	8.3962E-05
335.4232	8.3962E-05
335.4334	8.3962E-05
335.4539	8.3961E-05
335.4948	8.3958E-05
336.4130	8.3910E-05
336.4140	8.3910E-05
337.4990	8.3853E-05
337.4993	8.3853E-05
337.4997	8.3853E-05
337.5000	8.3853E-05
337.5007	8.3853E-05
337.5014	8.3852E-05
337.5022	8.3852E-05
337.5029	8.3852E-05
337.5036	8.3852E-05
337.5043	8.3852E-05
337.5050	8.3852E-05
337.5102	8.3852E-05
337.5204	8.3851E-05
337.5409	8.3850E-05
337.5818	8.3848E-05
338.2183	8.3815E-05
338.5000	8.3800E-05
338.5010	8.3800E-05
339.5820	8.3743E-05
339.5823	8.3743E-05
339.5827	8.3743E-05
339.5830	8.3743E-05
339.5837	8.3743E-05
339.5844	8.3743E-05
339.5852	8.3743E-05
339.5859	8.3743E-05
339.5866	8.3743E-05
339.5873	8.3743E-05
339.5880	8.3742E-05
339.5932	8.3742E-05
339.6034	8.3742E-05
339.6239	8.3741E-05
339.6648	8.3738E-05
340.5830	8.3690E-05
340.5840	8.3690E-05
341.6620	8.3633E-05
341.6623	8.3633E-05
341.6627	8.3633E-05
341.6630	8.3633E-05
341.6637	8.3633E-05
341.6644	8.3633E-05
341.6652	8.3633E-05
341.6659	8.3633E-05
341.6666	8.3633E-05
341.6673	8.3633E-05
341.6680	8.3633E-05
341.6732	8.3633E-05
341.6834	8.3632E-05
341.7039	8.3631E-05
341.7448	8.3629E-05
342.6630	8.3581E-05
342.6640	8.3581E-05
343.7490	8.3523E-05
343.7493	8.3523E-05
343.7497	8.3523E-05
343.7500	8.3523E-05
343.7507	8.3523E-05
343.7514	8.3523E-05
343.7522	8.3523E-05
343.7529	8.3523E-05
343.7536	8.3523E-05
343.7543	8.3523E-05
343.7550	8.3523E-05
343.7602	8.3523E-05
343.7704	8.3522E-05
343.7909	8.3521E-05
343.8318	8.3519E-05
344.6860	8.3474E-05
344.7500	8.3471E-05
344.7510	8.3471E-05
345.8320	8.3414E-05
345.8323	8.3414E-05
345.8327	8.3414E-05
345.8330	8.3414E-05
345.8337	8.3414E-05
345.8344	8.3414E-05
345.8352	8.3414E-05
345.8359	8.3414E-05
345.8366	8.3414E-05
345.8373	8.3414E-05
345.8380	8.3414E-05
345.8432	8.3413E-05
345.8534	8.3413E-05
345.8739	8.3412E-05
345.9148	8.3410E-05
346.8330	8.3361E-05
346.8340	8.3361E-05
347.9120	8.3305E-05
347.9123	8.3305E-05
347.9127	8.3305E-05
347.9130	8.3305E-05
347.9137	8.3305E-05
347.9144	8.3305E-05
347.9152	8.3305E-05
347.9159	8.3305E-05
347.9166	8.3305E-05
347.9173	8.3305E-05
347.9180	8.3305E-05
347.9232	8.3304E-05
347.9334	8.3304E-05
347.9539	8.3303E-05
347.9948	8.3301E-05
348.9130	8.3252E-05
348.9140	8.3252E-05
349.9990	8.3195E-05
349.9993	8.3195E-05
349.9997	8.3195E-05
350.0000	8.3195E-05
350.0007	8.3195E-05
350.0014	8.3195E-05
350.0022	8.3195E-05
350.0029	8.3195E-05
350.0036	8.3195E-05
350.0043	8.3195E-05
350.0050	8.3195E-05
350.0102	8.3195E-05
350.0204	8.3194E-05
350.0409	8.3193E-05
350.0818	8.3191E-05
350.9920	8.3143E-05
351.0000	8.3143E-05
351.0010	8.3143E-05
352.0820	8.3086E-05
352.0823	8.3086E-05
352.0827	8.3086E-05
352.0830	8.3086E-05
352.0837	8.3086E-05
352.0844	8.3086E-05
352.0852	8.3086E-05
352.0859	8.3086E-05
352.0866	8.3086E-05
352.0873	8.3086E-05
352.0880	8.3086E-05
352.0932	8.3086E-05
352.1034	8.3085E-05
352.1239	8.3084E-05
352.1648	8.3082E-05
353.0830	8.3034E-05
353.0840	8.3034E-05
354.1620	8.2978E-05
354.1623	8.2978E-05
354.1627	8.2978E-05
354.1630	8.2978E-05
354.1637	8.2977E-05
354.1644	8.2977E-05
354.1652	8.2977E-05
354.1659	8.2977E-05
354.1666	8.2977E-05
354.1673	8.2977E-05
354.1680	8.2977E-05
354.1732	8.2977E-05
354.1834	8.2976E-05
354.2039	8.2975E-05
354.2448	8.2973E-05
355.1630	8.2925E-05
355.1640	8.2925E-05
356.2490	8.2869E-05
356.2493	8.2869E-05
356.2497	8.2868E-05
356.2500	8.2868E-05
356.2507	8.2868E-05
356.2514	8.2868E-05
356.2522	8.2868E-05
356.2529	8.2868E-05
356.2536	8.2868E-05
356.2543	8.2868E-05
356.2550	8.2868E-05
356.2602	8.2868E-05
356.2704	8.2867E-05
356.2909	8.2866E-05
356.3318	8.2864E-05
357.2500	8.2816E-05
357.2507	8.2816E-05
357.2510	8.2816E-05
358.3320	8.2760E-05
358.3323	8.2760E-05
358.3327	8.2760E-05
358.3330	8.2760E-05
358.3337	8.2760E-05
358.3344	8.2760E-05
358.3352	8.2760E-05
358.3359	8.2760E-05
358.3366	8.2760E-05
358.3373	8.2760E-05
358.3380	8.2759E-05
358.3432	8.2759E-05
358.3534	8.2759E-05
358.3739	8.2758E-05
358.4148	8.2755E-05
359.3330	8.2708E-05
359.3340	8.2708E-05
360.4120	8.2651E-05
360.4123	8.2651E-05
360.4127	8.2651E-05
360.4130	8.2651E-05
360.4137	8.2651E-05
360.4144	8.2651E-05
360.4152	8.2651E-05
360.4159	8.2651E-05
360.4166	8.2651E-05
360.4173	8.2651E-05
360.4180	8.2651E-05
360.4232	8.2651E-05
360.4334	8.2650E-05
360.4539	8.2649E-05
360.4948	8.2647E-05
361.4130	8.2599E-05
361.4140	8.2599E-05
362.4990	8.2543E-05
362.4993	8.2543E-05
362.4997	8.2543E-05
362.5000	8.2543E-05
362.5007	8.2543E-05
362.5014	8.2543E-05
362.5022	8.2543E-05
362.5029	8.2543E-05
362.5036	8.2542E-05
362.5043	8.2542E-05
362.5050	8.2542E-05
362.5102	8.2542E-05
362.5204	8.2542E-05
362.5409	8.2541E-05
362.5818	8.2538E-05
363.5000	8.2491E-05
363.5010	8.2491E-05
363.5214	8.2490E-05
364.5820	8.2434E-05
364.5823	8.2434E-05
364.5827	8.2434E-05
364.5830	8.2434E-05
364.5837	8.2434E-05
364.5844	8.2434E-05
364.5852	8.2434E-05
364.5859	8.2434E-05
364.5866	8.2434E-05
364.5873	8.2434E-05
364.5880	8.2434E-05
364.5932	8.2434E-05
364.6034	8.2433E-05
364.6239	8.2432E-05
364.6648	8.2430E-05
365.5830	8.2382E-05
365.5840	8.2382E-05
366.6620	8.2326E-05
366.6623	8.2326E-05
366.6627	8.2326E-05
366.6630	8.2326E-05
366.6637	8.2326E-05
366.6644	8.2326E-05
366.6652	8.2326E-05
366.6659	8.2326E-05
366.6666	8.2326E-05
366.6673	8.2326E-05
366.6680	8.2326E-05
366.6732	8.2326E-05
366.6834	8.2325E-05
366.7039	8.2324E-05
366.7448	8.2322E-05
367.6630	8.2274E-05
367.6640	8.2274E-05
368.7490	8.2218E-05
368.7493	8.2218E-05
368.7497	8.2218E-05
368.7500	8.2218E-05
368.7507	8.2218E-05
368.7514	8.2218E-05
368.7522	8.2218E-05
368.7529	8.2218E-05
368.7536	8.2218E-05
368.7543	8.2218E-05
368.7550	8.2218E-05
368.7602	8.2217E-05
368.7704	8.2217E-05
368.7909	8.2216E-05
368.8318	8.2214E-05
369.7500	8.2166E-05
369.7510	8.2166E-05
370.4213	8.2131E-05
370.8320	8.2110E-05
370.8323	8.2110E-05
370.8327	8.2110E-05
370.8330	8.2110E-05
370.8337	8.2110E-05
370.8344	8.2110E-05
370.8352	8.2110E-05
370.8359	8.2110E-05
370.8366	8.2110E-05
370.8373	8.2110E-05
370.8380	8.2110E-05
370.8432	8.2110E-05
370.8534	8.2109E-05
370.8739	8.2108E-05
370.9148	8.2106E-05
371.8330	8.2058E-05
371.8340	8.2058E-05
372.9120	8.2002E-05
372.9123	8.2002E-05
372.9127	8.2002E-05
372.9130	8.2002E-05
372.9137	8.2002E-05
372.9144	8.2002E-05
372.9152	8.2002E-05
372.9159	8.2002E-05
372.9166	8.2002E-05
372.9173	8.2002E-05
372.9180	8.2002E-05
372.9232	8.2002E-05
372.9334	8.2001E-05
372.9539	8.2000E-05
372.9948	8.1998E-05
373.9130	8.1951E-05
373.9140	8.1951E-05
374.9990	8.1894E-05
374.9993	8.1894E-05
374.9997	8.1894E-05
375.0000	8.1894E-05
375.0007	8.1894E-05
375.0014	8.1894E-05
375.0022	8.1894E-05
375.0029	8.1894E-05
375.0036	8.1894E-05
375.0043	8.1894E-05
375.0050	8.1894E-05
375.0102	8.1894E-05
375.0204	8.1893E-05
375.0409	8.1892E-05
375.0818	8.1890E-05
376.0000	8.1843E-05
376.0010	8.1843E-05
376.9423	8.1794E-05
377.0820	8.1787E-05
377.0823	8.1787E-05
377.0827	8.1787E-05
377.0830	8.1787E-05
377.0837	8.1787E-05
377.0844	8.1787E-05
377.0852	8.1787E-05
377.0859	8.1787E-05
377.0866	8.1787E-05
377.0873	8.1787E-05
377.0880	8.1787E-05
377.0932	8.1786E-05
377.1034	8.1786E-05
377.1239	8.1785E-05
377.1648	8.1783E-05
378.0830	8.1735E-05
378.0840	8.1735E-05
379.1620	8.1680E-05
379.1623	8.1680E-05
379.1627	8.1680E-05
379.1630	8.1680E-05
379.1637	8.1680E-05
379.1644	8.1679E-05
379.1652	8.1679E-05
379.1659	8.1679E-05
379.1666	8.1679E-05
379.1673	8.1679E-05
379.1680	8.1679E-05
379.1732	8.1679E-05
379.1834	8.1679E-05
379.2039	8.1677E-05
379.2448	8.1675E-05
380.1630	8.1628E-05
380.1640	8.1628E-05
381.2490	8.1572E-05
381.2493	8.1572E-05
381.2497	8.1572E-05
381.2500	8.1572E-05
381.2507	8.1572E-05
381.2514	8.1572E-05
381.2522	8.1572E-05
381.2529	8.1572E-05
381.2536	8.1572E-05
381.2543	8.1572E-05
381.2550	8.1572E-05
381.2602	8.1572E-05
381.2704	8.1571E-05
381.2909	8.1570E-05
381.3318	8.1568E-05
382.2500	8.1521E-05
382.2510	8.1521E-05
383.3020	8.1466E-05
383.3320	8.1465E-05
383.3323	8.1465E-05
383.3327	8.1465E-05
383.3330	8.1465E-05
383.3337	8.1465E-05
383.3344	8.1465E-05
383.3352	8.1465E-05
383.3359	8.1465E-05
383.3366	8.1465E-05
383.3373	8.1465E-05
383.3380	8.1465E-05
383.3432	8.1464E-05
383.3534	8.1464E-05
383.3739	8.1463E-05
383.4148	8.1461E-05
384.3330	8.1413E-05
384.3340	8.1413E-05
385.4120	8.1358E-05
385.4123	8.1358E-05
385.4127	8.1358E-05
385.4130	8.1358E-05
385.4137	8.1358E-05
385.4144	8.1358E-05
385.4152	8.1358E-05
385.4159	8.1358E-05
385.4166	8.1358E-05
385.4173	8.1358E-05
385.4180	8.1358E-05
385.4232	8.1357E-05
385.4334	8.1357E-05
385.4539	8.1356E-05
385.4948	8.1354E-05
386.4130	8.1307E-05
386.4140	8.1307E-05
387.4990	8.1251E-05
387.4993	8.1251E-05
387.4997	8.1251E-05
387.5000	8.1251E-05
387.5007	8.1251E-05
387.5014	8.1251E-05
387.5022	8.1251E-05
387.5029	8.1251E-05
387.5036	8.1251E-05
387.5043	8.1251E-05
387.5050	8.1251E-05
387.5102	8.1250E-05
387.5204	8.1250E-05
387.5409	8.1249E-05
387.5818	8.1247E-05
388.5000	8.1199E-05
388.5010	8.1199E-05
389.5800	8.1144E-05
389.5820	8.1144E-05
389.5823	8.1144E-05
389.5827	8.1144E-05
389.5830	8.1144E-05
389.5837	8.1144E-05
389.5844	8.1144E-05
389.5852	8.1144E-05
389.5859	8.1144E-05
389.5866	8.1144E-05
389.5873	8.1144E-05
389.5880	8.1144E-05
389.5932	8.1143E-05
389.6034	8.1143E-05
389.6239	8.1142E-05
389.6648	8.1140E-05
390.5830	8.1093E-05
390.5840	8.1093E-05
391.6620	8.1037E-05
391.6623	8.1037E-05
391.6627	8.1037E-05
391.6630	8.1037E-05
391.6637	8.1037E-05
391.6644	8.1037E-05
391.6652	8.1037E-05
391.6659	8.1037E-05
391.6666	8.1037E-05
391.6673	8.1037E-05
391.6680	8.1037E-05
391.6732	8.1037E-05
391.6834	8.1036E-05
391.7039	8.1035E-05
391.7448	8.1033E-05
392.6630	8.0986E-05
392.6640	8.0986E-05
393.7490	8.0931E-05
393.7493	8.0931E-05
393.7497	8.0931E-05
393.7500	8.0931E-05
393.7507	8.0931E-05
393.7514	8.0931E-05
393.7522	8.0931E-05
393.7529	8.0930E-05
393.7536	8.0930E-05
393.7543	8.0930E-05
393.7550	8.0930E-05
393.7602	8.0930E-05
393.7704	8.0930E-05
393.7909	8.0929E-05
393.8318	8.0926E-05
394.7500	8.0880E-05
394.7510	8.0879E-05
395.8320	8.0824E-05
395.8323	8.0824E-05
395.8327	8.0824E-05
395.8330	8.0824E-05
395.8336	8.0824E-05
395.8342	8.0824E-05
395.8355	8.0824E-05
395.8380	8.0824E-05
395.8432	8.0824E-05
395.8534	8.0823E-05
395.8739	8.0822E-05
395.9148	8.0820E-05
396.8330	8.0773E-05
396.8340	8.0773E-05
397.9120	8.0718E-05
397.9123	8.0718E-05
397.9127	8.0718E-05
397.9130	8.0718E-05
397.9137	8.0718E-05
397.9144	8.0718E-05
397.9152	8.0718E-05
397.9159	8.0718E-05
397.9166	8.0718E-05
397.9173	8.0718E-05
397.9180	8.0718E-05
397.9232	8.0717E-05
397.9334	8.0717E-05
397.9539	8.0716E-05
397.9948	8.0714E-05
398.9130	8.0667E-05
398.9140	8.0667E-05
399.9990	8.0612E-05
399.9993	8.0612E-05
399.9997	8.0612E-05
400.0000	8.0612E-05
400.0007	8.0612E-05
400.0014	8.0612E-05
400.0022	8.0611E-05
400.0029	8.0611E-05
400.0036	8.0611E-05
400.0043	8.0611E-05
400.0050	8.0611E-05
400.0102	8.0611E-05
400.0204	8.0611E-05
400.0409	8.0610E-05
400.0818	8.0607E-05
401.0000	8.0561E-05
401.0010	8.0561E-05
402.0820	8.0506E-05
402.0823	8.0506E-05
402.0827	8.0506E-05
402.0830	8.0506E-05
402.0837	8.0506E-05
402.0844	8.0505E-05
402.0852	8.0505E-05
402.0859	8.0505E-05
402.0866	8.0505E-05
402.0873	8.0505E-05
402.0880	8.0505E-05
402.0932	8.0505E-05
402.1034	8.0505E-05
402.1239	8.0503E-05
402.1648	8.0501E-05
402.4106	8.0489E-05
403.0830	8.0455E-05
403.0840	8.0455E-05
404.1620	8.0400E-05
404.1623	8.0400E-05
404.1627	8.0400E-05
404.1630	8.0400E-05
404.1637	8.0400E-05
404.1644	8.0400E-05
404.1652	8.0400E-05
404.1659	8.0400E-05
404.1666	8.0400E-05
404.1673	8.0400E-05
404.1680	8.0399E-05
404.1732	8.0399E-05
404.1834	8.0399E-05
404.2039	8.0398E-05
404.2448	8.0396E-05
405.1630	8.0349E-05
405.1640	8.0349E-05
406.2490	8.0294E-05
406.2493	8.0294E-05
406.2497	8.0294E-05
406.2500	8.0294E-05
406.2507	8.0294E-05
406.2514	8.0294E-05
406.2522	8.0294E-05
406.2529	8.0294E-05
406.2536	8.0294E-05
406.2543	8.0294E-05
406.2550	8.0293E-05
406.2602	8.0293E-05
406.2704	8.0293E-05
406.2909	8.0292E-05
406.3318	8.0290E-05
407.2500	8.0243E-05
407.2510	8.0243E-05
408.3320	8.0188E-05
408.3323	8.0188E-05
408.3327	8.0188E-05
408.3330	8.0188E-05
408.3337	8.0188E-05
408.3344	8.0188E-05
408.3352	8.0188E-05
408.3359	8.0188E-05
408.3366	8.0188E-05
408.3373	8.0188E-05
408.3380	8.0188E-05
408.3432	8.0188E-05
408.3534	8.0187E-05
408.3739	8.0186E-05
408.4148	8.0184E-05
409.2050	8.0144E-05
409.3330	8.0137E-05
409.3340	8.0137E-05
410.4120	8.0083E-05
410.4123	8.0083E-05
410.4127	8.0083E-05
410.4130	8.0083E-05
410.4137	8.0083E-05
410.4144	8.0083E-05
410.4152	8.0083E-05
410.4159	8.0082E-05
410.4166	8.0082E-05
410.4173	8.0082E-05
410.4180	8.0082E-05
410.4232	8.0082E-05
410.4334	8.0082E-05
410.4539	8.0081E-05
410.4948	8.0078E-05
411.4130	8.0032E-05
411.4140	8.0032E-05
412.4990	7.9977E-05
412.4993	7.9977E-05
412.4997	7.9977E-05
412.5000	7.9977E-05
412.5007	7.9977E-05
412.5014	7.9977E-05
412.5022	7.9977E-05
412.5029	7.9977E-05
412.5036	7.9977E-05
412.5043	7.9977E-05
412.5050	7.9977E-05
412.5102	7.9976E-05
412.5204	7.9976E-05
412.5409	7.9975E-05
412.5818	7.9973E-05
413.5000	7.9926E-05
413.5010	7.9926E-05
414.5820	7.9872E-05
414.5823	7.9872E-05
414.5827	7.9872E-05
414.5830	7.9872E-05
414.5837	7.9872E-05
414.5844	7.9872E-05
414.5852	7.9872E-05
414.5859	7.9872E-05
414.5866	7.9871E-05
414.5873	7.9871E-05
414.5880	7.9871E-05
414.5932	7.9871E-05
414.6034	7.9871E-05
414.6239	7.9870E-05
414.6648	7.9868E-05
415.5250	7.9824E-05
415.5830	7.9821E-05
415.5840	7.9821E-05
416.6620	7.9767E-05
416.6623	7.9767E-05
416.6627	7.9767E-05
416.6630	7.9767E-05
416.6637	7.9767E-05
416.6644	7.9767E-05
416.6652	7.9767E-05
416.6659	7.9766E-05
416.6666	7.9766E-05
416.6673	7.9766E-05
416.6680	7.9766E-05
416.6732	7.9766E-05
416.6834	7.9766E-05
416.7039	7.9765E-05
416.7448	7.9762E-05
417.6630	7.9716E-05
417.6640	7.9716E-05
418.7490	7.9661E-05
418.7493	7.9661E-05
418.7497	7.9661E-05
418.7500	7.9661E-05
418.7507	7.9661E-05
418.7514	7.9661E-05
418.7522	7.9661E-05
418.7529	7.9661E-05
418.7536	7.9661E-05
418.7543	7.9661E-05
418.7550	7.9661E-05
418.7602	7.9661E-05
418.7704	7.9660E-05
418.7909	7.9659E-05
418.8318	7.9657E-05
419.7500	7.9611E-05
419.7510	7.9611E-05
420.8320	7.9556E-05
420.8323	7.9556E-05
420.8327	7.9556E-05
420.8330	7.9556E-05
420.8337	7.9556E-05
420.8344	7.9556E-05
420.8352	7.9556E-05
420.8359	7.9556E-05
420.8366	7.9556E-05
420.8373	7.9556E-05
420.8380	7.9556E-05
420.8432	7.9556E-05
420.8534	7.9555E-05
420.8739	7.9554E-05
420.9148	7.9552E-05
421.8280	7.9506E-05
421.8330	7.9506E-05
421.8340	7.9506E-05
422.9120	7.9452E-05
422.9123	7.9452E-05
422.9127	7.9452E-05
422.9130	7.9452E-05
422.9137	7.9452E-05
422.9144	7.9452E-05
422.9152	7.9452E-05
422.9159	7.9452E-05
422.9166	7.9452E-05
422.9173	7.9452E-05
422.9180	7.9451E-05
422.9232	7.9451E-05
422.9334	7.9451E-05
422.9539	7.9450E-05
422.9948	7.9448E-05
423.9130	7.9401E-05
423.9140	7.9401E-05
424.9990	7.9347E-05
424.9993	7.9347E-05
424.9997	7.9347E-05
425.0000	7.9347E-05
425.0007	7.9347E-05
425.0014	7.9347E-05
425.0022	7.9347E-05
425.0029	7.9347E-05
425.0036	7.9347E-05
425.0043	7.9347E-05
425.0050	7.9347E-05
425.0102	7.9346E-05
425.0204	7.9346E-05
425.0409	7.9345E-05
425.0818	7.9343E-05
426.0000	7.9297E-05
426.0010	7.9297E-05
427.0820	7.9242E-05
427.0823	7.9242E-05
427.0827	7.9242E-05
427.0830	7.9242E-05
427.0837	7.9242E-05
427.0844	7.9242E-05
427.0852	7.9242E-05
427.0859	7.9242E-05
427.0866	7.9242E-05
427.0873	7.9242E-05
427.0880	7.9242E-05
427.0932	7.9242E-05
427.1034	7.9241E-05
427.1239	7.9240E-05
427.1648	7.9238E-05
428.0830	7.9192E-05
428.0840	7.9192E-05
428.0841	7.9192E-05
429.1620	7.9138E-05
429.1623	7.9138E-05
429.1627	7.9138E-05
429.1630	7.9138E-05
429.1637	7.9138E-05
429.1644	7.9138E-05
429.1652	7.9138E-05
429.1659	7.9138E-05
429.1666	7.9138E-05
429.1673	7.9138E-05
429.1680	7.9138E-05
429.1732	7.9137E-05
429.1834	7.9137E-05
429.2039	7.9136E-05
429.2448	7.9134E-05
430.1630	7.9088E-05
430.1640	7.9088E-05
431.2490	7.9033E-05
431.2493	7.9033E-05
431.2497	7.9033E-05
431.2500	7.9033E-05
431.2507	7.9033E-05
431.2514	7.9033E-05
431.2522	7.9033E-05
431.2529	7.9033E-05
431.2536	7.9033E-05
431.2543	7.9033E-05
431.2550	7.9033E-05
431.2602	7.9033E-05
431.2704	7.9032E-05
431.2909	7.9031E-05
431.3318	7.9029E-05
432.2500	7.8983E-05
432.2510	7.8983E-05
433.3320	7.8929E-05
433.3323	7.8929E-05
433.3327	7.8929E-05
433.3330	7.8929E-05
433.3337	7.8929E-05
433.3344	7.8929E-05
433.3352	7.8929E-05
433.3359	7.8929E-05
433.3366	7.8929E-05
433.3373	7.8929E-05
433.3380	7.8929E-05
433.3432	7.8929E-05
433.3534	7.8928E-05
433.3739	7.8927E-05
433.4148	7.8925E-05
434.3330	7.8879E-05
434.3340	7.8879E-05
434.4158	7.8875E-05
435.4120	7.8825E-05
435.4123	7.8825E-05
435.4127	7.8825E-05
435.4130	7.8825E-05
435.4137	7.8825E-05
435.4144	7.8825E-05
435.4152	7.8825E-05
435.4159	7.8825E-05
435.4166	7.8825E-05
435.4173	7.8825E-05
435.4180	7.8825E-05
435.4232	7.8825E-05
435.4334	7.8824E-05
435.4539	7.8823E-05
435.4948	7.8821E-05
436.4130	7.8775E-05
436.4140	7.8775E-05
437.4990	7.8721E-05
437.4993	7.8721E-05
437.4997	7.8721E-05
437.5000	7.8721E-05
437.5007	7.8721E-05
437.5014	7.8721E-05
437.5022	7.8721E-05
437.5029	7.8721E-05
437.5036	7.8721E-05
437.5043	7.8721E-05
437.5050	7.8721E-05
437.5102	7.8721E-05
437.5204	7.8720E-05
437.5409	7.8719E-05
437.5818	7.8717E-05
438.5000	7.8671E-05
438.5010	7.8671E-05
439.5820	7.8617E-05
439.5823	7.8617E-05
439.5827	7.8617E-05
439.5830	7.8617E-05
439.5837	7.8617E-05
439.5844	7.8617E-05
439.5852	7.8617E-05
439.5859	7.8617E-05
439.5866	7.8617E-05
439.5873	7.8617E-05
439.5880	7.8617E-05
439.5932	7.8617E-05
439.6034	7.8616E-05
439.6239	7.8615E-05
439.6648	7.8613E-05
440.5830	7.8567E-05
440.5840	7.8567E-05
441.3023	7.8532E-05
441.6620	7.8514E-05
441.6623	7.8514E-05
441.6627	7.8514E-05
441.6630	7.8514E-05
441.6637	7.8514E-05
441.6644	7.8514E-05
441.6652	7.8514E-05
441.6659	7.8514E-05
441.6666	7.8514E-05
441.6673	7.8514E-05
441.6680	7.8513E-05
441.6732	7.8513E-05
441.6834	7.8513E-05
441.7039	7.8512E-05
441.7448	7.8510E-05
442.6630	7.8464E-05
442.6640	7.8464E-05
443.7490	7.8410E-05
443.7493	7.8410E-05
443.7497	7.8410E-05
443.7500	7.8410E-05
443.7507	7.8410E-05
443.7514	7.8410E-05
443.7522	7.8410E-05
443.7529	7.8410E-05
443.7536	7.8410E-05
443.7543	7.8410E-05
443.7550	7.8410E-05
443.7602	7.8409E-05
443.7704	7.8409E-05
443.7909	7.8408E-05
443.8318	7.8406E-05
444.7500	7.8360E-05
444.7510	7.8360E-05
445.8320	7.8307E-05
445.8323	7.8307E-05
445.8327	7.8307E-05
445.8330	7.8306E-05
445.8337	7.8306E-05
445.8344	7.8306E-05
445.8352	7.8306E-05
445.8359	7.8306E-05
445.8366	7.8306E-05
445.8373	7.8306E-05
445.8380	7.8306E-05
445.8432	7.8306E-05
445.8534	7.8305E-05
445.8739	7.8304E-05
445.9148	7.8302E-05
446.8330	7.8257E-05
446.8340	7.8257E-05
447.8480	7.8207E-05
447.9120	7.8203E-05
447.9123	7.8203E-05
447.9127	7.8203E-05
447.9130	7.8203E-05
447.9137	7.8203E-05
447.9144	7.8203E-05
447.9152	7.8203E-05
447.9159	7.8203E-05
447.9166	7.8203E-05
447.9173	7.8203E-05
447.9180	7.8203E-05
447.9232	7.8203E-05
447.9334	7.8202E-05
447.9539	7.8201E-05
447.9948	7.8199E-05
448.9130	7.8154E-05
448.9140	7.8154E-05
449.9990	7.8100E-05
449.9993	7.8100E-05
449.9997	7.8100E-05
450.0000	7.8100E-05
450.0007	7.8100E-05
450.0014	7.8100E-05
450.0022	7.8100E-05
450.0029	7.8100E-05
450.0036	7.8100E-05
450.0043	7.8100E-05
450.0050	7.8100E-05
450.0102	7.8099E-05
450.0204	7.8099E-05
450.0409	7.8098E-05
450.0818	7.8096E-05
451.0000	7.8050E-05
451.0010	7.8050E-05
452.0820	7.7997E-05
452.0823	7.7997E-05
452.0827	7.7997E-05
452.0830	7.7997E-05
452.0837	7.7997E-05
452.0844	7.7997E-05
452.0852	7.7997E-05
452.0859	7.7997E-05
452.0866	7.7997E-05
452.0873	7.7997E-05
452.0880	7.7997E-05
452.0932	7.7996E-05
452.1034	7.7996E-05
452.1239	7.7995E-05
452.1648	7.7993E-05
453.0830	7.7947E-05
453.0840	7.7947E-05
454.1440	7.7895E-05
454.1620	7.7894E-05
454.1623	7.7894E-05
454.1627	7.7894E-05
454.1630	7.7894E-05
454.1637	7.7894E-05
454.1644	7.7894E-05
454.1652	7.7894E-05
454.1659	7.7894E-05
454.1666	7.7894E-05
454.1673	7.7894E-05
454.1680	7.7894E-05
454.1732	7.7893E-05
454.1834	7.7893E-05
454.2039	7.7892E-05
454.2448	7.7890E-05
455.1630	7.7845E-05
455.1640	7.7845E-05
456.2490	7.7791E-05
456.2493	7.7791E-05
456.2497	7.7791E-05
456.2500	7.7791E-05
456.2507	7.7791E-05
456.2514	7.7791E-05
456.2522	7.7791E-05
456.2529	7.7791E-05
456.2536	7.7791E-05
456.2543	7.7791E-05
456.2550	7.7791E-05
456.2602	7.7790E-05
456.2704	7.7790E-05
456.2909	7.7789E-05
456.3318	7.7787E-05
457.2500	7.7742E-05
457.2510	7.7742E-05
458.3320	7.7688E-05
458.3323	7.7688E-05
458.3327	7.7688E-05
458.3330	7.7688E-05
458.3337	7.7688E-05
458.3344	7.7688E-05
458.3352	7.7688E-05
458.3359	7.7688E-05
458.3366	7.7688E-05
458.3373	7.7688E-05
458.3380	7.7688E-05
458.3432	7.7688E-05
458.3534	7.7687E-05
458.3739	7.7686E-05
458.4148	7.7684E-05
459.3330	7.7639E-05
459.3340	7.7639E-05
460.4120	7.7586E-05
460.4123	7.7586E-05
460.4127	7.7586E-05
460.4130	7.7586E-05
460.4137	7.7586E-05
460.4144	7.7586E-05
460.4152	7.7586E-05
460.4159	7.7586E-05
460.4166	7.7586E-05
460.4173	7.7586E-05
460.4180	7.7585E-05
460.4232	7.7585E-05
460.4334	7.7585E-05
460.4539	7.7584E-05
460.4948	7.7582E-05
461.4130	7.7536E-05
461.4140	7.7536E-05
462.4990	7.7483E-05
462.4993	7.7483E-05
462.4997	7.7483E-05
462.5000	7.7483E-05
462.5007	7.7483E-05
462.5014	7.7483E-05
462.5022	7.7483E-05
462.5029	7.7483E-05
462.5036	7.7483E-05
462.5043	7.7483E-05
462.5050	7.7483E-05
462.5102	7.7483E-05
462.5204	7.7482E-05
462.5409	7.7481E-05
462.5818	7.7479E-05
463.5000	7.7434E-05
463.5010	7.7434E-05
464.5820	7.7381E-05
464.5823	7.7381E-05
464.5827	7.7381E-05
464.5830	7.7381E-05
464.5837	7.7381E-05
464.5844	7.7381E-05
464.5852	7.7381E-05
464.5859	7.7381E-05
464.5866	7.7380E-05
464.5873	7.7380E-05
464.5880	7.7380E-05
464.5932	7.7380E-05
464.6034	7.7380E-05
464.6239	7.7379E-05
464.6648	7.7377E-05
465.5830	7.7332E-05
465.5840	7.7332E-05
466.6620	7.7279E-05
466.6623	7.7279E-05
466.6627	7.7279E-05
466.6630	7.7279E-05
466.6642	7.7279E-05
466.6655	7.7278E-05
466.6680	7.7278E-05
466.6732	7.7278E-05
466.6834	7.7278E-05
466.7039	7.7277E-05
466.7448	7.7275E-05
467.6630	7.7230E-05
467.6640	7.7229E-05
468.7490	7.7176E-05
468.7493	7.7176E-05
468.7497	7.7176E-05
468.7500	7.7176E-05
468.7507	7.7176E-05
468.7514	7.7176E-05
468.7522	7.7176E-05
468.7529	7.7176E-05
468.7536	7.7176E-05
468.7543	7.7176E-05
468.7550	7.7176E-05
468.7602	7.7176E-05
468.7704	7.7175E-05
468.7909	7.7174E-05
468.8318	7.7172E-05
469.7500	7.7127E-05
469.7510	7.7127E-05
470.8320	7.7074E-05
470.8323	7.7074E-05
470.8327	7.7074E-05
470.8330	7.7074E-05
470.8337	7.7074E-05
470.8344	7.7074E-05
470.8352	7.7074E-05
470.8359	7.7074E-05
470.8366	7.7074E-05
470.8373	7.7074E-05
470.8380	7.7074E-05
470.8432	7.7074E-05
470.8534	7.7073E-05
470.8739	7.7072E-05
470.9148	7.7070E-05
471.8330	7.7025E-05
471.8340	7.7025E-05
472.9120	7.6973E-05
472.9123	7.6973E-05
472.9127	7.6973E-05
472.9130	7.6973E-05
472.9137	7.6972E-05
472.9144	7.6972E-05
472.9152	7.6972E-05
472.9159	7.6972E-05
472.9166	7.6972E-05
472.9173	7.6972E-05
472.9180	7.6972E-05
472.9232	7.6972E-05
472.9334	7.6972E-05
472.9539	7.6971E-05
472.9948	7.6969E-05
473.5693	7.6940E-05
473.9130	7.6924E-05
473.9140	7.6924E-05
474.9990	7.6871E-05
474.9993	7.6871E-05
474.9997	7.6871E-05
475.0000	7.6871E-05
475.0007	7.6871E-05
475.0014	7.6870E-05
475.0022	7.6870E-05
475.0029	7.6870E-05
475.0036	7.6870E-05
475.0043	7.6870E-05
475.0050	7.6870E-05
475.0102	7.6870E-05
475.0204	7.6870E-05
475.0409	7.6869E-05
475.0818	7.6867E-05
476.0000	7.6822E-05
476.0010	7.6822E-05
477.0820	7.6769E-05
477.0821	7.6769E-05
477.0823	7.6769E-05
477.0827	7.6769E-05
477.0830	7.6769E-05
477.0837	7.6769E-05
477.0844	7.6769E-05
477.0852	7.6769E-05
477.0859	7.6769E-05
477.0866	7.6769E-05
477.0873	7.6769E-05
477.0880	7.6769E-05
477.0932	7.6768E-05
477.1034	7.6768E-05
477.1239	7.6767E-05
477.1648	7.6765E-05
478.0830	7.6720E-05
478.0840	7.6720E-05
479.1620	7.6668E-05
479.1623	7.6668E-05
479.1627	7.6668E-05
479.1630	7.6668E-05
479.1637	7.6667E-05
479.1644	7.6667E-05
479.1652	7.6667E-05
479.1659	7.6667E-05
479.1666	7.6667E-05
479.1673	7.6667E-05
479.1680	7.6667E-05
479.1732	7.6667E-05
479.1834	7.6667E-05
479.2039	7.6666E-05
479.2448	7.6664E-05
480.0380	7.6625E-05
480.1630	7.6619E-05
480.1640	7.6619E-05
481.2490	7.6566E-05
481.2493	7.6566E-05
481.2497	7.6566E-05
481.2500	7.6566E-05
481.2507	7.6566E-05
481.2514	7.6566E-05
481.2522	7.6566E-05
481.2529	7.6566E-05
481.2536	7.6566E-05
481.2543	7.6566E-05
481.2550	7.6566E-05
481.2602	7.6565E-05
481.2704	7.6565E-05
481.2909	7.6564E-05
481.3318	7.6562E-05
482.2500	7.6517E-05
482.2510	7.6517E-05
483.3320	7.6465E-05
483.3323	7.6465E-05
483.3327	7.6465E-05
483.3330	7.6465E-05
483.3337	7.6465E-05
483.3344	7.6465E-05
483.3352	7.6465E-05
483.3359	7.6465E-05
483.3366	7.6464E-05
483.3373	7.6464E-05
483.3380	7.6464E-05
483.3432	7.6464E-05
483.3534	7.6464E-05
483.3739	7.6463E-05
483.4148	7.6461E-05
484.3330	7.6416E-05
484.3340	7.6416E-05
485.4120	7.6364E-05
485.4121	7.6364E-05
485.4123	7.6364E-05
485.4127	7.6364E-05
485.4130	7.6364E-05
485.4137	7.6364E-05
485.4144	7.6364E-05
485.4152	7.6364E-05
485.4159	7.6363E-05
485.4166	7.6363E-05
485.4173	7.6363E-05
485.4180	7.6363E-05
485.4232	7.6363E-05
485.4334	7.6363E-05
485.4539	7.6362E-05
485.4948	7.6360E-05
486.3790	7.6317E-05
486.4130	7.6315E-05
486.4140	7.6315E-05
487.4990	7.6262E-05
487.4991	7.6262E-05
487.4993	7.6262E-05
487.4997	7.6262E-05
487.5000	7.6262E-05
487.5007	7.6262E-05
487.5014	7.6262E-05
487.5022	7.6262E-05
487.5029	7.6262E-05
487.5036	7.6262E-05
487.5043	7.6262E-05
487.5050	7.6262E-05
487.5102	7.6262E-05
487.5204	7.6261E-05
487.5409	7.6260E-05
487.5818	7.6258E-05
488.5000	7.6214E-05
488.5010	7.6214E-05
489.5810	7.6162E-05
489.5820	7.6162E-05
