-500 5.0000E-08
-499 5.0000E-08
-498 5.0000E-08
-497 5.0000E-08
-496 5.0000E-08
-495 5.0000E-08
-494 5.0000E-08
-493 5.0000E-08
-492 5.0000E-08
-491 5.0000E-08
-490 5.0000E-08
-489 5.0000E-08
-488 5.0000E-08
-487 5.0000E-08
-486 5.0000E-08
-485 5.0000E-08
-484 5.0000E-08
-483 5.0000E-08
-482 5.0000E-08
-481 5.0000E-08
-480 5.0000E-08
-479 5.0000E-08
-478 5.0000E-08
-477 5.0000E-08
-476 5.0000E-08
-475 5.0000E-08
-474 5.0000E-08
-473 5.0000E-08
-472 5.0000E-08
-471 5.0000E-08
-470 5.0000E-08
-469 5.0000E-08
-468 5.0000E-08
-467 5.0000E-08
-466 5.0000E-08
-465 5.0000E-08
-464 5.0000E-08
-463 5.0000E-08
-462 5.0000E-08
-461 5.0000E-08
-460 5.0000E-08
-459 5.0000E-08
-458 5.0000E-08
-457 5.0000E-08
-456 5.0000E-08
-455 5.0000E-08
-454 5.0000E-08
-453 5.0000E-08
-452 5.0000E-08
-451 5.0000E-08
-450 5.0000E-08
-449 5.0000E-08
-448 5.0000E-08
-447 5.0000E-08
-446 5.0000E-08
-445 5.0000E-08
-444 5.0000E-08
-443 5.0000E-08
-442 5.0000E-08
-441 5.0000E-08
-440 5.0000E-08
-439 5.0000E-08
-438 5.0000E-08
-437 5.0000E-08
-436 5.0000E-08
-435 5.0000E-08
-434 5.0000E-08
-433 5.0000E-08
-432 5.0000E-08
-431 5.0000E-08
-430 5.0000E-08
-429 5.0000E-08
-428 5.0000E-08
-427 5.0000E-08
-426 5.0000E-08
-425 5.0000E-08
-424 5.0000E-08
-423 5.0000E-08
-422 5.0000E-08
-421 5.0000E-08
-420 5.0000E-08
-419 5.0000E-08
-418 5.0000E-08
-417 5.0000E-08
-416 5.0000E-08
-415 5.0000E-08
-414 5.0000E-08
-413 5.0000E-08
-412 5.0000E-08
-411 5.0000E-08
-410 5.0000E-08
-409 5.0000E-08
-408 5.0000E-08
-407 5.0000E-08
-406 5.0000E-08
-405 5.0000E-08
-404 5.0000E-08
-403 5.0000E-08
-402 5.0000E-08
-401 5.0000E-08
-400 5.0000E-08
-399 5.0000E-08
-398 5.0000E-08
-397 5.0000E-08
-396 5.0000E-08
-395 5.0000E-08
-394 5.0000E-08
-393 5.0000E-08
-392 5.0000E-08
-391 5.0000E-08
-390 5.0000E-08
-389 5.0000E-08
-388 5.0000E-08
-387 5.0000E-08
-386 5.0000E-08
-385 5.0000E-08
-384 5.0000E-08
-383 5.0000E-08
-382 5.0000E-08
-381 5.0000E-08
-380 5.0000E-08
-379 5.0000E-08
-378 5.0000E-08
-377 5.0000E-08
-376 5.0000E-08
-375 5.0000E-08
-374 5.0000E-08
-373 5.0000E-08
-372 5.0000E-08
-371 5.0000E-08
-370 5.0000E-08
-369 5.0000E-08
-368 5.0000E-08
-367 5.0000E-08
-366 5.0000E-08
-365 5.0000E-08
-364 5.0000E-08
-363 5.0000E-08
-362 5.0000E-08
-361 5.0000E-08
-360 5.0000E-08
-359 5.0000E-08
-358 5.0000E-08
-357 5.0000E-08
-356 5.0000E-08
-355 5.0000E-08
-354 5.0000E-08
-353 5.0000E-08
-352 5.0000E-08
-351 5.0000E-08
-350 5.0000E-08
-349 5.0000E-08
-348 5.0000E-08
-347 5.0000E-08
-346 5.0000E-08
-345 5.0000E-08
-344 5.0000E-08
-343 5.0000E-08
-342 5.0000E-08
-341 5.0000E-08
-340 5.0000E-08
-339 5.0000E-08
-338 5.0000E-08
-337 5.0000E-08
-336 5.0000E-08
-335 5.0000E-08
-334 5.0000E-08
-333 5.0000E-08
-332 5.0000E-08
-331 5.0000E-08
-330 5.0000E-08
-329 5.0000E-08
-328 5.0000E-08
-327 5.0000E-08
-326 5.0000E-08
-325 5.0000E-08
-324 5.0000E-08
-323 5.0000E-08
-322 5.0000E-08
-321 5.0000E-08
-320 5.0000E-08
-319 5.0000E-08
-318 5.0000E-08
-317 5.0000E-08
-316 5.0000E-08
-315 5.0000E-08
-314 5.0000E-08
-313 5.0000E-08
-312 5.0000E-08
-311 5.0000E-08
-310 5.0000E-08
-309 5.0000E-08
-308 5.0000E-08
-307 5.0000E-08
-306 5.0000E-08
-305 5.0000E-08
-304 5.0000E-08
-303 5.0000E-08
-302 5.0000E-08
-301 5.0000E-08
-300 5.0000E-08
-299 5.0000E-08
-298 5.0000E-08
-297 5.0000E-08
-296 5.0000E-08
-295 5.0000E-08
-294 5.0000E-08
-293 5.0000E-08
-292 5.0000E-08
-291 5.0000E-08
-290 5.0000E-08
-289 5.0000E-08
-288 5.0000E-08
-287 5.0000E-08
-286 5.0000E-08
-285 5.0000E-08
-284 5.0000E-08
-283 5.0000E-08
-282 5.0000E-08
-281 5.0000E-08
-280 5.0000E-08
-279 5.0000E-08
-278 5.0000E-08
-277 5.0000E-08
-276 5.0000E-08
-275 5.0000E-08
-274 5.0000E-08
-273 5.0000E-08
-272 5.0000E-08
-271 5.0000E-08
-270 5.0000E-08
-269 5.0000E-08
-268 5.0000E-08
-267 5.0000E-08
-266 5.0000E-08
-265 5.0000E-08
-264 5.0000E-08
-263 5.0000E-08
-262 5.0000E-08
-261 5.0000E-08
-260 5.0000E-08
-259 5.0000E-08
-258 5.0000E-08
-257 5.0000E-08
-256 5.0000E-08
-255 5.0000E-08
-254 5.0000E-08
-253 5.0000E-08
-252 5.0000E-08
-251 5.0000E-08
-250 5.0000E-08
-249 5.0000E-08
-248 5.0000E-08
-247 5.0000E-08
-246 5.0000E-08
-245 5.0000E-08
-244 5.0000E-08
-243 5.0000E-08
-242 5.0000E-08
-241 5.0000E-08
-240 5.0000E-08
-239 5.0000E-08
-238 5.0000E-08
-237 5.0000E-08
-236 5.0000E-08
-235 5.0000E-08
-234 5.0000E-08
-233 5.0000E-08
-232 5.0000E-08
-231 5.0000E-08
-230 5.0000E-08
-229 5.0000E-08
-228 5.0000E-08
-227 5.0000E-08
-226 5.0000E-08
-225 5.0000E-08
-224 5.0000E-08
-223 5.0000E-08
-222 5.0000E-08
-221 5.0000E-08
-220 5.0000E-08
-219 5.0000E-08
-218 5.0000E-08
-217 5.0000E-08
-216 5.0000E-08
-215 5.0000E-08
-214 5.0000E-08
-213 5.0000E-08
-212 5.0000E-08
-211 5.0000E-08
-210 5.0000E-08
-209 5.0000E-08
-208 5.0000E-08
-207 5.0000E-08
-206 5.0000E-08
-205 5.0000E-08
-204 5.0000E-08
-203 5.0000E-08
-202 5.0000E-08
-201 5.0000E-08
-200 5.0000E-08
-199 5.0000E-08
-198 5.0000E-08
-197 5.0000E-08
-196 5.0000E-08
-195 5.0000E-08
-194 5.0000E-08
-193 5.0000E-08
-192 5.0000E-08
-191 5.0000E-08
-190 5.0000E-08
-189 5.0000E-08
-188 5.0000E-08
-187 5.0000E-08
-186 5.0000E-08
-185 5.0000E-08
-184 5.0000E-08
-183 5.0000E-08
-182 5.0000E-08
-181 5.0000E-08
-180 5.0000E-08
-179 5.0000E-08
-178 5.0000E-08
-177 5.0000E-08
-176 5.0000E-08
-175 5.0000E-08
-174 5.0000E-08
-173 5.0000E-08
-172 5.0000E-08
-171 5.0000E-08
-170 5.0000E-08
-169 5.0000E-08
-168 5.0000E-08
-167 5.0000E-08
-166 5.0000E-08
-165 5.0000E-08
-164 5.0000E-08
-163 5.0000E-08
-162 5.0000E-08
-161 5.0000E-08
-160 5.0000E-08
-159 5.0000E-08
-158 5.0000E-08
-157 5.0000E-08
-156 5.0000E-08
-155 5.0000E-08
-154 5.0000E-08
-153 5.0000E-08
-152 5.0000E-08
-151 5.0000E-08
-150 5.0000E-08
-149 5.0000E-08
-148 5.0000E-08
-147 5.0000E-08
-146 5.0000E-08
-145 5.0000E-08
-144 5.0000E-08
-143 5.0000E-08
-142 5.0000E-08
-141 5.0000E-08
-140 5.0000E-08
-139 5.0000E-08
-138 5.0000E-08
-137 5.0000E-08
-136 5.0000E-08
-135 5.0000E-08
-134 5.0000E-08
-133 5.0000E-08
-132 5.0000E-08
-131 5.0000E-08
-130 5.0000E-08
-129 5.0000E-08
-128 5.0000E-08
-127 5.0000E-08
-126 5.0000E-08
-125 5.0000E-08
-124 5.0000E-08
-123 5.0000E-08
-122 5.0000E-08
-121 5.0000E-08
-120 5.0000E-08
-119 5.0000E-08
-118 5.0000E-08
-117 5.0000E-08
-116 5.0000E-08
-115 5.5765E-08
-114 6.4305E-08
-113 9.6856E-07
-112 3.6641E-06
-111 6.3584E-06
-110 2.5491E-05
-109 4.4730E-05
-108 4.9500E-03
-107 1.2523E-02
-106 2.3017E-02
-105 4.0731E-02
-104 5.8380E-02
-103 8.0047E-02
-102 1.0200E-01
-101 1.2463E-01
-100 1.4788E-01
-99 1.7133E-01
-98 1.9836E-01
-97 2.2520E-01
-96 2.5377E-01
-95 2.8330E-01
-94 3.1248E-01
-93 3.4048E-01
-92 3.6822E-01
-91 3.9865E-01
-90 4.3141E-01
-89 4.6380E-01
-88 4.9227E-01
-87 5.1995E-01
-86 5.4733E-01
-85 5.7465E-01
-84 6.0160E-01
-83 6.2663E-01
-82 6.4817E-01
-81 6.6938E-01
-80 6.9130E-01
-79 7.1458E-01
-78 7.3747E-01
-77 7.5964E-01
-76 7.8061E-01
-75 8.0117E-01
-74 8.2132E-01
-73 8.4048E-01
-72 8.5921E-01
-71 8.7753E-01
-70 8.9508E-01
-69 9.1174E-01
-68 9.2799E-01
-67 9.4383E-01
-66 9.5623E-01
-65 9.6575E-01
-64 9.7499E-01
-63 9.8396E-01
-62 9.9137E-01
-61 9.9327E-01
-60 9.9510E-01
-59 9.9687E-01
-58 9.9857E-01
-57 1.0000E+00
-56 1.0000E+00
-55 1.0000E+00
-54 1.0000E+00
-53 1.0000E+00
-52 1.0000E+00
-51 1.0000E+00
-50 1.0000E+00
-49 1.0000E+00
-48 1.0000E+00
-47 1.0000E+00
-46 1.0000E+00
-45 1.0000E+00
-44 1.0000E+00
-43 1.0000E+00
-42 1.0000E+00
-41 9.9992E-01
-40 9.9931E-01
-39 9.9876E-01
-38 9.9827E-01
-37 9.9783E-01
-36 9.9744E-01
-35 9.9710E-01
-34 9.9682E-01
-33 9.9659E-01
-32 9.9641E-01
-31 9.9628E-01
-30 9.9619E-01
-29 9.9615E-01
-28 9.9616E-01
-27 9.9621E-01
-26 9.9631E-01
-25 9.9644E-01
-24 9.9662E-01
-23 9.9683E-01
-22 9.9708E-01
-21 9.9737E-01
-20 9.9769E-01
-19 9.9805E-01
-18 9.9844E-01
-17 9.9885E-01
-16 9.9930E-01
-15 9.9977E-01
-14 1.0000E+00
-13 1.0000E+00
-12 1.0000E+00
-11 1.0000E+00
-10 1.0000E+00
-9 1.0000E+00
-8 1.0000E+00
-7 1.0000E+00
-6 1.0000E+00
-5 1.0000E+00
-4 1.0000E+00
-3 1.0000E+00
-2 1.0000E+00
-1 1.0000E+00
0 1.0000E+00
1 1.0000E+00
2 1.0000E+00
3 1.0000E+00
4 1.0000E+00
5 1.0000E+00
6 1.0000E+00
7 1.0000E+00
8 1.0000E+00
9 1.0000E+00
10 1.0000E+00
11 1.0000E+00
12 1.0000E+00
13 1.0000E+00
14 1.0000E+00
15 9.9977E-01
16 9.9930E-01
17 9.9885E-01
18 9.9844E-01
19 9.9805E-01
20 9.9769E-01
21 9.9737E-01
22 9.9708E-01
23 9.9683E-01
24 9.9662E-01
25 9.9644E-01
26 9.9631E-01
27 9.9621E-01
28 9.9616E-01
29 9.9615E-01
30 9.9619E-01
31 9.9628E-01
32 9.9641E-01
33 9.9659E-01
34 9.9682E-01
35 9.9710E-01
36 9.9744E-01
37 9.9783E-01
38 9.9827E-01
39 9.9876E-01
40 9.9931E-01
41 9.9992E-01
42 1.0000E+00
43 1.0000E+00
44 1.0000E+00
45 1.0000E+00
46 1.0000E+00
47 1.0000E+00
48 1.0000E+00
49 1.0000E+00
50 1.0000E+00
51 1.0000E+00
52 1.0000E+00
53 1.0000E+00
54 1.0000E+00
55 1.0000E+00
56 1.0000E+00
57 1.0000E+00
58 9.9857E-01
59 9.9687E-01
60 9.9510E-01
61 9.9327E-01
62 9.9137E-01
63 9.8396E-01
64 9.7499E-01
65 9.6575E-01
66 9.5623E-01
67 9.4383E-01
68 9.2799E-01
69 9.1174E-01
70 8.9508E-01
71 8.7753E-01
72 8.5921E-01
73 8.4048E-01
74 8.2132E-01
75 8.0117E-01
76 7.8061E-01
77 7.5964E-01
78 7.3747E-01
79 7.1458E-01
80 6.9130E-01
81 6.6938E-01
82 6.4817E-01
83 6.2663E-01
84 6.0160E-01
85 5.7465E-01
86 5.4733E-01
87 5.1995E-01
88 4.9227E-01
89 4.6380E-01
90 4.3141E-01
91 3.9865E-01
92 3.6822E-01
93 3.4048E-01
94 3.1248E-01
95 2.8330E-01
96 2.5377E-01
97 2.2520E-01
98 1.9836E-01
99 1.7133E-01
100 1.4788E-01
101 1.2463E-01
102 1.0200E-01
103 8.0047E-02
104 5.8380E-02
105 4.0731E-02
106 2.3017E-02
107 1.2523E-02
108 4.9500E-03
109 4.4730E-05
110 2.5491E-05
111 6.3584E-06
112 3.6641E-06
113 9.6856E-07
114 6.4305E-08
115 5.5765E-08
116 5.0000E-08
117 5.0000E-08
118 5.0000E-08
119 5.0000E-08
120 5.0000E-08
121 5.0000E-08
122 5.0000E-08
123 5.0000E-08
124 5.0000E-08
125 5.0000E-08
126 5.0000E-08
127 5.0000E-08
128 5.0000E-08
129 5.0000E-08
130 5.0000E-08
131 5.0000E-08
132 5.0000E-08
133 5.0000E-08
134 5.0000E-08
135 5.0000E-08
136 5.0000E-08
137 5.0000E-08
138 5.0000E-08
139 5.0000E-08
140 5.0000E-08
141 5.0000E-08
142 5.0000E-08
143 5.0000E-08
144 5.0000E-08
145 5.0000E-08
146 5.0000E-08
147 5.0000E-08
148 5.0000E-08
149 5.0000E-08
150 5.0000E-08
151 5.0000E-08
152 5.0000E-08
153 5.0000E-08
154 5.0000E-08
155 5.0000E-08
156 5.0000E-08
157 5.0000E-08
158 5.0000E-08
159 5.0000E-08
160 5.0000E-08
161 5.0000E-08
162 5.0000E-08
163 5.0000E-08
164 5.0000E-08
165 5.0000E-08
166 5.0000E-08
167 5.0000E-08
168 5.0000E-08
169 5.0000E-08
170 5.0000E-08
171 5.0000E-08
172 5.0000E-08
173 5.0000E-08
174 5.0000E-08
175 5.0000E-08
176 5.0000E-08
177 5.0000E-08
178 5.0000E-08
179 5.0000E-08
180 5.0000E-08
181 5.0000E-08
182 5.0000E-08
183 5.0000E-08
184 5.0000E-08
185 5.0000E-08
186 5.0000E-08
187 5.0000E-08
188 5.0000E-08
189 5.0000E-08
190 5.0000E-08
191 5.0000E-08
192 5.0000E-08
193 5.0000E-08
194 5.0000E-08
195 5.0000E-08
196 5.0000E-08
197 5.0000E-08
198 5.0000E-08
199 5.0000E-08
200 5.0000E-08
201 5.0000E-08
202 5.0000E-08
203 5.0000E-08
204 5.0000E-08
205 5.0000E-08
206 5.0000E-08
207 5.0000E-08
208 5.0000E-08
209 5.0000E-08
210 5.0000E-08
211 5.0000E-08
212 5.0000E-08
213 5.0000E-08
214 5.0000E-08
215 5.0000E-08
216 5.0000E-08
217 5.0000E-08
218 5.0000E-08
219 5.0000E-08
220 5.0000E-08
221 5.0000E-08
222 5.0000E-08
223 5.0000E-08
224 5.0000E-08
225 5.0000E-08
226 5.0000E-08
227 5.0000E-08
228 5.0000E-08
229 5.0000E-08
230 5.0000E-08
231 5.0000E-08
232 5.0000E-08
233 5.0000E-08
234 5.0000E-08
235 5.0000E-08
236 5.0000E-08
237 5.0000E-08
238 5.0000E-08
239 5.0000E-08
240 5.0000E-08
241 5.0000E-08
242 5.0000E-08
243 5.0000E-08
244 5.0000E-08
245 5.0000E-08
246 5.0000E-08
247 5.0000E-08
248 5.0000E-08
249 5.0000E-08
250 5.0000E-08
251 5.0000E-08
252 5.0000E-08
253 5.0000E-08
254 5.0000E-08
255 5.0000E-08
256 5.0000E-08
257 5.0000E-08
258 5.0000E-08
259 5.0000E-08
260 5.0000E-08
261 5.0000E-08
262 5.0000E-08
263 5.0000E-08
264 5.0000E-08
265 5.0000E-08
266 5.0000E-08
267 5.0000E-08
268 5.0000E-08
269 5.0000E-08
270 5.0000E-08
271 5.0000E-08
272 5.0000E-08
273 5.0000E-08
274 5.0000E-08
275 5.0000E-08
276 5.0000E-08
277 5.0000E-08
278 5.0000E-08
279 5.0000E-08
280 5.0000E-08
281 5.0000E-08
282 5.0000E-08
283 5.0000E-08
284 5.0000E-08
285 5.0000E-08
286 5.0000E-08
287 5.0000E-08
288 5.0000E-08
289 5.0000E-08
290 5.0000E-08
291 5.0000E-08
292 5.0000E-08
293 5.0000E-08
294 5.0000E-08
295 5.0000E-08
296 5.0000E-08
297 5.0000E-08
298 5.0000E-08
299 5.0000E-08
300 5.0000E-08
301 5.0000E-08
302 5.0000E-08
303 5.0000E-08
304 5.0000E-08
305 5.0000E-08
306 5.0000E-08
307 5.0000E-08
308 5.0000E-08
309 5.0000E-08
310 5.0000E-08
311 5.0000E-08
312 5.0000E-08
313 5.0000E-08
314 5.0000E-08
315 5.0000E-08
316 5.0000E-08
317 5.0000E-08
318 5.0000E-08
319 5.0000E-08
320 5.0000E-08
321 5.0000E-08
322 5.0000E-08
323 5.0000E-08
324 5.0000E-08
325 5.0000E-08
326 5.0000E-08
327 5.0000E-08
328 5.0000E-08
329 5.0000E-08
330 5.0000E-08
331 5.0000E-08
332 5.0000E-08
333 5.0000E-08
334 5.0000E-08
335 5.0000E-08
336 5.0000E-08
337 5.0000E-08
338 5.0000E-08
339 5.0000E-08
340 5.0000E-08
341 5.0000E-08
342 5.0000E-08
343 5.0000E-08
344 5.0000E-08
345 5.0000E-08
346 5.0000E-08
347 5.0000E-08
348 5.0000E-08
349 5.0000E-08
350 5.0000E-08
351 5.0000E-08
352 5.0000E-08
353 5.0000E-08
354 5.0000E-08
355 5.0000E-08
356 5.0000E-08
357 5.0000E-08
358 5.0000E-08
359 5.0000E-08
360 5.0000E-08
361 5.0000E-08
362 5.0000E-08
363 5.0000E-08
364 5.0000E-08
365 5.0000E-08
366 5.0000E-08
367 5.0000E-08
368 5.0000E-08
369 5.0000E-08
370 5.0000E-08
371 5.0000E-08
372 5.0000E-08
373 5.0000E-08
374 5.0000E-08
375 5.0000E-08
376 5.0000E-08
377 5.0000E-08
378 5.0000E-08
379 5.0000E-08
380 5.0000E-08
381 5.0000E-08
382 5.0000E-08
383 5.0000E-08
384 5.0000E-08
385 5.0000E-08
386 5.0000E-08
387 5.0000E-08
388 5.0000E-08
389 5.0000E-08
390 5.0000E-08
391 5.0000E-08
392 5.0000E-08
393 5.0000E-08
394 5.0000E-08
395 5.0000E-08
396 5.0000E-08
397 5.0000E-08
398 5.0000E-08
399 5.0000E-08
400 5.0000E-08
401 5.0000E-08
402 5.0000E-08
403 5.0000E-08
404 5.0000E-08
405 5.0000E-08
406 5.0000E-08
407 5.0000E-08
408 5.0000E-08
409 5.0000E-08
410 5.0000E-08
411 5.0000E-08
412 5.0000E-08
413 5.0000E-08
414 5.0000E-08
415 5.0000E-08
416 5.0000E-08
417 5.0000E-08
418 5.0000E-08
419 5.0000E-08
420 5.0000E-08
421 5.0000E-08
422 5.0000E-08
423 5.0000E-08
424 5.0000E-08
425 5.0000E-08
426 5.0000E-08
427 5.0000E-08
428 5.0000E-08
429 5.0000E-08
430 5.0000E-08
431 5.0000E-08
432 5.0000E-08
433 5.0000E-08
434 5.0000E-08
435 5.0000E-08
436 5.0000E-08
437 5.0000E-08
438 5.0000E-08
439 5.0000E-08
440 5.0000E-08
441 5.0000E-08
442 5.0000E-08
443 5.0000E-08
444 5.0000E-08
445 5.0000E-08
446 5.0000E-08
447 5.0000E-08
448 5.0000E-08
449 5.0000E-08
450 5.0000E-08
451 5.0000E-08
452 5.0000E-08
453 5.0000E-08
454 5.0000E-08
455 5.0000E-08
456 5.0000E-08
457 5.0000E-08
458 5.0000E-08
459 5.0000E-08
460 5.0000E-08
461 5.0000E-08
462 5.0000E-08
463 5.0000E-08
464 5.0000E-08
465 5.0000E-08
466 5.0000E-08
467 5.0000E-08
468 5.0000E-08
469 5.0000E-08
470 5.0000E-08
471 5.0000E-08
472 5.0000E-08
473 5.0000E-08
474 5.0000E-08
475 5.0000E-08
476 5.0000E-08
477 5.0000E-08
478 5.0000E-08
479 5.0000E-08
480 5.0000E-08
481 5.0000E-08
482 5.0000E-08
483 5.0000E-08
484 5.0000E-08
485 5.0000E-08
486 5.0000E-08
487 5.0000E-08
488 5.0000E-08
489 5.0000E-08
490 5.0000E-08
491 5.0000E-08
492 5.0000E-08
493 5.0000E-08
494 5.0000E-08
495 5.0000E-08
496 5.0000E-08
497 5.0000E-08
498 5.0000E-08
499 5.0000E-08
500 5.0000E-08
501 5.0000E-08
502 5.0000E-08
503 5.0000E-08
504 5.0000E-08
505 5.0000E-08
506 5.0000E-08
507 5.0000E-08
508 5.0000E-08
509 5.0000E-08
510 5.0000E-08
511 5.0000E-08
512 5.0000E-08
513 5.0000E-08
514 5.0000E-08
515 5.0000E-08
516 5.0000E-08
517 5.0000E-08
518 5.0000E-08
519 5.0000E-08
520 5.0000E-08
521 5.0000E-08
522 5.0000E-08
523 5.0000E-08
524 5.0000E-08
525 5.0000E-08
526 5.0000E-08
527 5.0000E-08
528 5.0000E-08
529 5.0000E-08
530 5.0000E-08
531 5.0000E-08
532 5.0000E-08
533 5.0000E-08
534 5.0000E-08
535 5.0000E-08
536 5.0000E-08
537 5.0000E-08
538 5.0000E-08
539 5.0000E-08
540 5.0000E-08
541 5.0000E-08
542 5.0000E-08
543 5.0000E-08
544 5.0000E-08
545 5.0000E-08
546 5.0000E-08
547 5.0000E-08
548 5.0000E-08
549 5.0000E-08
550 5.0000E-08
551 5.0000E-08
552 5.0000E-08
553 5.0000E-08
554 5.0000E-08
555 5.0000E-08
556 5.0000E-08
557 5.0000E-08
558 5.0000E-08
559 5.0000E-08
560 5.0000E-08
561 5.0000E-08
562 5.0000E-08
563 5.0000E-08
564 5.0000E-08
565 5.0000E-08
566 5.0000E-08
567 5.0000E-08
568 5.0000E-08
569 5.0000E-08
570 5.0000E-08
571 5.0000E-08
572 5.0000E-08
573 5.0000E-08
574 5.0000E-08
575 5.0000E-08
576 5.0000E-08
577 5.0000E-08
578 5.0000E-08
579 5.0000E-08
580 5.0000E-08
581 5.0000E-08
582 5.0000E-08
583 5.0000E-08
584 5.0000E-08
585 5.0000E-08
586 5.0000E-08
587 5.0000E-08
588 5.0000E-08
589 5.0000E-08
590 5.0000E-08
591 5.0000E-08
592 5.0000E-08
593 5.0000E-08
594 5.0000E-08
595 5.0000E-08
596 5.0000E-08
597 5.0000E-08
598 5.0000E-08
599 5.0000E-08
600 5.0000E-08
601 5.0000E-08
602 5.0000E-08
603 5.0000E-08
604 5.0000E-08
605 5.0000E-08
606 5.0000E-08
607 5.0000E-08
608 5.0000E-08
609 5.0000E-08
610 5.0000E-08
611 5.0000E-08
612 5.0000E-08
613 5.0000E-08
614 5.0000E-08
615 5.0000E-08
616 5.0000E-08
617 5.0000E-08
618 5.0000E-08
619 5.0000E-08
620 5.0000E-08
621 5.0000E-08
622 5.0000E-08
623 5.0000E-08
624 5.0000E-08
625 5.0000E-08
626 5.0000E-08
627 5.0000E-08
628 5.0000E-08
629 5.0000E-08
630 5.0000E-08
631 5.0000E-08
632 5.0000E-08
633 5.0000E-08
634 5.0000E-08
635 5.0000E-08
636 5.0000E-08
637 5.0000E-08
638 5.0000E-08
639 5.0000E-08
640 5.0000E-08
641 5.0000E-08
642 5.0000E-08
643 5.0000E-08
644 5.0000E-08
645 5.0000E-08
646 5.0000E-08
647 5.0000E-08
648 5.0000E-08
649 5.0000E-08
650 5.0000E-08
651 5.0000E-08
652 5.0000E-08
653 5.0000E-08
654 5.0000E-08
655 5.0000E-08
656 5.0000E-08
657 5.0000E-08
658 5.0000E-08
659 5.0000E-08
660 5.0000E-08
661 5.0000E-08
662 5.0000E-08
663 5.0000E-08
664 5.0000E-08
665 5.0000E-08
666 5.0000E-08
667 5.0000E-08
668 5.0000E-08
669 5.0000E-08
670 5.0000E-08
671 5.0000E-08
672 5.0000E-08
673 5.0000E-08
674 5.0000E-08
675 5.0000E-08
676 5.0000E-08
677 5.0000E-08
678 5.0000E-08
679 5.0000E-08
680 5.0000E-08
681 5.0000E-08
682 5.0000E-08
683 5.0000E-08
684 5.0000E-08
685 5.0000E-08
686 5.0000E-08
687 5.0000E-08
688 5.0000E-08
689 5.0000E-08
690 5.0000E-08
691 5.0000E-08
692 5.0000E-08
693 5.0000E-08
694 5.0000E-08
695 5.0000E-08
696 5.0000E-08
697 5.0000E-08
698 5.0000E-08
699 5.0000E-08
700 5.0000E-08
701 5.0000E-08
702 5.0000E-08
703 5.0000E-08
704 5.0000E-08
705 5.0000E-08
706 5.0000E-08
707 5.0000E-08
708 5.0000E-08
709 5.0000E-08
710 5.0000E-08
711 5.0000E-08
712 5.0000E-08
713 5.0000E-08
714 5.0000E-08
715 5.0000E-08
716 5.0000E-08
717 5.0000E-08
718 5.0000E-08
719 5.0000E-08
720 5.0000E-08
721 5.0000E-08
722 5.0000E-08
723 5.0000E-08
724 5.0000E-08
725 5.0000E-08
726 5.0000E-08
727 5.0000E-08
728 5.0000E-08
729 5.0000E-08
730 5.0000E-08
731 5.0000E-08
732 5.0000E-08
733 5.0000E-08
734 5.0000E-08
735 5.0000E-08
736 5.0000E-08
737 5.0000E-08
738 5.0000E-08
739 5.0000E-08
740 5.0000E-08
741 5.0000E-08
742 5.0000E-08
743 5.0000E-08
744 5.0000E-08
745 5.0000E-08
746 5.0000E-08
747 5.0000E-08
748 5.0000E-08
749 5.0000E-08
750 5.0000E-08
751 5.0000E-08
752 5.0000E-08
753 5.0000E-08
754 5.0000E-08
755 5.0000E-08
756 5.0000E-08
757 5.0000E-08
758 5.0000E-08
759 5.0000E-08
760 5.0000E-08
761 5.0000E-08
762 5.0000E-08
763 5.0000E-08
764 5.0000E-08
765 5.0000E-08
766 5.0000E-08
767 5.0000E-08
768 5.0000E-08
769 5.0000E-08
770 5.0000E-08
771 5.0000E-08
772 5.0000E-08
773 5.0000E-08
774 5.0000E-08
775 5.0000E-08
776 5.0000E-08
777 5.0000E-08
778 5.0000E-08
779 5.0000E-08
780 5.0000E-08
781 5.0000E-08
782 5.0000E-08
783 5.0000E-08
784 5.0000E-08
785 5.0000E-08
786 5.0000E-08
787 5.0000E-08
788 5.0000E-08
789 5.0000E-08
790 5.0000E-08
791 5.0000E-08
792 5.0000E-08
793 5.0000E-08
794 5.0000E-08
795 5.0000E-08
796 5.0000E-08
797 5.0000E-08
798 5.0000E-08
799 5.0000E-08
800 5.0000E-08
801 5.0000E-08
802 5.0000E-08
803 5.0000E-08
804 5.0000E-08
805 5.0000E-08
806 5.0000E-08
807 5.0000E-08
808 5.0000E-08
809 5.0000E-08
810 5.0000E-08
811 5.0000E-08
812 5.0000E-08
813 5.0000E-08
814 5.0000E-08
815 5.0000E-08
816 5.0000E-08
817 5.0000E-08
818 5.0000E-08
819 5.0000E-08
820 5.0000E-08
821 5.0000E-08
822 5.0000E-08
823 5.0000E-08
824 5.0000E-08
825 5.0000E-08
826 5.0000E-08
827 5.0000E-08
828 5.0000E-08
829 5.0000E-08
830 5.0000E-08
831 5.0000E-08
832 5.0000E-08
833 5.0000E-08
834 5.0000E-08
835 5.0000E-08
836 5.0000E-08
837 5.0000E-08
838 5.0000E-08
839 5.0000E-08
840 5.0000E-08
841 5.0000E-08
842 5.0000E-08
843 5.0000E-08
844 5.0000E-08
845 5.0000E-08
846 5.0000E-08
847 5.0000E-08
848 5.0000E-08
849 5.0000E-08
850 5.0000E-08
851 5.0000E-08
852 5.0000E-08
853 5.0000E-08
854 5.0000E-08
855 5.0000E-08
856 5.0000E-08
857 5.0000E-08
858 5.0000E-08
859 5.0000E-08
860 5.0000E-08
861 5.0000E-08
862 5.0000E-08
863 5.0000E-08
864 5.0000E-08
865 5.0000E-08
866 5.0000E-08
867 5.0000E-08
868 5.0000E-08
869 5.0000E-08
870 5.0000E-08
871 5.0000E-08
872 5.0000E-08
873 5.0000E-08
874 5.0000E-08
875 5.0000E-08
876 5.0000E-08
877 5.0000E-08
878 5.0000E-08
879 5.0000E-08
880 5.0000E-08
881 5.0000E-08
882 5.0000E-08
883 5.0000E-08
884 5.0000E-08
885 5.0000E-08
886 5.0000E-08
887 5.0000E-08
888 5.0000E-08
889 5.0000E-08
890 5.0000E-08
891 5.0000E-08
892 5.0000E-08
893 5.0000E-08
894 5.0000E-08
895 5.0000E-08
896 5.0000E-08
897 5.0000E-08
898 5.0000E-08
899 5.0000E-08
900 5.0000E-08
901 5.0000E-08
902 5.0000E-08
903 5.0000E-08
904 5.0000E-08
905 5.0000E-08
906 5.0000E-08
907 5.0000E-08
908 5.0000E-08
909 5.0000E-08
910 5.0000E-08
911 5.0000E-08
912 5.0000E-08
913 5.0000E-08
914 5.0000E-08
915 5.0000E-08
916 5.0000E-08
917 5.0000E-08
918 5.0000E-08
919 5.0000E-08
920 5.0000E-08
921 5.0000E-08
922 5.0000E-08
923 5.0000E-08
924 5.0000E-08
925 5.0000E-08
926 5.0000E-08
927 5.0000E-08
928 5.0000E-08
929 5.0000E-08
930 5.0000E-08
931 5.0000E-08
932 5.0000E-08
933 5.0000E-08
934 5.0000E-08
935 5.0000E-08
936 5.0000E-08
937 5.0000E-08
938 5.0000E-08
939 5.0000E-08
940 5.0000E-08
941 5.0000E-08
942 5.0000E-08
943 5.0000E-08
944 5.0000E-08
945 5.0000E-08
946 5.0000E-08
947 5.0000E-08
948 5.0000E-08
949 5.0000E-08
950 5.0000E-08
951 5.0000E-08
952 5.0000E-08
953 5.0000E-08
954 5.0000E-08
955 5.0000E-08
956 5.0000E-08
957 5.0000E-08
958 5.0000E-08
959 5.0000E-08
960 5.0000E-08
961 5.0000E-08
962 5.0000E-08
963 5.0000E-08
964 5.0000E-08
965 5.0000E-08
966 5.0000E-08
967 5.0000E-08
968 5.0000E-08
969 5.0000E-08
970 5.0000E-08
971 5.0000E-08
972 5.0000E-08
973 5.0000E-08
974 5.0000E-08
975 5.0000E-08
976 5.0000E-08
977 5.0000E-08
978 5.0000E-08
979 5.0000E-08
980 5.0000E-08
981 5.0000E-08
982 5.0000E-08
983 5.0000E-08
984 5.0000E-08
985 5.0000E-08
986 5.0000E-08
987 5.0000E-08
988 5.0000E-08
989 5.0000E-08
990 5.0000E-08
991 5.0000E-08
992 5.0000E-08
993 5.0000E-08
994 5.0000E-08
995 5.0000E-08
996 5.0000E-08
997 5.0000E-08
998 5.0000E-08
999 5.0000E-08
1000 5.0000E-08
1001 5.0000E-08
1002 5.0000E-08
1003 5.0000E-08
1004 5.0000E-08
1005 5.0000E-08
1006 5.0000E-08
1007 5.0000E-08
1008 5.0000E-08
1009 5.0000E-08
1010 5.0000E-08
1011 5.0000E-08
1012 5.0000E-08
1013 5.0000E-08
1014 5.0000E-08
1015 5.0000E-08
1016 5.0000E-08
1017 5.0000E-08
1018 5.0000E-08
1019 5.0000E-08
1020 5.0000E-08
1021 5.0000E-08
1022 5.0000E-08
1023 5.0000E-08
1024 5.0000E-08
1025 5.0000E-08
1026 5.0000E-08
1027 5.0000E-08
1028 5.0000E-08
1029 5.0000E-08
1030 5.0000E-08
1031 5.0000E-08
1032 5.0000E-08
1033 5.0000E-08
1034 5.0000E-08
1035 5.0000E-08
1036 5.0000E-08
1037 5.0000E-08
1038 5.0000E-08
1039 5.0000E-08
1040 5.0000E-08
1041 5.0000E-08
1042 5.0000E-08
1043 5.0000E-08
1044 5.0000E-08
1045 5.0000E-08
1046 5.0000E-08
1047 5.0000E-08
1048 5.0000E-08
1049 5.0000E-08
1050 5.0000E-08
1051 5.0000E-08
1052 5.0000E-08
1053 5.0000E-08
1054 5.0000E-08
1055 5.0000E-08
1056 5.0000E-08
1057 5.0000E-08
1058 5.0000E-08
1059 5.0000E-08
1060 5.0000E-08
1061 5.0000E-08
1062 5.0000E-08
1063 5.0000E-08
1064 5.0000E-08
1065 5.0000E-08
1066 5.0000E-08
1067 5.0000E-08
1068 5.0000E-08
1069 5.0000E-08
1070 5.0000E-08
1071 5.0000E-08
1072 5.0000E-08
1073 5.0000E-08
1074 5.0000E-08
1075 5.0000E-08
1076 5.0000E-08
1077 5.0000E-08
1078 5.0000E-08
1079 5.0000E-08
1080 5.0000E-08
1081 5.0000E-08
1082 5.0000E-08
1083 5.0000E-08
1084 5.0000E-08
1085 5.0000E-08
1086 5.0000E-08
1087 5.0000E-08
1088 5.0000E-08
1089 5.0000E-08
1090 5.0000E-08
1091 5.0000E-08
1092 5.0000E-08
1093 5.0000E-08
1094 5.0000E-08
1095 5.0000E-08
1096 5.0000E-08
1097 5.0000E-08
1098 5.0000E-08
1099 5.0000E-08
1100 5.0000E-08
1101 5.0000E-08
1102 5.0000E-08
1103 5.0000E-08
1104 5.0000E-08
1105 5.0000E-08
1106 5.0000E-08
1107 5.0000E-08
1108 5.0000E-08
1109 5.0000E-08
1110 5.0000E-08
1111 5.0000E-08
1112 5.0000E-08
1113 5.0000E-08
1114 5.0000E-08
1115 5.0000E-08
1116 5.0000E-08
1117 5.0000E-08
1118 5.0000E-08
1119 5.0000E-08
1120 5.0000E-08
1121 5.0000E-08
1122 5.0000E-08
1123 5.0000E-08
1124 5.0000E-08
1125 5.0000E-08
1126 5.0000E-08
1127 5.0000E-08
1128 5.0000E-08
1129 5.0000E-08
1130 5.0000E-08
1131 5.0000E-08
1132 5.0000E-08
1133 5.0000E-08
1134 5.0000E-08
1135 5.0000E-08
1136 5.0000E-08
1137 5.0000E-08
1138 5.0000E-08
1139 5.0000E-08
1140 5.0000E-08
1141 5.0000E-08
1142 5.0000E-08
1143 5.0000E-08
1144 5.0000E-08
1145 5.0000E-08
1146 5.0000E-08
1147 5.0000E-08
1148 5.0000E-08
1149 5.0000E-08
1150 5.0000E-08
1151 5.0000E-08
1152 5.0000E-08
1153 5.0000E-08
1154 5.0000E-08
1155 5.0000E-08
1156 5.0000E-08
1157 5.0000E-08
1158 5.0000E-08
1159 5.0000E-08
1160 5.0000E-08
1161 5.0000E-08
1162 5.0000E-08
1163 5.0000E-08
1164 5.0000E-08
1165 5.0000E-08
1166 5.0000E-08
1167 5.0000E-08
1168 5.0000E-08
1169 5.0000E-08
1170 5.0000E-08
1171 5.0000E-08
1172 5.0000E-08
1173 5.0000E-08
1174 5.0000E-08
1175 5.0000E-08
1176 5.0000E-08
1177 5.0000E-08
1178 5.0000E-08
1179 5.0000E-08
1180 5.0000E-08
1181 5.0000E-08
1182 5.0000E-08
1183 5.0000E-08
1184 5.0000E-08
1185 5.0000E-08
1186 5.0000E-08
1187 5.0000E-08
1188 5.0000E-08
1189 5.0000E-08
1190 5.0000E-08
1191 5.0000E-08
1192 5.0000E-08
1193 5.0000E-08
1194 5.0000E-08
1195 5.0000E-08
1196 5.0000E-08
1197 5.0000E-08
1198 5.0000E-08
1199 5.0000E-08
1200 5.0000E-08
1201 5.0000E-08
1202 5.0000E-08
1203 5.0000E-08
1204 5.0000E-08
1205 5.0000E-08
1206 5.0000E-08
1207 5.0000E-08
1208 5.0000E-08
1209 5.0000E-08
1210 5.0000E-08
1211 5.0000E-08
1212 5.0000E-08
1213 5.0000E-08
1214 5.0000E-08
1215 5.0000E-08
1216 5.0000E-08
1217 5.0000E-08
1218 5.0000E-08
1219 5.0000E-08
1220 5.0000E-08
1221 5.0000E-08
1222 5.0000E-08
1223 5.0000E-08
1224 5.0000E-08
1225 5.0000E-08
1226 5.0000E-08
1227 5.0000E-08
1228 5.0000E-08
1229 5.0000E-08
1230 5.0000E-08
1231 5.0000E-08
1232 5.0000E-08
1233 5.0000E-08
1234 5.0000E-08
1235 5.0000E-08
1236 5.0000E-08
1237 5.0000E-08
1238 5.0000E-08
1239 5.0000E-08
1240 5.0000E-08
1241 5.0000E-08
1242 5.0000E-08
1243 5.0000E-08
1244 5.0000E-08
1245 5.0000E-08
1246 5.0000E-08
1247 5.0000E-08
1248 5.0000E-08
1249 5.0000E-08
1250 5.0000E-08
1251 5.0000E-08
1252 5.0000E-08
1253 5.0000E-08
1254 5.0000E-08
1255 5.0000E-08
1256 5.0000E-08
1257 5.0000E-08
1258 5.0000E-08
1259 5.0000E-08
1260 5.0000E-08
1261 5.0000E-08
1262 5.0000E-08
1263 5.0000E-08
1264 5.0000E-08
1265 5.0000E-08
1266 5.0000E-08
1267 5.0000E-08
1268 5.0000E-08
1269 5.0000E-08
1270 5.0000E-08
1271 5.0000E-08
1272 5.0000E-08
1273 5.0000E-08
1274 5.0000E-08
1275 5.0000E-08
1276 5.0000E-08
1277 5.0000E-08
1278 5.0000E-08
1279 5.0000E-08
1280 5.0000E-08
1281 5.0000E-08
1282 5.0000E-08
1283 5.0000E-08
1284 5.0000E-08
1285 5.0000E-08
1286 5.0000E-08
1287 5.0000E-08
1288 5.0000E-08
1289 5.0000E-08
1290 5.0000E-08
1291 5.0000E-08
1292 5.0000E-08
1293 5.0000E-08
1294 5.0000E-08
1295 5.0000E-08
1296 5.0000E-08
1297 5.0000E-08
1298 5.0000E-08
1299 5.0000E-08
1300 5.0000E-08
1301 5.0000E-08
1302 5.0000E-08
1303 5.0000E-08
1304 5.0000E-08
1305 5.0000E-08
1306 5.0000E-08
1307 5.0000E-08
1308 5.0000E-08
1309 5.0000E-08
1310 5.0000E-08
1311 5.0000E-08
1312 5.0000E-08
1313 5.0000E-08
1314 5.0000E-08
1315 5.0000E-08
1316 5.0000E-08
1317 5.0000E-08
1318 5.0000E-08
1319 5.0000E-08
1320 5.0000E-08
1321 5.0000E-08
1322 5.0000E-08
1323 5.0000E-08
1324 5.0000E-08
1325 5.0000E-08
1326 5.0000E-08
1327 5.0000E-08
1328 5.0000E-08
1329 5.0000E-08
1330 5.0000E-08
1331 5.0000E-08
1332 5.0000E-08
1333 5.0000E-08
1334 5.0000E-08
1335 5.0000E-08
1336 5.0000E-08
1337 5.0000E-08
1338 5.0000E-08
1339 5.0000E-08
1340 5.0000E-08
1341 5.0000E-08
1342 5.0000E-08
1343 5.0000E-08
1344 5.0000E-08
1345 5.0000E-08
1346 5.0000E-08
1347 5.0000E-08
1348 5.0000E-08
1349 5.0000E-08
1350 5.0000E-08
1351 5.0000E-08
1352 5.0000E-08
1353 5.0000E-08
1354 5.0000E-08
1355 5.0000E-08
1356 5.0000E-08
1357 5.0000E-08
1358 5.0000E-08
1359 5.0000E-08
1360 5.0000E-08
1361 5.0000E-08
1362 5.0000E-08
1363 5.0000E-08
1364 5.0000E-08
1365 5.0000E-08
1366 5.0000E-08
1367 5.0000E-08
1368 5.0000E-08
1369 5.0000E-08
1370 5.0000E-08
1371 5.0000E-08
1372 5.0000E-08
1373 5.0000E-08
1374 5.0000E-08
1375 5.0000E-08
1376 5.0000E-08
1377 5.0000E-08
1378 5.0000E-08
1379 5.0000E-08
1380 5.0000E-08
1381 5.0000E-08
1382 5.0000E-08
1383 5.0000E-08
1384 5.0000E-08
1385 5.0000E-08
1386 5.0000E-08
1387 5.0000E-08
1388 5.0000E-08
1389 5.0000E-08
1390 5.0000E-08
1391 5.0000E-08
1392 5.0000E-08
1393 5.0000E-08
1394 5.0000E-08
1395 5.0000E-08
1396 5.0000E-08
1397 5.0000E-08
1398 5.0000E-08
1399 5.0000E-08
1400 5.0000E-08
1401 5.0000E-08
1402 5.0000E-08
1403 5.0000E-08
1404 5.0000E-08
1405 5.0000E-08
1406 5.0000E-08
1407 5.0000E-08
1408 5.0000E-08
1409 5.0000E-08
1410 5.0000E-08
1411 5.0000E-08
1412 5.0000E-08
1413 5.0000E-08
1414 5.0000E-08
1415 5.0000E-08
1416 5.0000E-08
1417 5.0000E-08
1418 5.0000E-08
1419 5.0000E-08
1420 5.0000E-08
1421 5.0000E-08
1422 5.0000E-08
1423 5.0000E-08
1424 5.0000E-08
1425 5.0000E-08
1426 5.0000E-08
1427 5.0000E-08
1428 5.0000E-08
1429 5.0000E-08
1430 5.0000E-08
1431 5.0000E-08
1432 5.0000E-08
1433 5.0000E-08
1434 5.0000E-08
1435 5.0000E-08
1436 5.0000E-08
1437 5.0000E-08
1438 5.0000E-08
1439 5.0000E-08
1440 5.0000E-08
1441 5.0000E-08
1442 5.0000E-08
1443 5.0000E-08
1444 5.0000E-08
1445 5.0000E-08
1446 5.0000E-08
1447 5.0000E-08
1448 5.0000E-08
1449 5.0000E-08
1450 5.0000E-08
1451 5.0000E-08
1452 5.0000E-08
1453 5.0000E-08
1454 5.0000E-08
1455 5.0000E-08
1456 5.0000E-08
1457 5.0000E-08
1458 5.0000E-08
1459 5.0000E-08
1460 5.0000E-08
1461 5.0000E-08
1462 5.0000E-08
1463 5.0000E-08
1464 5.0000E-08
1465 5.0000E-08
1466 5.0000E-08
1467 5.0000E-08
1468 5.0000E-08
1469 5.0000E-08
1470 5.0000E-08
1471 5.0000E-08
1472 5.0000E-08
1473 5.0000E-08
1474 5.0000E-08
1475 5.0000E-08
1476 5.0000E-08
1477 5.0000E-08
1478 5.0000E-08
1479 5.0000E-08
1480 5.0000E-08
1481 5.0000E-08
1482 5.0000E-08
1483 5.0000E-08
1484 5.0000E-08
1485 5.0000E-08
1486 5.0000E-08
1487 5.0000E-08
1488 5.0000E-08
1489 5.0000E-08
1490 5.0000E-08
1491 5.0000E-08
1492 5.0000E-08
1493 5.0000E-08
1494 5.0000E-08
1495 5.0000E-08
1496 5.0000E-08
1497 5.0000E-08
1498 5.0000E-08
1499 5.0000E-08
1500 5.0000E-08
1501 5.0000E-08
1502 5.0000E-08
1503 5.0000E-08
1504 5.0000E-08
1505 5.0000E-08
1506 5.0000E-08
1507 5.0000E-08
1508 5.0000E-08
1509 5.0000E-08
1510 5.0000E-08
1511 5.0000E-08
1512 5.0000E-08
1513 5.0000E-08
1514 5.0000E-08
1515 5.0000E-08
1516 5.0000E-08
1517 5.0000E-08
1518 5.0000E-08
1519 5.0000E-08
1520 5.0000E-08
1521 5.0000E-08
1522 5.0000E-08
1523 5.0000E-08
1524 5.0000E-08
1525 5.0000E-08
1526 5.0000E-08
1527 5.0000E-08
1528 5.0000E-08
1529 5.0000E-08
1530 5.0000E-08
1531 5.0000E-08
1532 5.0000E-08
1533 5.0000E-08
1534 5.0000E-08
1535 5.0000E-08
1536 5.0000E-08
1537 5.0000E-08
1538 5.0000E-08
1539 5.0000E-08
1540 5.0000E-08
1541 5.0000E-08
1542 5.0000E-08
1543 5.0000E-08
1544 5.0000E-08
1545 5.0000E-08
1546 5.0000E-08
1547 5.0000E-08
1548 5.0000E-08
1549 5.0000E-08
1550 5.0000E-08
1551 5.0000E-08
1552 5.0000E-08
1553 5.0000E-08
1554 5.0000E-08
1555 5.0000E-08
1556 5.0000E-08
1557 5.0000E-08
1558 5.0000E-08
1559 5.0000E-08
1560 5.0000E-08
1561 5.0000E-08
1562 5.0000E-08
1563 5.0000E-08
1564 5.0000E-08
1565 5.0000E-08
1566 5.0000E-08
1567 5.0000E-08
1568 5.0000E-08
1569 5.0000E-08
1570 5.0000E-08
1571 5.0000E-08
1572 5.0000E-08
1573 5.0000E-08
1574 5.0000E-08
1575 5.0000E-08
1576 5.0000E-08
1577 5.0000E-08
1578 5.0000E-08
1579 5.0000E-08
1580 5.0000E-08
1581 5.0000E-08
1582 5.0000E-08
1583 5.0000E-08
1584 5.0000E-08
1585 5.5765E-08
1586 6.4305E-08
1587 9.6856E-07
1588 3.6641E-06
1589 6.3584E-06
1590 2.5491E-05
1591 4.4730E-05
1592 4.9500E-03
1593 1.2523E-02
1594 2.3017E-02
1595 4.0731E-02
1596 5.8380E-02
1597 8.0047E-02
1598 1.0200E-01
1599 1.2463E-01
1600 1.4788E-01
1601 1.7133E-01
1602 1.9836E-01
1603 2.2520E-01
1604 2.5377E-01
1605 2.8330E-01
1606 3.1248E-01
1607 3.4048E-01
1608 3.6822E-01
1609 3.9865E-01
1610 4.3141E-01
1611 4.6380E-01
1612 4.9227E-01
1613 5.1995E-01
1614 5.4733E-01
1615 5.7465E-01
1616 6.0160E-01
1617 6.2663E-01
1618 6.4817E-01
1619 6.6938E-01
1620 6.9130E-01
1621 7.1458E-01
1622 7.3747E-01
1623 7.5964E-01
1624 7.8061E-01
1625 8.0117E-01
1626 8.2132E-01
1627 8.4048E-01
1628 8.5921E-01
1629 8.7753E-01
1630 8.9508E-01
1631 9.1174E-01
1632 9.2799E-01
1633 9.4383E-01
1634 9.5623E-01
1635 9.6575E-01
1636 9.7499E-01
1637 9.8396E-01
1638 9.9137E-01
1639 9.9327E-01
1640 9.9510E-01
1641 9.9687E-01
1642 9.9857E-01
1643 1.0000E+00
1644 1.0000E+00
1645 1.0000E+00
1646 1.0000E+00
1647 1.0000E+00
1648 1.0000E+00
1649 1.0000E+00
1650 1.0000E+00
1651 1.0000E+00
1652 1.0000E+00
1653 1.0000E+00
1654 1.0000E+00
1655 1.0000E+00
1656 1.0000E+00
1657 1.0000E+00
1658 1.0000E+00
1659 9.9992E-01
1660 9.9931E-01
1661 9.9876E-01
1662 9.9827E-01
1663 9.9783E-01
1664 9.9744E-01
1665 9.9710E-01
1666 9.9682E-01
1667 9.9659E-01
1668 9.9641E-01
1669 9.9628E-01
1670 9.9619E-01
1671 9.9615E-01
1672 9.9616E-01
1673 9.9621E-01
1674 9.9631E-01
1675 9.9644E-01
1676 9.9662E-01
1677 9.9683E-01
1678 9.9708E-01
1679 9.9737E-01
1680 9.9769E-01
1681 9.9805E-01
1682 9.9844E-01
1683 9.9885E-01
1684 9.9930E-01
1685 9.9977E-01
1686 1.0000E+00
1687 1.0000E+00
1688 1.0000E+00
1689 1.0000E+00
1690 1.0000E+00
1691 1.0000E+00
1692 1.0000E+00
1693 1.0000E+00
1694 1.0000E+00
1695 1.0000E+00
1696 1.0000E+00
1697 1.0000E+00
1698 1.0000E+00
1699 1.0000E+00
1700 1.0000E+00
1701 1.0000E+00
1702 1.0000E+00
1703 1.0000E+00
1704 1.0000E+00
1705 1.0000E+00
1706 1.0000E+00
1707 1.0000E+00
1708 1.0000E+00
1709 1.0000E+00
1710 1.0000E+00
1711 1.0000E+00
1712 1.0000E+00
1713 1.0000E+00
1714 1.0000E+00
1715 9.9977E-01
1716 9.9930E-01
1717 9.9885E-01
1718 9.9844E-01
1719 9.9805E-01
1720 9.9769E-01
1721 9.9737E-01
1722 9.9708E-01
1723 9.9683E-01
1724 9.9662E-01
1725 9.9644E-01
1726 9.9631E-01
1727 9.9621E-01
1728 9.9616E-01
1729 9.9615E-01
1730 9.9619E-01
1731 9.9628E-01
1732 9.9641E-01
1733 9.9659E-01
1734 9.9682E-01
1735 9.9710E-01
1736 9.9744E-01
1737 9.9783E-01
1738 9.9827E-01
1739 9.9876E-01
1740 9.9931E-01
1741 9.9992E-01
1742 1.0000E+00
1743 1.0000E+00
1744 1.0000E+00
1745 1.0000E+00
1746 1.0000E+00
1747 1.0000E+00
1748 1.0000E+00
1749 1.0000E+00
1750 1.0000E+00
1751 1.0000E+00
1752 1.0000E+00
1753 1.0000E+00
1754 1.0000E+00
1755 1.0000E+00
1756 1.0000E+00
1757 1.0000E+00
1758 9.9857E-01
1759 9.9687E-01
1760 9.9510E-01
1761 9.9327E-01
1762 9.9137E-01
1763 9.8396E-01
1764 9.7499E-01
1765 9.6575E-01
1766 9.5623E-01
1767 9.4383E-01
1768 9.2799E-01
1769 9.1174E-01
1770 8.9508E-01
1771 8.7753E-01
1772 8.5921E-01
1773 8.4048E-01
1774 8.2132E-01
1775 8.0117E-01
1776 7.8061E-01
1777 7.5964E-01
1778 7.3747E-01
1779 7.1458E-01
1780 6.9130E-01
1781 6.6938E-01
1782 6.4817E-01
1783 6.2663E-01
1784 6.0160E-01
1785 5.7465E-01
1786 5.4733E-01
1787 5.1995E-01
1788 4.9227E-01
1789 4.6380E-01
1790 4.3141E-01
1791 3.9865E-01
1792 3.6822E-01
1793 3.4048E-01
1794 3.1248E-01
1795 2.8330E-01
1796 2.5377E-01
1797 2.2520E-01
1798 1.9836E-01
1799 1.7133E-01
1800 1.4788E-01
1801 1.2463E-01
1802 1.0200E-01
1803 8.0047E-02
1804 5.8380E-02
1805 4.0731E-02
1806 2.3017E-02
1807 1.2523E-02
1808 4.9500E-03
1809 4.4730E-05
1810 2.5491E-05
1811 6.3584E-06
1812 3.6641E-06
1813 9.6856E-07
1814 6.4305E-08
1815 5.5765E-08
1816 5.0000E-08
1817 5.0000E-08
1818 5.0000E-08
1819 5.0000E-08
1820 5.0000E-08
1821 5.0000E-08
1822 5.0000E-08
1823 5.0000E-08
1824 5.0000E-08
1825 5.0000E-08
1826 5.0000E-08
1827 5.0000E-08
1828 5.0000E-08
1829 5.0000E-08
1830 5.0000E-08
1831 5.0000E-08
1832 5.0000E-08
1833 5.0000E-08
1834 5.0000E-08
1835 5.0000E-08
1836 5.0000E-08
1837 5.0000E-08
1838 5.0000E-08
1839 5.0000E-08
1840 5.0000E-08
1841 5.0000E-08
1842 5.0000E-08
1843 5.0000E-08
1844 5.0000E-08
1845 5.0000E-08
1846 5.0000E-08
1847 5.0000E-08
1848 5.0000E-08
1849 5.0000E-08
1850 5.0000E-08
1851 5.0000E-08
1852 5.0000E-08
1853 5.0000E-08
1854 5.0000E-08
1855 5.0000E-08
1856 5.0000E-08
1857 5.0000E-08
1858 5.0000E-08
1859 5.0000E-08
1860 5.0000E-08
1861 5.0000E-08
1862 5.0000E-08
1863 5.0000E-08
1864 5.0000E-08
1865 5.0000E-08
1866 5.0000E-08
1867 5.0000E-08
1868 5.0000E-08
1869 5.0000E-08
1870 5.0000E-08
1871 5.0000E-08
1872 5.0000E-08
1873 5.0000E-08
1874 5.0000E-08
1875 5.0000E-08
1876 5.0000E-08
1877 5.0000E-08
1878 5.0000E-08
1879 5.0000E-08
1880 5.0000E-08
1881 5.0000E-08
1882 5.0000E-08
1883 5.0000E-08
1884 5.0000E-08
1885 5.0000E-08
1886 5.0000E-08
1887 5.0000E-08
1888 5.0000E-08
1889 5.0000E-08
1890 5.0000E-08
1891 5.0000E-08
1892 5.0000E-08
1893 5.0000E-08
1894 5.0000E-08
1895 5.0000E-08
1896 5.0000E-08
1897 5.0000E-08
1898 5.0000E-08
1899 5.0000E-08
1900 5.0000E-08
1901 5.0000E-08
1902 5.0000E-08
1903 5.0000E-08
1904 5.0000E-08
1905 5.0000E-08
1906 5.0000E-08
1907 5.0000E-08
1908 5.0000E-08
1909 5.0000E-08
1910 5.0000E-08
1911 5.0000E-08
1912 5.0000E-08
1913 5.0000E-08
1914 5.0000E-08
1915 5.0000E-08
1916 5.0000E-08
1917 5.0000E-08
1918 5.0000E-08
1919 5.0000E-08
1920 5.0000E-08
1921 5.0000E-08
1922 5.0000E-08
1923 5.0000E-08
1924 5.0000E-08
1925 5.0000E-08
1926 5.0000E-08
1927 5.0000E-08
1928 5.0000E-08
1929 5.0000E-08
1930 5.0000E-08
1931 5.0000E-08
1932 5.0000E-08
1933 5.0000E-08
1934 5.0000E-08
1935 5.0000E-08
1936 5.0000E-08
1937 5.0000E-08
1938 5.0000E-08
1939 5.0000E-08
1940 5.0000E-08
1941 5.0000E-08
1942 5.0000E-08
1943 5.0000E-08
1944 5.0000E-08
1945 5.0000E-08
1946 5.0000E-08
1947 5.0000E-08
1948 5.0000E-08
1949 5.0000E-08
1950 5.0000E-08
1951 5.0000E-08
1952 5.0000E-08
1953 5.0000E-08
1954 5.0000E-08
1955 5.0000E-08
1956 5.0000E-08
1957 5.0000E-08
1958 5.0000E-08
1959 5.0000E-08
1960 5.0000E-08
1961 5.0000E-08
1962 5.0000E-08
1963 5.0000E-08
1964 5.0000E-08
1965 5.0000E-08
1966 5.0000E-08
1967 5.0000E-08
1968 5.0000E-08
1969 5.0000E-08
1970 5.0000E-08
1971 5.0000E-08
1972 5.0000E-08
1973 5.0000E-08
1974 5.0000E-08
1975 5.0000E-08
1976 5.0000E-08
1977 5.0000E-08
1978 5.0000E-08
1979 5.0000E-08
1980 5.0000E-08
1981 5.0000E-08
1982 5.0000E-08
1983 5.0000E-08
1984 5.0000E-08
1985 5.0000E-08
1986 5.0000E-08
1987 5.0000E-08
1988 5.0000E-08
1989 5.0000E-08
1990 5.0000E-08
1991 5.0000E-08
1992 5.0000E-08
1993 5.0000E-08
1994 5.0000E-08
1995 5.0000E-08
1996 5.0000E-08
1997 5.0000E-08
1998 5.0000E-08
1999 5.0000E-08
2000 5.0000E-08
2001 5.0000E-08
2002 5.0000E-08
2003 5.0000E-08
2004 5.0000E-08
2005 5.0000E-08
2006 5.0000E-08
2007 5.0000E-08
2008 5.0000E-08
2009 5.0000E-08
2010 5.0000E-08
2011 5.0000E-08
2012 5.0000E-08
2013 5.0000E-08
2014 5.0000E-08
2015 5.0000E-08
2016 5.0000E-08
2017 5.0000E-08
2018 5.0000E-08
2019 5.0000E-08
2020 5.0000E-08
2021 5.0000E-08
2022 5.0000E-08
2023 5.0000E-08
2024 5.0000E-08
2025 5.0000E-08
2026 5.0000E-08
2027 5.0000E-08
2028 5.0000E-08
2029 5.0000E-08
2030 5.0000E-08
2031 5.0000E-08
2032 5.0000E-08
2033 5.0000E-08
2034 5.0000E-08
2035 5.0000E-08
2036 5.0000E-08
2037 5.0000E-08
2038 5.0000E-08
2039 5.0000E-08
2040 5.0000E-08
2041 5.0000E-08
2042 5.0000E-08
2043 5.0000E-08
2044 5.0000E-08
2045 5.0000E-08
2046 5.0000E-08
2047 5.0000E-08
2048 5.0000E-08
2049 5.0000E-08
2050 5.0000E-08
2051 5.0000E-08
2052 5.0000E-08
2053 5.0000E-08
2054 5.0000E-08
2055 5.0000E-08
2056 5.0000E-08
2057 5.0000E-08
2058 5.0000E-08
2059 5.0000E-08
2060 5.0000E-08
2061 5.0000E-08
2062 5.0000E-08
2063 5.0000E-08
2064 5.0000E-08
2065 5.0000E-08
2066 5.0000E-08
2067 5.0000E-08
2068 5.0000E-08
2069 5.0000E-08
2070 5.0000E-08
2071 5.0000E-08
2072 5.0000E-08
2073 5.0000E-08
2074 5.0000E-08
2075 5.0000E-08
2076 5.0000E-08
2077 5.0000E-08
2078 5.0000E-08
2079 5.0000E-08
2080 5.0000E-08
2081 5.0000E-08
2082 5.0000E-08
2083 5.0000E-08
2084 5.0000E-08
2085 5.0000E-08
2086 5.0000E-08
2087 5.0000E-08
2088 5.0000E-08
2089 5.0000E-08
2090 5.0000E-08
2091 5.0000E-08
2092 5.0000E-08
2093 5.0000E-08
2094 5.0000E-08
2095 5.0000E-08
2096 5.0000E-08
2097 5.0000E-08
2098 5.0000E-08
2099 5.0000E-08
2100 5.0000E-08
2101 5.0000E-08
2102 5.0000E-08
2103 5.0000E-08
2104 5.0000E-08
2105 5.0000E-08
2106 5.0000E-08
2107 5.0000E-08
2108 5.0000E-08
2109 5.0000E-08
2110 5.0000E-08
2111 5.0000E-08
2112 5.0000E-08
2113 5.0000E-08
2114 5.0000E-08
2115 5.0000E-08
2116 5.0000E-08
2117 5.0000E-08
2118 5.0000E-08
2119 5.0000E-08
2120 5.0000E-08
2121 5.0000E-08
2122 5.0000E-08
2123 5.0000E-08
2124 5.0000E-08
2125 5.0000E-08
2126 5.0000E-08
2127 5.0000E-08
2128 5.0000E-08
2129 5.0000E-08
2130 5.0000E-08
2131 5.0000E-08
2132 5.0000E-08
2133 5.0000E-08
2134 5.0000E-08
2135 5.0000E-08
2136 5.0000E-08
2137 5.0000E-08
2138 5.0000E-08
2139 5.0000E-08
2140 5.0000E-08
2141 5.0000E-08
2142 5.0000E-08
2143 5.0000E-08
2144 5.0000E-08
2145 5.0000E-08
2146 5.0000E-08
2147 5.0000E-08
2148 5.0000E-08
2149 5.0000E-08
2150 5.0000E-08
2151 5.0000E-08
2152 5.0000E-08
2153 5.0000E-08
2154 5.0000E-08
2155 5.0000E-08
2156 5.0000E-08
2157 5.0000E-08
2158 5.0000E-08
2159 5.0000E-08
2160 5.0000E-08
2161 5.0000E-08
2162 5.0000E-08
2163 5.0000E-08
2164 5.0000E-08
2165 5.0000E-08
2166 5.0000E-08
2167 5.0000E-08
2168 5.0000E-08
2169 5.0000E-08
2170 5.0000E-08
2171 5.0000E-08
2172 5.0000E-08
2173 5.0000E-08
2174 5.0000E-08
2175 5.0000E-08
2176 5.0000E-08
2177 5.0000E-08
2178 5.0000E-08
2179 5.0000E-08
2180 5.0000E-08
2181 5.0000E-08
2182 5.0000E-08
2183 5.0000E-08
2184 5.0000E-08
2185 5.0000E-08
2186 5.0000E-08
2187 5.0000E-08
2188 5.0000E-08
2189 5.0000E-08
2190 5.0000E-08
2191 5.0000E-08
2192 5.0000E-08
2193 5.0000E-08
2194 5.0000E-08
2195 5.0000E-08
2196 5.0000E-08
2197 5.0000E-08
2198 5.0000E-08
2199 5.0000E-08
2200 5.0000E-08
2201 5.0000E-08
2202 5.0000E-08
2203 5.0000E-08
2204 5.0000E-08
2205 5.0000E-08
2206 5.0000E-08
2207 5.0000E-08
2208 5.0000E-08
2209 5.0000E-08
2210 5.0000E-08
2211 5.0000E-08
2212 5.0000E-08
2213 5.0000E-08
2214 5.0000E-08
2215 5.0000E-08
2216 5.0000E-08
2217 5.0000E-08
2218 5.0000E-08
2219 5.0000E-08
2220 5.0000E-08
2221 5.0000E-08
2222 5.0000E-08
2223 5.0000E-08
2224 5.0000E-08
2225 5.0000E-08
2226 5.0000E-08
2227 5.0000E-08
2228 5.0000E-08
2229 5.0000E-08
2230 5.0000E-08
2231 5.0000E-08
2232 5.0000E-08
2233 5.0000E-08
2234 5.0000E-08
2235 5.0000E-08
2236 5.0000E-08
2237 5.0000E-08
2238 5.0000E-08
2239 5.0000E-08
2240 5.0000E-08
2241 5.0000E-08
2242 5.0000E-08
2243 5.0000E-08
2244 5.0000E-08
2245 5.0000E-08
2246 5.0000E-08
2247 5.0000E-08
2248 5.0000E-08
2249 5.0000E-08
2250 5.0000E-08
2251 5.0000E-08
2252 5.0000E-08
2253 5.0000E-08
2254 5.0000E-08
2255 5.0000E-08
2256 5.0000E-08
2257 5.0000E-08
2258 5.0000E-08
2259 5.0000E-08
2260 5.0000E-08
2261 5.0000E-08
2262 5.0000E-08
2263 5.0000E-08
2264 5.0000E-08
2265 5.0000E-08
2266 5.0000E-08
2267 5.0000E-08
2268 5.0000E-08
2269 5.0000E-08
2270 5.0000E-08
2271 5.0000E-08
2272 5.0000E-08
2273 5.0000E-08
2274 5.0000E-08
2275 5.0000E-08
2276 5.0000E-08
2277 5.0000E-08
2278 5.0000E-08
2279 5.0000E-08
2280 5.0000E-08
2281 5.0000E-08
2282 5.0000E-08
2283 5.0000E-08
2284 5.0000E-08
2285 5.0000E-08
2286 5.0000E-08
2287 5.0000E-08
2288 5.0000E-08
2289 5.0000E-08
2290 5.0000E-08
2291 5.0000E-08
2292 5.0000E-08
2293 5.0000E-08
2294 5.0000E-08
2295 5.0000E-08
2296 5.0000E-08
2297 5.0000E-08
2298 5.0000E-08
2299 5.0000E-08
2300 5.0000E-08
2301 5.0000E-08
2302 5.0000E-08
2303 5.0000E-08
2304 5.0000E-08
2305 5.0000E-08
2306 5.0000E-08
2307 5.0000E-08
2308 5.0000E-08
2309 5.0000E-08
2310 5.0000E-08
2311 5.0000E-08
2312 5.0000E-08
2313 5.0000E-08
2314 5.0000E-08
2315 5.0000E-08
2316 5.0000E-08
2317 5.0000E-08
2318 5.0000E-08
2319 5.0000E-08
2320 5.0000E-08
2321 5.0000E-08
2322 5.0000E-08
2323 5.0000E-08
2324 5.0000E-08
2325 5.0000E-08
2326 5.0000E-08
2327 5.0000E-08
2328 5.0000E-08
2329 5.0000E-08
2330 5.0000E-08
2331 5.0000E-08
2332 5.0000E-08
2333 5.0000E-08
2334 5.0000E-08
2335 5.0000E-08
2336 5.0000E-08
2337 5.0000E-08
2338 5.0000E-08
2339 5.0000E-08
2340 5.0000E-08
2341 5.0000E-08
2342 5.0000E-08
2343 5.0000E-08
2344 5.0000E-08
2345 5.0000E-08
2346 5.0000E-08
2347 5.0000E-08
2348 5.0000E-08
2349 5.0000E-08
2350 5.0000E-08
2351 5.0000E-08
2352 5.0000E-08
2353 5.0000E-08
2354 5.0000E-08
2355 5.0000E-08
2356 5.0000E-08
2357 5.0000E-08
2358 5.0000E-08
2359 5.0000E-08
2360 5.0000E-08
2361 5.0000E-08
2362 5.0000E-08
2363 5.0000E-08
2364 5.0000E-08
2365 5.0000E-08
2366 5.0000E-08
2367 5.0000E-08
2368 5.0000E-08
2369 5.0000E-08
2370 5.0000E-08
2371 5.0000E-08
2372 5.0000E-08
2373 5.0000E-08
2374 5.0000E-08
2375 5.0000E-08
2376 5.0000E-08
2377 5.0000E-08
2378 5.0000E-08
2379 5.0000E-08
2380 5.0000E-08
2381 5.0000E-08
2382 5.0000E-08
2383 5.0000E-08
2384 5.0000E-08
2385 5.0000E-08
2386 5.0000E-08
2387 5.0000E-08
2388 5.0000E-08
2389 5.0000E-08
2390 5.0000E-08
2391 5.0000E-08
2392 5.0000E-08
2393 5.0000E-08
2394 5.0000E-08
2395 5.0000E-08
2396 5.0000E-08
2397 5.0000E-08
2398 5.0000E-08
2399 5.0000E-08
2400 5.0000E-08
2401 5.0000E-08
2402 5.0000E-08
2403 5.0000E-08
2404 5.0000E-08
2405 5.0000E-08
2406 5.0000E-08
2407 5.0000E-08
2408 5.0000E-08
2409 5.0000E-08
2410 5.0000E-08
2411 5.0000E-08
2412 5.0000E-08
2413 5.0000E-08
2414 5.0000E-08
2415 5.0000E-08
2416 5.0000E-08
2417 5.0000E-08
2418 5.0000E-08
2419 5.0000E-08
2420 5.0000E-08
2421 5.0000E-08
2422 5.0000E-08
2423 5.0000E-08
2424 5.0000E-08
2425 5.0000E-08
2426 5.0000E-08
2427 5.0000E-08
2428 5.0000E-08
2429 5.0000E-08
2430 5.0000E-08
2431 5.0000E-08
2432 5.0000E-08
2433 5.0000E-08
2434 5.0000E-08
2435 5.0000E-08
2436 5.0000E-08
2437 5.0000E-08
2438 5.0000E-08
2439 5.0000E-08
2440 5.0000E-08
2441 5.0000E-08
2442 5.0000E-08
2443 5.0000E-08
2444 5.0000E-08
2445 5.0000E-08
2446 5.0000E-08
2447 5.0000E-08
2448 5.0000E-08
2449 5.0000E-08
2450 5.0000E-08
2451 5.0000E-08
2452 5.0000E-08
2453 5.0000E-08
2454 5.0000E-08
2455 5.0000E-08
2456 5.0000E-08
2457 5.0000E-08
2458 5.0000E-08
2459 5.0000E-08
2460 5.0000E-08
2461 5.0000E-08
2462 5.0000E-08
2463 5.0000E-08
2464 5.0000E-08
2465 5.0000E-08
2466 5.0000E-08
2467 5.0000E-08
2468 5.0000E-08
2469 5.0000E-08
2470 5.0000E-08
2471 5.0000E-08
2472 5.0000E-08
2473 5.0000E-08
2474 5.0000E-08
2475 5.0000E-08
2476 5.0000E-08
2477 5.0000E-08
2478 5.0000E-08
2479 5.0000E-08
2480 5.0000E-08
2481 5.0000E-08
2482 5.0000E-08
2483 5.0000E-08
2484 5.0000E-08
2485 5.0000E-08
2486 5.0000E-08
2487 5.0000E-08
2488 5.0000E-08
2489 5.0000E-08
2490 5.0000E-08
2491 5.0000E-08
2492 5.0000E-08
2493 5.0000E-08
2494 5.0000E-08
2495 5.0000E-08
2496 5.0000E-08
2497 5.0000E-08
2498 5.0000E-08
2499 5.0000E-08
2500 5.0000E-08
2501 5.0000E-08
2502 5.0000E-08
2503 5.0000E-08
2504 5.0000E-08
2505 5.0000E-08
2506 5.0000E-08
2507 5.0000E-08
2508 5.0000E-08
2509 5.0000E-08
2510 5.0000E-08
2511 5.0000E-08
2512 5.0000E-08
2513 5.0000E-08
2514 5.0000E-08
2515 5.0000E-08
2516 5.0000E-08
2517 5.0000E-08
2518 5.0000E-08
2519 5.0000E-08
2520 5.0000E-08
2521 5.0000E-08
2522 5.0000E-08
2523 5.0000E-08
2524 5.0000E-08
2525 5.0000E-08
2526 5.0000E-08
2527 5.0000E-08
2528 5.0000E-08
2529 5.0000E-08
2530 5.0000E-08
2531 5.0000E-08
2532 5.0000E-08
2533 5.0000E-08
2534 5.0000E-08
2535 5.0000E-08
2536 5.0000E-08
2537 5.0000E-08
2538 5.0000E-08
2539 5.0000E-08
2540 5.0000E-08
2541 5.0000E-08
2542 5.0000E-08
2543 5.0000E-08
2544 5.0000E-08
2545 5.0000E-08
2546 5.0000E-08
2547 5.0000E-08
2548 5.0000E-08
2549 5.0000E-08
2550 5.0000E-08
2551 5.0000E-08
2552 5.0000E-08
2553 5.0000E-08
2554 5.0000E-08
2555 5.0000E-08
2556 5.0000E-08
2557 5.0000E-08
2558 5.0000E-08
2559 5.0000E-08
2560 5.0000E-08
2561 5.0000E-08
2562 5.0000E-08
2563 5.0000E-08
2564 5.0000E-08
2565 5.0000E-08
2566 5.0000E-08
2567 5.0000E-08
2568 5.0000E-08
2569 5.0000E-08
2570 5.0000E-08
2571 5.0000E-08
2572 5.0000E-08
2573 5.0000E-08
2574 5.0000E-08
2575 5.0000E-08
2576 5.0000E-08
2577 5.0000E-08
2578 5.0000E-08
2579 5.0000E-08
2580 5.0000E-08
2581 5.0000E-08
2582 5.0000E-08
2583 5.0000E-08
2584 5.0000E-08
2585 5.0000E-08
2586 5.0000E-08
2587 5.0000E-08
2588 5.0000E-08
2589 5.0000E-08
2590 5.0000E-08
2591 5.0000E-08
2592 5.0000E-08
2593 5.0000E-08
2594 5.0000E-08
2595 5.0000E-08
2596 5.0000E-08
2597 5.0000E-08
2598 5.0000E-08
2599 5.0000E-08
2600 5.0000E-08
2601 5.0000E-08
2602 5.0000E-08
2603 5.0000E-08
2604 5.0000E-08
2605 5.0000E-08
2606 5.0000E-08
2607 5.0000E-08
2608 5.0000E-08
2609 5.0000E-08
2610 5.0000E-08
2611 5.0000E-08
2612 5.0000E-08
2613 5.0000E-08
2614 5.0000E-08
2615 5.0000E-08
2616 5.0000E-08
2617 5.0000E-08
2618 5.0000E-08
2619 5.0000E-08
2620 5.0000E-08
2621 5.0000E-08
2622 5.0000E-08
2623 5.0000E-08
2624 5.0000E-08
2625 5.0000E-08
2626 5.0000E-08
2627 5.0000E-08
2628 5.0000E-08
2629 5.0000E-08
2630 5.0000E-08
2631 5.0000E-08
2632 5.0000E-08
2633 5.0000E-08
2634 5.0000E-08
2635 5.0000E-08
2636 5.0000E-08
2637 5.0000E-08
2638 5.0000E-08
2639 5.0000E-08
2640 5.0000E-08
2641 5.0000E-08
2642 5.0000E-08
2643 5.0000E-08
2644 5.0000E-08
2645 5.0000E-08
2646 5.0000E-08
2647 5.0000E-08
2648 5.0000E-08
2649 5.0000E-08
2650 5.0000E-08
2651 5.0000E-08
2652 5.0000E-08
2653 5.0000E-08
2654 5.0000E-08
2655 5.0000E-08
2656 5.0000E-08
2657 5.0000E-08
2658 5.0000E-08
2659 5.0000E-08
2660 5.0000E-08
2661 5.0000E-08
2662 5.0000E-08
2663 5.0000E-08
2664 5.0000E-08
2665 5.0000E-08
2666 5.0000E-08
2667 5.0000E-08
2668 5.0000E-08
2669 5.0000E-08
2670 5.0000E-08
2671 5.0000E-08
2672 5.0000E-08
2673 5.0000E-08
2674 5.0000E-08
2675 5.0000E-08
2676 5.0000E-08
2677 5.0000E-08
2678 5.0000E-08
2679 5.0000E-08
2680 5.0000E-08
2681 5.0000E-08
2682 5.0000E-08
2683 5.0000E-08
2684 5.0000E-08
2685 5.0000E-08
2686 5.0000E-08
2687 5.0000E-08
2688 5.0000E-08
2689 5.0000E-08
2690 5.0000E-08
2691 5.0000E-08
2692 5.0000E-08
2693 5.0000E-08
2694 5.0000E-08
2695 5.0000E-08
2696 5.0000E-08
2697 5.0000E-08
2698 5.0000E-08
2699 5.0000E-08
2700 5.0000E-08
2701 5.0000E-08
2702 5.0000E-08
2703 5.0000E-08
2704 5.0000E-08
2705 5.0000E-08
2706 5.0000E-08
2707 5.0000E-08
2708 5.0000E-08
2709 5.0000E-08
2710 5.0000E-08
2711 5.0000E-08
2712 5.0000E-08
2713 5.0000E-08
2714 5.0000E-08
2715 5.0000E-08
2716 5.0000E-08
2717 5.0000E-08
2718 5.0000E-08
2719 5.0000E-08
2720 5.0000E-08
2721 5.0000E-08
2722 5.0000E-08
2723 5.0000E-08
2724 5.0000E-08
2725 5.0000E-08
2726 5.0000E-08
2727 5.0000E-08
2728 5.0000E-08
2729 5.0000E-08
2730 5.0000E-08
2731 5.0000E-08
2732 5.0000E-08
2733 5.0000E-08
2734 5.0000E-08
2735 5.0000E-08
2736 5.0000E-08
2737 5.0000E-08
2738 5.0000E-08
2739 5.0000E-08
2740 5.0000E-08
2741 5.0000E-08
2742 5.0000E-08
2743 5.0000E-08
2744 5.0000E-08
2745 5.0000E-08
2746 5.0000E-08
2747 5.0000E-08
2748 5.0000E-08
2749 5.0000E-08
2750 5.0000E-08
2751 5.0000E-08
2752 5.0000E-08
2753 5.0000E-08
2754 5.0000E-08
2755 5.0000E-08
2756 5.0000E-08
2757 5.0000E-08
2758 5.0000E-08
2759 5.0000E-08
2760 5.0000E-08
2761 5.0000E-08
2762 5.0000E-08
2763 5.0000E-08
2764 5.0000E-08
2765 5.0000E-08
2766 5.0000E-08
2767 5.0000E-08
2768 5.0000E-08
2769 5.0000E-08
2770 5.0000E-08
2771 5.0000E-08
2772 5.0000E-08
2773 5.0000E-08
2774 5.0000E-08
2775 5.0000E-08
2776 5.0000E-08
2777 5.0000E-08
2778 5.0000E-08
2779 5.0000E-08
2780 5.0000E-08
2781 5.0000E-08
2782 5.0000E-08
2783 5.0000E-08
2784 5.0000E-08
2785 5.0000E-08
2786 5.0000E-08
2787 5.0000E-08
2788 5.0000E-08
2789 5.0000E-08
2790 5.0000E-08
2791 5.0000E-08
2792 5.0000E-08
2793 5.0000E-08
2794 5.0000E-08
2795 5.0000E-08
2796 5.0000E-08
2797 5.0000E-08
2798 5.0000E-08
2799 5.0000E-08
2800 5.0000E-08
2801 5.0000E-08
2802 5.0000E-08
2803 5.0000E-08
2804 5.0000E-08
2805 5.0000E-08
2806 5.0000E-08
2807 5.0000E-08
2808 5.0000E-08
2809 5.0000E-08
2810 5.0000E-08
2811 5.0000E-08
2812 5.0000E-08
2813 5.0000E-08
2814 5.0000E-08
2815 5.0000E-08
2816 5.0000E-08
2817 5.0000E-08
2818 5.0000E-08
2819 5.0000E-08
2820 5.0000E-08
2821 5.0000E-08
2822 5.0000E-08
2823 5.0000E-08
2824 5.0000E-08
2825 5.0000E-08
2826 5.0000E-08
2827 5.0000E-08
2828 5.0000E-08
2829 5.0000E-08
2830 5.0000E-08
2831 5.0000E-08
2832 5.0000E-08
2833 5.0000E-08
2834 5.0000E-08
2835 5.0000E-08
2836 5.0000E-08
2837 5.0000E-08
2838 5.0000E-08
2839 5.0000E-08
2840 5.0000E-08
2841 5.0000E-08
2842 5.0000E-08
2843 5.0000E-08
2844 5.0000E-08
2845 5.0000E-08
2846 5.0000E-08
2847 5.0000E-08
2848 5.0000E-08
2849 5.0000E-08
2850 5.0000E-08
2851 5.0000E-08
2852 5.0000E-08
2853 5.0000E-08
2854 5.0000E-08
2855 5.0000E-08
2856 5.0000E-08
2857 5.0000E-08
2858 5.0000E-08
2859 5.0000E-08
2860 5.0000E-08
2861 5.0000E-08
2862 5.0000E-08
2863 5.0000E-08
2864 5.0000E-08
2865 5.0000E-08
2866 5.0000E-08
2867 5.0000E-08
2868 5.0000E-08
2869 5.0000E-08
2870 5.0000E-08
2871 5.0000E-08
2872 5.0000E-08
2873 5.0000E-08
2874 5.0000E-08
2875 5.0000E-08
2876 5.0000E-08
2877 5.0000E-08
2878 5.0000E-08
2879 5.0000E-08
2880 5.0000E-08
2881 5.0000E-08
2882 5.0000E-08
2883 5.0000E-08
2884 5.0000E-08
2885 5.0000E-08
2886 5.0000E-08
2887 5.0000E-08
2888 5.0000E-08
2889 5.0000E-08
2890 5.0000E-08
2891 5.0000E-08
2892 5.0000E-08
2893 5.0000E-08
2894 5.0000E-08
2895 5.0000E-08
2896 5.0000E-08
2897 5.0000E-08
2898 5.0000E-08
2899 5.0000E-08
2900 5.0000E-08
2901 5.0000E-08
2902 5.0000E-08
2903 5.0000E-08
2904 5.0000E-08
2905 5.0000E-08
2906 5.0000E-08
2907 5.0000E-08
2908 5.0000E-08
2909 5.0000E-08
2910 5.0000E-08
2911 5.0000E-08
2912 5.0000E-08
2913 5.0000E-08
2914 5.0000E-08
2915 5.0000E-08
2916 5.0000E-08
2917 5.0000E-08
2918 5.0000E-08
2919 5.0000E-08
2920 5.0000E-08
2921 5.0000E-08
2922 5.0000E-08
2923 5.0000E-08
2924 5.0000E-08
2925 5.0000E-08
2926 5.0000E-08
2927 5.0000E-08
2928 5.0000E-08
2929 5.0000E-08
2930 5.0000E-08
2931 5.0000E-08
2932 5.0000E-08
2933 5.0000E-08
2934 5.0000E-08
2935 5.0000E-08
2936 5.0000E-08
2937 5.0000E-08
2938 5.0000E-08
2939 5.0000E-08
2940 5.0000E-08
2941 5.0000E-08
2942 5.0000E-08
2943 5.0000E-08
2944 5.0000E-08
2945 5.0000E-08
2946 5.0000E-08
2947 5.0000E-08
2948 5.0000E-08
2949 5.0000E-08
2950 5.0000E-08
2951 5.0000E-08
2952 5.0000E-08
2953 5.0000E-08
2954 5.0000E-08
2955 5.0000E-08
2956 5.0000E-08
2957 5.0000E-08
2958 5.0000E-08
2959 5.0000E-08
2960 5.0000E-08
2961 5.0000E-08
2962 5.0000E-08
2963 5.0000E-08
2964 5.0000E-08
2965 5.0000E-08
2966 5.0000E-08
2967 5.0000E-08
2968 5.0000E-08
2969 5.0000E-08
2970 5.0000E-08
2971 5.0000E-08
2972 5.0000E-08
2973 5.0000E-08
2974 5.0000E-08
2975 5.0000E-08
2976 5.0000E-08
2977 5.0000E-08
2978 5.0000E-08
2979 5.0000E-08
2980 5.0000E-08
2981 5.0000E-08
2982 5.0000E-08
2983 5.0000E-08
2984 5.0000E-08
2985 5.0000E-08
2986 5.0000E-08
2987 5.0000E-08
2988 5.0000E-08
2989 5.0000E-08
2990 5.0000E-08
2991 5.0000E-08
2992 5.0000E-08
2993 5.0000E-08
2994 5.0000E-08
2995 5.0000E-08
2996 5.0000E-08
2997 5.0000E-08
2998 5.0000E-08
2999 5.0000E-08
3000 5.0000E-08
3001 5.0000E-08
3002 5.0000E-08
3003 5.0000E-08
3004 5.0000E-08
3005 5.0000E-08
3006 5.0000E-08
3007 5.0000E-08
3008 5.0000E-08
3009 5.0000E-08
3010 5.0000E-08
3011 5.0000E-08
3012 5.0000E-08
3013 5.0000E-08
3014 5.0000E-08
3015 5.0000E-08
3016 5.0000E-08
3017 5.0000E-08
3018 5.0000E-08
3019 5.0000E-08
3020 5.0000E-08
3021 5.0000E-08
3022 5.0000E-08
3023 5.0000E-08
3024 5.0000E-08
3025 5.0000E-08
3026 5.0000E-08
3027 5.0000E-08
3028 5.0000E-08
3029 5.0000E-08
3030 5.0000E-08
3031 5.0000E-08
3032 5.0000E-08
3033 5.0000E-08
3034 5.0000E-08
3035 5.0000E-08
3036 5.0000E-08
3037 5.0000E-08
3038 5.0000E-08
3039 5.0000E-08
3040 5.0000E-08
3041 5.0000E-08
3042 5.0000E-08
3043 5.0000E-08
3044 5.0000E-08
3045 5.0000E-08
3046 5.0000E-08
3047 5.0000E-08
3048 5.0000E-08
3049 5.0000E-08
3050 5.0000E-08
3051 5.0000E-08
3052 5.0000E-08
3053 5.0000E-08
3054 5.0000E-08
3055 5.0000E-08
3056 5.0000E-08
3057 5.0000E-08
3058 5.0000E-08
3059 5.0000E-08
3060 5.0000E-08
3061 5.0000E-08
3062 5.0000E-08
3063 5.0000E-08
3064 5.0000E-08
3065 5.0000E-08
3066 5.0000E-08
3067 5.0000E-08
3068 5.0000E-08
3069 5.0000E-08
3070 5.0000E-08
3071 5.0000E-08
3072 5.0000E-08
3073 5.0000E-08
3074 5.0000E-08
3075 5.0000E-08
3076 5.0000E-08
3077 5.0000E-08
3078 5.0000E-08
3079 5.0000E-08
3080 5.0000E-08
3081 5.0000E-08
3082 5.0000E-08
3083 5.0000E-08
3084 5.0000E-08
3085 5.0000E-08
3086 5.0000E-08
3087 5.0000E-08
3088 5.0000E-08
3089 5.0000E-08
3090 5.0000E-08
3091 5.0000E-08
3092 5.0000E-08
3093 5.0000E-08
3094 5.0000E-08
3095 5.0000E-08
3096 5.0000E-08
3097 5.0000E-08
3098 5.0000E-08
3099 5.0000E-08
3100 5.0000E-08
3101 5.0000E-08
3102 5.0000E-08
3103 5.0000E-08
3104 5.0000E-08
3105 5.0000E-08
3106 5.0000E-08
3107 5.0000E-08
3108 5.0000E-08
3109 5.0000E-08
3110 5.0000E-08
3111 5.0000E-08
3112 5.0000E-08
3113 5.0000E-08
3114 5.0000E-08
3115 5.0000E-08
3116 5.0000E-08
3117 5.0000E-08
3118 5.0000E-08
3119 5.0000E-08
3120 5.0000E-08
3121 5.0000E-08
3122 5.0000E-08
3123 5.0000E-08
3124 5.0000E-08
3125 5.0000E-08
3126 5.0000E-08
3127 5.0000E-08
3128 5.0000E-08
3129 5.0000E-08
3130 5.0000E-08
3131 5.0000E-08
3132 5.0000E-08
3133 5.0000E-08
3134 5.0000E-08
3135 5.0000E-08
3136 5.0000E-08
3137 5.0000E-08
3138 5.0000E-08
3139 5.0000E-08
3140 5.0000E-08
3141 5.0000E-08
3142 5.0000E-08
3143 5.0000E-08
3144 5.0000E-08
3145 5.0000E-08
3146 5.0000E-08
3147 5.0000E-08
3148 5.0000E-08
3149 5.0000E-08
3150 5.0000E-08
3151 5.0000E-08
3152 5.0000E-08
3153 5.0000E-08
3154 5.0000E-08
3155 5.0000E-08
3156 5.0000E-08
3157 5.0000E-08
3158 5.0000E-08
3159 5.0000E-08
3160 5.0000E-08
3161 5.0000E-08
3162 5.0000E-08
3163 5.0000E-08
3164 5.0000E-08
3165 5.0000E-08
3166 5.0000E-08
3167 5.0000E-08
3168 5.0000E-08
3169 5.0000E-08
3170 5.0000E-08
3171 5.0000E-08
3172 5.0000E-08
3173 5.0000E-08
3174 5.0000E-08
3175 5.0000E-08
3176 5.0000E-08
3177 5.0000E-08
3178 5.0000E-08
3179 5.0000E-08
3180 5.0000E-08
3181 5.0000E-08
3182 5.0000E-08
3183 5.0000E-08
3184 5.0000E-08
3185 5.0000E-08
3186 5.0000E-08
3187 5.0000E-08
3188 5.0000E-08
3189 5.0000E-08
3190 5.0000E-08
3191 5.0000E-08
3192 5.0000E-08
3193 5.0000E-08
3194 5.0000E-08
3195 5.0000E-08
3196 5.0000E-08
3197 5.0000E-08
3198 5.0000E-08
3199 5.0000E-08
3200 5.0000E-08
3201 5.0000E-08
3202 5.0000E-08
3203 5.0000E-08
3204 5.0000E-08
3205 5.0000E-08
3206 5.0000E-08
3207 5.0000E-08
3208 5.0000E-08
3209 5.0000E-08
3210 5.0000E-08
3211 5.0000E-08
3212 5.0000E-08
3213 5.0000E-08
3214 5.0000E-08
3215 5.0000E-08
3216 5.0000E-08
3217 5.0000E-08
3218 5.0000E-08
3219 5.0000E-08
3220 5.0000E-08
3221 5.0000E-08
3222 5.0000E-08
3223 5.0000E-08
3224 5.0000E-08
3225 5.0000E-08
3226 5.0000E-08
3227 5.0000E-08
3228 5.0000E-08
3229 5.0000E-08
3230 5.0000E-08
3231 5.0000E-08
3232 5.0000E-08
3233 5.0000E-08
3234 5.0000E-08
3235 5.0000E-08
3236 5.0000E-08
3237 5.0000E-08
3238 5.0000E-08
3239 5.0000E-08
3240 5.0000E-08
3241 5.0000E-08
3242 5.0000E-08
3243 5.0000E-08
3244 5.0000E-08
3245 5.0000E-08
3246 5.0000E-08
3247 5.0000E-08
3248 5.0000E-08
3249 5.0000E-08
3250 5.0000E-08
3251 5.0000E-08
3252 5.0000E-08
3253 5.0000E-08
3254 5.0000E-08
3255 5.0000E-08
3256 5.0000E-08
3257 5.0000E-08
3258 5.0000E-08
3259 5.0000E-08
3260 5.0000E-08
3261 5.0000E-08
3262 5.0000E-08
3263 5.0000E-08
3264 5.0000E-08
3265 5.0000E-08
3266 5.0000E-08
3267 5.0000E-08
3268 5.0000E-08
3269 5.0000E-08
3270 5.0000E-08
3271 5.0000E-08
3272 5.0000E-08
3273 5.0000E-08
3274 5.0000E-08
3275 5.0000E-08
3276 5.0000E-08
3277 5.0000E-08
3278 5.0000E-08
3279 5.0000E-08
3280 5.0000E-08
3281 5.0000E-08
3282 5.0000E-08
3283 5.0000E-08
3284 5.0000E-08
3285 5.5765E-08
3286 6.4305E-08
3287 9.6856E-07
3288 3.6641E-06
3289 6.3584E-06
3290 2.5491E-05
3291 4.4730E-05
3292 4.9500E-03
3293 1.2523E-02
3294 2.3017E-02
3295 4.0731E-02
3296 5.8380E-02
3297 8.0047E-02
3298 1.0200E-01
3299 1.2463E-01
3300 1.4788E-01
3301 1.7133E-01
3302 1.9836E-01
3303 2.2520E-01
3304 2.5377E-01
3305 2.8330E-01
3306 3.1248E-01
3307 3.4048E-01
3308 3.6822E-01
3309 3.9865E-01
3310 4.3141E-01
3311 4.6380E-01
3312 4.9227E-01
3313 5.1995E-01
3314 5.4733E-01
3315 5.7465E-01
3316 6.0160E-01
3317 6.2663E-01
3318 6.4817E-01
3319 6.6938E-01
3320 6.9130E-01
3321 7.1458E-01
3322 7.3747E-01
3323 7.5964E-01
3324 7.8061E-01
3325 8.0117E-01
3326 8.2132E-01
3327 8.4048E-01
3328 8.5921E-01
3329 8.7753E-01
3330 8.9508E-01
3331 9.1174E-01
3332 9.2799E-01
3333 9.4383E-01
3334 9.5623E-01
3335 9.6575E-01
3336 9.7499E-01
3337 9.8396E-01
3338 9.9137E-01
3339 9.9327E-01
3340 9.9510E-01
3341 9.9687E-01
3342 9.9857E-01
3343 1.0000E+00
3344 1.0000E+00
3345 1.0000E+00
3346 1.0000E+00
3347 1.0000E+00
3348 1.0000E+00
3349 1.0000E+00
3350 1.0000E+00
3351 1.0000E+00
3352 1.0000E+00
3353 1.0000E+00
3354 1.0000E+00
3355 1.0000E+00
3356 1.0000E+00
3357 1.0000E+00
3358 1.0000E+00
3359 9.9992E-01
3360 9.9931E-01
3361 9.9876E-01
3362 9.9827E-01
3363 9.9783E-01
3364 9.9744E-01
3365 9.9710E-01
3366 9.9682E-01
3367 9.9659E-01
3368 9.9641E-01
3369 9.9628E-01
3370 9.9619E-01
3371 9.9615E-01
3372 9.9616E-01
3373 9.9621E-01
3374 9.9631E-01
3375 9.9644E-01
3376 9.9662E-01
3377 9.9683E-01
3378 9.9708E-01
3379 9.9737E-01
3380 9.9769E-01
3381 9.9805E-01
3382 9.9844E-01
3383 9.9885E-01
3384 9.9930E-01
3385 9.9977E-01
3386 1.0000E+00
3387 1.0000E+00
3388 1.0000E+00
3389 1.0000E+00
3390 1.0000E+00
3391 1.0000E+00
3392 1.0000E+00
3393 1.0000E+00
3394 1.0000E+00
3395 1.0000E+00
3396 1.0000E+00
3397 1.0000E+00
3398 1.0000E+00
3399 1.0000E+00
3400 1.0000E+00
3401 1.0000E+00
3402 1.0000E+00
3403 1.0000E+00
3404 1.0000E+00
3405 1.0000E+00
3406 1.0000E+00
3407 1.0000E+00
3408 1.0000E+00
3409 1.0000E+00
3410 1.0000E+00
3411 1.0000E+00
3412 1.0000E+00
3413 1.0000E+00
3414 1.0000E+00
3415 9.9977E-01
3416 9.9930E-01
3417 9.9885E-01
3418 9.9844E-01
3419 9.9805E-01
3420 9.9769E-01
3421 9.9737E-01
3422 9.9708E-01
3423 9.9683E-01
3424 9.9662E-01
3425 9.9644E-01
3426 9.9631E-01
3427 9.9621E-01
3428 9.9616E-01
3429 9.9615E-01
3430 9.9619E-01
3431 9.9628E-01
3432 9.9641E-01
3433 9.9659E-01
3434 9.9682E-01
3435 9.9710E-01
3436 9.9744E-01
3437 9.9783E-01
3438 9.9827E-01
3439 9.9876E-01
3440 9.9931E-01
3441 9.9992E-01
3442 1.0000E+00
3443 1.0000E+00
3444 1.0000E+00
3445 1.0000E+00
3446 1.0000E+00
3447 1.0000E+00
3448 1.0000E+00
3449 1.0000E+00
3450 1.0000E+00
3451 1.0000E+00
3452 1.0000E+00
3453 1.0000E+00
3454 1.0000E+00
3455 1.0000E+00
3456 1.0000E+00
3457 1.0000E+00
3458 9.9857E-01
3459 9.9687E-01
3460 9.9510E-01
3461 9.9327E-01
3462 9.9137E-01
3463 9.8396E-01
3464 9.7499E-01
3465 9.6575E-01
3466 9.5623E-01
3467 9.4383E-01
3468 9.2799E-01
3469 9.1174E-01
3470 8.9508E-01
3471 8.7753E-01
3472 8.5921E-01
3473 8.4048E-01
3474 8.2132E-01
3475 8.0117E-01
3476 7.8061E-01
3477 7.5964E-01
3478 7.3747E-01
3479 7.1458E-01
3480 6.9130E-01
3481 6.6938E-01
3482 6.4817E-01
3483 6.2663E-01
3484 6.0160E-01
3485 5.7465E-01
3486 5.4733E-01
3487 5.1995E-01
3488 4.9227E-01
3489 4.6380E-01
3490 4.3141E-01
3491 3.9865E-01
3492 3.6822E-01
3493 3.4048E-01
3494 3.1248E-01
3495 2.8330E-01
3496 2.5377E-01
3497 2.2520E-01
3498 1.9836E-01
3499 1.7133E-01
3500 1.4788E-01
3501 1.2463E-01
3502 1.0200E-01
3503 8.0047E-02
3504 5.8380E-02
3505 4.0731E-02
3506 2.3017E-02
3507 1.2523E-02
3508 4.9500E-03
3509 4.4730E-05
3510 2.5491E-05
3511 6.3584E-06
3512 3.6641E-06
3513 9.6856E-07
3514 6.4305E-08
3515 5.5765E-08
3516 5.0000E-08
3517 5.0000E-08
3518 5.0000E-08
3519 5.0000E-08
3520 5.0000E-08
3521 5.0000E-08
3522 5.0000E-08
3523 5.0000E-08
3524 5.0000E-08
3525 5.0000E-08
3526 5.0000E-08
3527 5.0000E-08
3528 5.0000E-08
3529 5.0000E-08
3530 5.0000E-08
3531 5.0000E-08
3532 5.0000E-08
3533 5.0000E-08
3534 5.0000E-08
3535 5.0000E-08
3536 5.0000E-08
3537 5.0000E-08
3538 5.0000E-08
3539 5.0000E-08
3540 5.0000E-08
3541 5.0000E-08
3542 5.0000E-08
3543 5.0000E-08
3544 5.0000E-08
3545 5.0000E-08
3546 5.0000E-08
3547 5.0000E-08
3548 5.0000E-08
3549 5.0000E-08
3550 5.0000E-08
3551 5.0000E-08
3552 5.0000E-08
3553 5.0000E-08
3554 5.0000E-08
3555 5.0000E-08
3556 5.0000E-08
3557 5.0000E-08
3558 5.0000E-08
3559 5.0000E-08
3560 5.0000E-08
3561 5.0000E-08
3562 5.0000E-08
3563 5.0000E-08
3564 5.0000E-08
3565 5.0000E-08
3566 5.0000E-08
3567 5.0000E-08
3568 5.0000E-08
3569 5.0000E-08
3570 5.0000E-08
3571 5.0000E-08
3572 5.0000E-08
3573 5.0000E-08
3574 5.0000E-08
3575 5.0000E-08
3576 5.0000E-08
3577 5.0000E-08
3578 5.0000E-08
3579 5.0000E-08
3580 5.0000E-08
3581 5.0000E-08
3582 5.0000E-08
3583 5.0000E-08
3584 5.0000E-08
3585 5.0000E-08
3586 5.0000E-08
3587 5.0000E-08
3588 5.0000E-08
3589 5.0000E-08
3590 5.0000E-08
3591 5.0000E-08
3592 5.0000E-08
3593 5.0000E-08
3594 5.0000E-08
3595 5.0000E-08
3596 5.0000E-08
3597 5.0000E-08
3598 5.0000E-08
3599 5.0000E-08
