-200    0
-199    0
-198    0
-197    0
-196    0
-195    0
-194    0
-193    0
-192    0
-191    0
-190    0
-189    0
-188    0
-187    0
-186    0
-185    0
-184    0
-183    0
-182    0
-181    0
-180    0
-179    0
-178    0
-177    0
-176    0
-175    0
-174    0
-173    0
-172    0
-171    0
-170    0
-169    0
-168    0
-167    0
-166    0
-165    0
-164    0
-163    0
-162    0
-161    0
-160    0
-159    0
-158    0
-157    0
-156    0
-155    0
-154    0
-153    0
-152    0
-151    0
-150    0
-149    0
-148    0
-147    0
-146    0
-145    0
-144    0
-143    0
-142    0
-141    0
-140    0
-139    0
-138    0
-137    0
-136    0
-135    0
-134    0
-133    0
-132    0
-131    0
-130    4.87E-05
-129    1.52E-04
-128    3.27E-04
-127    6.16E-04
-126    0.001082677
-125    0.001818327
-124    0.002951033
-123    0.004654268
-122    0.00715545
-121    0.010742573
-120    0.015767244
-119    0.022642248
-118    0.031831913
-117    0.043834039
-116    0.059153084
-115    0.078265538
-114    0.101579755
-113    0.129393892
-112    0.161856486
-111    0.198934612
-110    0.240394154
-109    0.285795575
-108    0.334506798
-107    0.385732686
-106    0.438558523
-105    0.492003346
-104    0.545077294
-103    0.596837261
-102    0.646436577
-101    0.693162943
-100    0.736463875
-99     0.775957953
-98     0.811432945
-97     0.842832939
-96     0.870237307
-95     0.89383466
-94     0.913894803
-93     0.93074128
-92     0.944726468
-91     0.956210473
-90     0.965544468
-89     0.973058535
-88     0.979053693
-87     0.983797517
-86     0.987522659
-85     0.990427522
-84     0.992678434
-83     0.994412714
-82     0.995742199
-81     0.996756867
-80     0.99752832
-79     0.998112979
-78     0.99855492
-77     0.998888305
-76     0.999139434
-75     0.999328434
-74     0.999470623
-73     0.999577614
-72     0.999658173
-71     0.999718901
-70     0.999764753
-69     0.999799445
-68     0.999825759
-67     0.999815944
-66     0.999789224
-65     0.999757303
-64     0.999719666
-63     0.999675851
-62     0.999625478
-61     0.999568273
-60     0.999504087
-59     0.999432921
-58     0.999354936
-57     0.999270468
-56     0.999180035
-55     0.999084329
-54     0.998984216
-53     0.99888072
-52     0.998775004
-51     0.998668345
-50     0.998562108
-49     0.998457711
-48     0.998356591
-47     0.998260174
-46     0.998169833
-45     0.99808686
-44     0.998012435
-43     0.997947597
-42     0.99789322
-41     0.997850001
-40     0.99781844
-39     0.997798838
-38     0.997791295
-37     0.997795708
-36     0.997811788
-35     0.997839066
-34     0.997876914
-33     0.997924561
-32     0.99798112
-31     0.99804561
-30     0.998116979
-29     0.998194132
-28     0.998275954
-27     0.998361332
-26     0.99844918
-25     0.998538453
-24     0.99862817
-23     0.99871742
-22     0.99880538
-21     0.99889132
-20     0.998974605
-19     0.999054702
-18     0.999131178
-17     0.999203695
-16     0.999272009
-15     0.999335961
-14     0.999395471
-13     0.999450531
-12     0.999501192
-11     0.999547558
-10     0.99958978
-9      0.999628038
-8      0.999662544
-7      0.999693526
-6      0.999721225
-5      0.999745886
-4      0.999767758
-3      0.999787084
-2      0.9998041
-1      0.999819034
0       0.999832098
1       0.999819034
2       0.9998041
3       0.999787084
4       0.999767758
5       0.999745886
6       0.999721225
7       0.999693526
8       0.999662544
9       0.999628038
10      0.99958978
11      0.999547558
12      0.999501192
13      0.999450531
14      0.999395471
15      0.999335961
16      0.999272009
17      0.999203695
18      0.999131178
19      0.999054702
20      0.998974605
21      0.99889132
22      0.99880538
23      0.99871742
24      0.99862817
25      0.998538453
26      0.99844918
27      0.998361332
28      0.998275954
29      0.998194132
30      0.998116979
31      0.99804561
32      0.99798112
33      0.997924561
34      0.997876914
35      0.997839066
36      0.997811788
37      0.997795708
38      0.997791295
39      0.997798838
40      0.99781844
41      0.997850001
42      0.99789322
43      0.997947597
44      0.998012435
45      0.99808686
46      0.998169833
47      0.998260174
48      0.998356591
49      0.998457711
50      0.998562108
51      0.998668345
52      0.998775004
53      0.99888072
54      0.998984216
55      0.999084329
56      0.999180035
57      0.999270468
58      0.999354936
59      0.999432921
60      0.999504087
61      0.999568273
62      0.999625478
63      0.999675851
64      0.999719666
65      0.999757303
66      0.999789224
67      0.999815944
68      0.999825759
69      0.999799445
70      0.999764753
71      0.999718901
72      0.999658173
73      0.999577614
74      0.999470623
75      0.999328434
76      0.999139434
77      0.998888305
78      0.99855492
79      0.998112979
80      0.99752832
81      0.996756867
82      0.995742199
83      0.994412714
84      0.992678434
85      0.990427522
86      0.987522659
87      0.983797517
88      0.979053693
89      0.973058535
90      0.965544468
91      0.956210473
92      0.944726468
93      0.93074128
94      0.913894803
95      0.89383466
96      0.870237307
97      0.842832939
98      0.811432945
99      0.775957953
100     0.736463875
101     0.693162943
102     0.646436577
103     0.596837261
104     0.545077294
105     0.492003346
106     0.438558523
107     0.385732686
108     0.334506798
109     0.285795575
110     0.240394154
111     0.198934612
112     0.161856486
113     0.129393892
114     0.101579755
115     0.078265538
116     0.059153084
117     0.043834039
118     0.031831913
119     0.022642248
120     0.015767244
121     0.010742573
122     0.00715545
123     0.004654268
124     0.002951033
125     0.001818327
126     0.001082677
127     6.16E-04
128     3.27E-04
129     1.52E-04
130     4.87E-05
131     0
132     0
133     0
134     0
135     0
136     0
137     0
138     0
139     0
140     0
141     0
142     0
143     0
144     0
145     0
146     0
147     0
148     0
149     0
150     0
151     0
152     0
153     0
154     0
155     0
156     0
157     0
158     0
159     0
160     0
161     0
162     0
163     0
164     0
165     0
166     0
167     0
168     0
169     0
170     0
171     0
172     0
173     0
174     0
175     0
176     0
177     0
178     0
179     0
180     0
181     0
182     0
183     0
184     0
185     0
186     0
187     0
188     0
189     0
190     0
191     0
192     0
193     0
194     0
195     0
196     0
197     0
198     0
199     0
200     0
