-500	 1.00E-08
-499	 1.00E-08
-498	 1.00E-08
-497	 1.00E-08
-496	 1.00E-08
-495	 1.00E-08
-494	 1.00E-08
-493	 1.00E-08
-492	 1.00E-08
-491	 1.00E-08
-490	 1.00E-08
-489	 1.00E-08
-488	 1.00E-08
-487	 1.00E-08
-486	 1.00E-08
-485	 1.00E-08
-484	 1.00E-08
-483	 1.00E-08
-482	 1.00E-08
-481	 1.00E-08
-480	 1.00E-08
-479	 1.00E-08
-478	 1.00E-08
-477	 1.00E-08
-476	 1.00E-08
-475	 1.00E-08
-474	 1.00E-08
-473	 1.00E-08
-472	 1.00E-08
-471	 1.00E-08
-470	 1.00E-08
-469	 1.00E-08
-468	 1.00E-08
-467	 1.00E-08
-466	 1.00E-08
-465	 1.00E-08
-464	 1.00E-08
-463	 1.00E-08
-462	 1.00E-08
-461	 1.00E-08
-460	 1.00E-08
-459	 1.00E-08
-458	 1.00E-08
-457	 1.00E-08
-456	 1.00E-08
-455	 1.00E-08
-454	 1.00E-08
-453	 1.00E-08
-452	 1.00E-08
-451	 1.00E-08
-450	 1.00E-08
-449	 1.00E-08
-448	 1.00E-08
-447	 1.00E-08
-446	 1.00E-08
-445	 1.00E-08
-444	 1.00E-08
-443	 1.00E-08
-442	 1.00E-08
-441	 1.00E-08
-440	 1.00E-08
-439	 1.00E-08
-438	 1.00E-08
-437	 1.00E-08
-436	 1.00E-08
-435	 1.00E-08
-434	 1.00E-08
-433	 1.00E-08
-432	 1.00E-08
-431	 1.00E-08
-430	 1.00E-08
-429	 1.00E-08
-428	 1.00E-08
-427	 1.00E-08
-426	 1.00E-08
-425	 1.00E-08
-424	 1.00E-08
-423	 1.00E-08
-422	 1.00E-08
-421	 1.00E-08
-420	 1.00E-08
-419	 1.00E-08
-418	 1.00E-08
-417	 1.00E-08
-416	 1.00E-08
-415	 1.00E-08
-414	 1.00E-08
-413	 1.00E-08
-412	 1.00E-08
-411	 1.00E-08
-410	 1.00E-08
-409	 1.00E-08
-408	 1.00E-08
-407	 1.00E-08
-406	 1.00E-08
-405	 1.00E-08
-404	 1.00E-08
-403	 1.00E-08
-402	 1.00E-08
-401	 1.00E-08
-400	 1.00E-08
-399	 1.00E-08
-398	 1.00E-08
-397	 1.00E-08
-396	 1.00E-08
-395	 1.00E-08
-394	 1.00E-08
-393	 1.00E-08
-392	 1.00E-08
-391	 1.00E-08
-390	 1.00E-08
-389	 1.00E-08
-388	 1.00E-08
-387	 1.00E-08
-386	 1.00E-08
-385	 1.00E-08
-384	 1.00E-08
-383	 1.00E-08
-382	 1.00E-08
-381	 1.00E-08
-380	 1.00E-08
-379	 1.00E-08
-378	 1.00E-08
-377	 1.00E-08
-376	 1.00E-08
-375	 1.00E-08
-374	 1.00E-08
-373	 1.00E-08
-372	 1.00E-08
-371	 1.00E-08
-370	 1.00E-08
-369	 1.00E-08
-368	 1.00E-08
-367	 1.00E-08
-366	 1.00E-08
-365	 1.00E-08
-364	 1.00E-08
-363	 1.00E-08
-362	 1.00E-08
-361	 1.00E-08
-360	 1.00E-08
-359	 1.00E-08
-358	 1.00E-08
-357	 1.00E-08
-356	 1.00E-08
-355	 1.00E-08
-354	 1.00E-08
-353	 1.00E-08
-352	 1.00E-08
-351	 1.00E-08
-350	 1.00E-08
-349	 1.00E-08
-348	 1.00E-08
-347	 1.00E-08
-346	 1.00E-08
-345	 1.00E-08
-344	 1.00E-08
-343	 1.00E-08
-342	 1.00E-08
-341	 1.00E-08
-340	 1.00E-08
-339	 1.00E-08
-338	 1.00E-08
-337	 1.00E-08
-336	 1.00E-08
-335	 1.00E-08
-334	 1.00E-08
-333	 1.00E-08
-332	 1.00E-08
-331	 1.00E-08
-330	 1.00E-08
-329	 1.00E-08
-328	 1.00E-08
-327	 1.00E-08
-326	 1.00E-08
-325	 1.00E-08
-324	 1.00E-08
-323	 1.00E-08
-322	 1.00E-08
-321	 1.00E-08
-320	 1.00E-08
-319	 1.00E-08
-318	 1.00E-08
-317	 1.00E-08
-316	 1.00E-08
-315	 1.00E-08
-314	 1.00E-08
-313	 1.00E-08
-312	 1.00E-08
-311	 1.00E-08
-310	 1.00E-08
-309	 1.00E-08
-308	 1.00E-08
-307	 1.00E-08
-306	 1.00E-08
-305	 1.00E-08
-304	 1.00E-08
-303	 1.00E-08
-302	 1.00E-08
-301	 1.00E-08
-300	 1.00E-08
-299	 1.00E-08
-298	 1.00E-08
-297	 1.00E-08
-296	 1.00E-08
-295	 1.00E-08
-294	 1.00E-08
-293	 1.00E-08
-292	 1.00E-08
-291	 1.00E-08
-290	 1.00E-08
-289	 1.00E-08
-288	 1.00E-08
-287	 1.00E-08
-286	 1.00E-08
-285	 1.00E-08
-284	 1.00E-08
-283	 1.00E-08
-282	 1.00E-08
-281	 1.00E-08
-280	 1.00E-08
-279	 1.00E-08
-278	 1.00E-08
-277	 1.00E-08
-276	 1.00E-08
-275	 1.00E-08
-274	 1.00E-08
-273	 1.00E-08
-272	 1.00E-08
-271	 1.00E-08
-270	 1.00E-08
-269	 1.00E-08
-268	 1.00E-08
-267	 1.00E-08
-266	 1.00E-08
-265	 1.00E-08
-264	 1.00E-08
-263	 1.00E-08
-262	 1.00E-08
-261	 1.00E-08
-260	 1.00E-08
-259	 1.00E-08
-258	 1.00E-08
-257	 1.00E-08
-256	 1.00E-08
-255	 1.00E-08
-254	 1.00E-08
-253	 1.00E-08
-252	 1.00E-08
-251	 1.00E-08
-250	 1.00E-08
-249	 1.00E-08
-248	 1.00E-08
-247	 1.00E-08
-246	 1.00E-08
-245	 1.00E-08
-244	 1.00E-08
-243	 1.00E-08
-242	 1.00E-08
-241	 1.00E-08
-240	 1.00E-08
-239	 1.00E-08
-238	 1.00E-08
-237	 1.00E-08
-236	 1.00E-08
-235	 1.00E-08
-234	 1.00E-08
-233	 1.00E-08
-232	 1.00E-08
-231	 1.00E-08
-230	 1.00E-08
-229	 1.00E-08
-228	 1.00E-08
-227	 1.00E-08
-226	 1.00E-08
-225	 1.00E-08
-224	 1.00E-08
-223	 1.00E-08
-222	 1.00E-08
-221	 1.00E-08
-220	 1.00E-08
-219	 1.00E-08
-218	 1.00E-08
-217	 1.00E-08
-216	 1.00E-08
-215	 1.00E-08
-214	 1.00E-08
-213	 1.00E-08
-212	 1.00E-08
-211	 1.00E-08
-210	 1.00E-08
-209	 1.00E-08
-208	 1.00E-08
-207	 1.00E-08
-206	 1.00E-08
-205	 1.00E-08
-204	 1.00E-08
-203	 1.00E-08
-202	 1.00E-08
-201	 1.00E-08
-200	 1.00E-08
-199	 1.00E-08
-198	 1.00E-08
-197	 1.00E-08
-196	 1.00E-08
-195	 1.00E-08
-194	 1.00E-08
-193	 1.00E-08
-192	 1.00E-08
-191	 1.00E-08
-190	 1.00E-08
-189	 1.00E-08
-188	 1.00E-08
-187	 1.00E-08
-186	 1.00E-08
-185	 1.00E-08
-184	 1.00E-08
-183	 1.00E-08
-182	 1.00E-08
-181	 1.00E-08
-180	 1.00E-08
-179	 1.00E-08
-178	 1.00E-08
-177	 1.00E-08
-176	 1.00E-08
-175	 1.00E-08
-174	 1.00E-08
-173	 1.00E-08
-172	 1.00E-08
-171	 1.00E-08
-170	 1.00E-08
-169	 1.00E-08
-168	 1.00E-08
-167	 1.00E-08
-166	 1.00E-08
-165	 1.00E-08
-164	 1.00E-08
-163	 1.00E-08
-162	 1.00E-08
-161	 1.00E-08
-160	 1.00E-08
-159	 1.00E-08
-158	 1.00E-08
-157	 1.00E-08
-156	 1.00E-08
-155	 1.00E-08
-154	 1.00E-08
-153	 1.00E-08
-152	 1.00E-08
-151	 1.00E-08
-150	 1.00E-08
-149	 1.00E-08
-148	 1.00E-08
-147	 1.00E-08
-146	 1.00E-08
-145	 1.00E-08
-144	 1.00E-08
-143	 1.00E-08
-142	 1.00E-08
-141	 1.00E-08
-140	 1.00E-08
-139	 1.00E-08
-138	 1.00E-08
-137	 1.00E-08
-136	 1.00E-08
-135	 1.00E-08
-134	 1.00E-08
-133	 1.00E-08
-132	 1.00E-08
-131	 1.00E-08
-130	 1.00E-08
-129	 1.00E-08
-128	 1.00E-08
-127	 1.00E-08
-126	 1.00E-08
-125	 1.00E-08
-124	 1.00E-08     
-123	 1.00E-08     
-122	 1.00E-08     
-121	 1.00E-08     
-120	 1.00E-08     
-119	 1.00E-08     
-118	 1.00E-08     
-117	 1.00E-08     
-116	 1.00E-08     
-115	 1.00E-08     
-114	 1.00E-08     
-113	 1.00E-08     
-112	 1.00E-08     
-111	 1.00E-08     
-110	 1.00E-08     
-109	 1.00E-08     
-108	 1.00E-08     
-107	 1.00E-08     
-106	 1.00E-08     
-105	 1.00E-08     
-104	 1.00E-08     
-103	 1.00E-08     
-102	 1.00E-08     
-101	 1.00E-08     
-100	 1.00E-08     
-99	 1.00E-08     
-98	 1.00E-08     
-97	 1.00E-08     
-96	 1.00E-08     
-95	 1.00E-08     
-94	 1.00E-08     
-93	 3.25E-07     
-92	 7.00E-07     
-91	 1.62E-05     
-90	 3.63E-05     
-89	 3.77E-04     
-88	 8.80E-04     
-87	 0.004392875  
-86	 0.010471262  
-85	 0.027694065  
-84	 0.063100989  
-83	 0.111034192  
-82	 0.217530897  
-81	 0.322874418  
-80	 0.46259964   
-79	 0.603364164  
-78	 0.719281832  
-77	 0.819472714  
-76	 0.90350652   
-75	 0.938586278  
-74	 0.973115226  
-73	 0.986254874  
-72	 0.992774879  
-71	 0.998140181  
-70	 0.99888807   
-69	 0.999621281  
-68	 1	
-67	 1	
-66	 1	
-65	 1	
-64	 1	
-63	 1	
-62	 1	
-61	 1	
-60	 1	
-59	 1	
-58	 1	
-57	 1	
-56	 1	
-55	 1	
-54	 1	
-53	 1	
-52	 1	
-51	 1	
-50	 1	
-49	 1	
-48	 1	
-47	 1	
-46	 1	
-45	 1	
-44	 1	
-43	 1	
-42	 1	
-41	 1	
-40	 1	
-39	 1	
-38	 1	
-37	 1	
-36	 1	
-35	 1	
-34	 1	
-33	 1	
-32	 1	
-31	 1	
-30	 1	
-29	 1	
-28	 1	
-27	 1	
-26	 1	
-25	 1	
-24	 1	
-23	 1	
-22	 1	
-21	 1	
-20	 1	
-19	 1	
-18	 1	
-17	 1	
-16	 1	
-15	 1	
-14	 1	
-13	 1	
-12	 1	
-11	 1	
-10	 1	
-9	 1	
-8	 1	
-7	 1	
-6	 1	
-5	 1	
-4	 1	
-3	 1	
-2	 1	
-1	 1	
0	 1	
1	 1	
2	 1	
3	 1	
4	 1	
5	 1	
6	 1	
7	 1	
8	 1	
9	 1	
10	 1	
11	 1	
12	 1	
13	 1	
14	 1	
15	 1	
16	 1	
17	 1	
18	 1	
19	 1	
20	 1	
21	 1	
22	 1	
23	 1	
24	 1	
25	 1	
26	 1	
27	 1	
28	 1	
29	 1	
30	 1	
31	 1	
32	 1	
33	 1	
34	 1	
35	 1	
36	 1	
37	 1	
38	 1	
39	 1	
40	 1	
41	 1	
42	 1	
43	 1	
44	 1	
45	 1	
46	 1	
47	 1	
48	 1	
49	 1	
50	 1	
51	 1	
52	 1	
53	 1	
54	 1	
55	 1	
56	 1	
57	 1	
58	 1	
59	 1	
60	 1	
61	 1	
62	 1	
63	 1	
64	 1	
65	 1	
66	 1	
67	 1	
68	 1	
69	 0.999621281	
70	 0.99888807	
71	 0.998140181	
72	 0.992774879	
73	 0.986254874	
74	 0.973115226	
75	 0.938586278	
76	 0.90350652	
77	 0.819472714	
78	 0.719281832	
79	 0.603364164	
80	 0.46259964	
81	 0.322874418	
82	 0.217530897	
83	 0.111034192	
84	 0.063100989	
85	 0.027694065	
86	 0.010471262	
87	 0.004392875	
88	 8.80E-04	
89	 3.77E-04	
90	 3.63E-05	
91	 1.62E-05	
92	 7.00E-07	
93	 3.25E-07	
94	 1.00E-08	
95	 1.00E-08	
96	 1.00E-08	
97	 1.00E-08	
98	 1.00E-08	
99	 1.00E-08	
100	 1.00E-08	
101	 1.00E-08	
102	 1.00E-08	
103	 1.00E-08	
104	 1.00E-08	
105	 1.00E-08	
106	 1.00E-08	
107	 1.00E-08	
108	 1.00E-08	
109	 1.00E-08	
110	 1.00E-08	
111	 1.00E-08	
112	 1.00E-08	
113	 1.00E-08	
114	 1.00E-08
115	 1.00E-08
116	 1.00E-08
117	 1.00E-08
118	 1.00E-08
119	 1.00E-08
120	 1.00E-08
121	 1.00E-08
122	 1.00E-08
123	 1.00E-08
124	 1.00E-08
125	 1.00E-08
126	 1.00E-08
127	 1.00E-08
128	 1.00E-08
129	 1.00E-08
130	 1.00E-08
131	 1.00E-08
132	 1.00E-08
133	 1.00E-08
134	 1.00E-08
135	 1.00E-08
136	 1.00E-08
137	 1.00E-08
138	 1.00E-08
139	 1.00E-08
140	 1.00E-08
141	 1.00E-08
142	 1.00E-08
143	 1.00E-08
144	 1.00E-08
145	 1.00E-08
146	 1.00E-08
147	 1.00E-08
148	 1.00E-08
149	 1.00E-08
150	 1.00E-08
151	 1.00E-08
152	 1.00E-08
153	 1.00E-08
154	 1.00E-08
155	 1.00E-08
156	 1.00E-08
157	 1.00E-08
158	 1.00E-08
159	 1.00E-08
160	 1.00E-08
161	 1.00E-08
162	 1.00E-08
163	 1.00E-08
164	 1.00E-08
165	 1.00E-08
166	 1.00E-08
167	 1.00E-08
168	 1.00E-08
169	 1.00E-08
170	 1.00E-08
171	 1.00E-08
172	 1.00E-08
173	 1.00E-08
174	 1.00E-08
175	 1.00E-08
176	 1.00E-08
177	 1.00E-08
178	 1.00E-08
179	 1.00E-08
180	 1.00E-08
181	 1.00E-08
182	 1.00E-08
183	 1.00E-08
184	 1.00E-08
185	 1.00E-08
186	 1.00E-08
187	 1.00E-08
188	 1.00E-08
189	 1.00E-08
190	 1.00E-08
191	 1.00E-08
192	 1.00E-08
193	 1.00E-08
194	 1.00E-08
195	 1.00E-08
196	 1.00E-08
197	 1.00E-08
198	 1.00E-08
199	 1.00E-08
200	 1.00E-08
201	 1.00E-08
202	 1.00E-08
203	 1.00E-08
204	 1.00E-08
205	 1.00E-08
206	 1.00E-08
207	 1.00E-08
208	 1.00E-08
209	 1.00E-08
210	 1.00E-08
211	 1.00E-08
212	 1.00E-08
213	 1.00E-08
214	 1.00E-08
215	 1.00E-08
216	 1.00E-08
217	 1.00E-08
218	 1.00E-08
219	 1.00E-08
220	 1.00E-08
221	 1.00E-08
222	 1.00E-08
223	 1.00E-08
224	 1.00E-08
225	 1.00E-08
226	 1.00E-08
227	 1.00E-08
228	 1.00E-08
229	 1.00E-08
230	 1.00E-08
231	 1.00E-08
232	 1.00E-08
233	 1.00E-08
234	 1.00E-08
235	 1.00E-08
236	 1.00E-08
237	 1.00E-08
238	 1.00E-08
239	 1.00E-08
240	 1.00E-08
241	 1.00E-08
242	 1.00E-08
243	 1.00E-08
244	 1.00E-08
245	 1.00E-08
246	 1.00E-08
247	 1.00E-08
248	 1.00E-08
249	 1.00E-08
250	 1.00E-08
251	 1.00E-08
252	 1.00E-08
253	 1.00E-08
254	 1.00E-08
255	 1.00E-08
256	 1.00E-08
257	 1.00E-08
258	 1.00E-08
259	 1.00E-08
260	 1.00E-08
261	 1.00E-08
262	 1.00E-08
263	 1.00E-08
264	 1.00E-08
265	 1.00E-08
266	 1.00E-08
267	 1.00E-08
268	 1.00E-08
269	 1.00E-08
270	 1.00E-08
271	 1.00E-08
272	 1.00E-08
273	 1.00E-08
274	 1.00E-08
275	 1.00E-08
276	 1.00E-08
277	 1.00E-08
278	 1.00E-08
279	 1.00E-08
280	 1.00E-08
281	 1.00E-08
282	 1.00E-08
283	 1.00E-08
284	 1.00E-08
285	 1.00E-08
286	 1.00E-08
287	 1.00E-08
288	 1.00E-08
289	 1.00E-08
290	 1.00E-08
291	 1.00E-08
292	 1.00E-08
293	 1.00E-08
294	 1.00E-08
295	 1.00E-08
296	 1.00E-08
297	 1.00E-08
298	 1.00E-08
299	 1.00E-08
300	 1.00E-08
301	 1.00E-08
302	 1.00E-08
303	 1.00E-08
304	 1.00E-08
305	 1.00E-08
306	 1.00E-08
307	 1.00E-08
308	 1.00E-08
309	 1.00E-08
310	 1.00E-08
311	 1.00E-08
312	 1.00E-08
313	 1.00E-08
314	 1.00E-08
315	 1.00E-08
316	 1.00E-08
317	 1.00E-08
318	 1.00E-08
319	 1.00E-08
320	 1.00E-08
321	 1.00E-08
322	 1.00E-08
323	 1.00E-08
324	 1.00E-08
325	 1.00E-08
326	 1.00E-08
327	 1.00E-08
328	 1.00E-08
329	 1.00E-08
330	 1.00E-08
331	 1.00E-08
332	 1.00E-08
333	 1.00E-08
334	 1.00E-08
335	 1.00E-08
336	 1.00E-08
337	 1.00E-08
338	 1.00E-08
339	 1.00E-08
340	 1.00E-08
341	 1.00E-08
342	 1.00E-08
343	 1.00E-08
344	 1.00E-08
345	 1.00E-08
346	 1.00E-08
347	 1.00E-08
348	 1.00E-08
349	 1.00E-08
350	 1.00E-08
351	 1.00E-08
352	 1.00E-08
353	 1.00E-08
354	 1.00E-08
355	 1.00E-08
356	 1.00E-08
357	 1.00E-08
358	 1.00E-08
359	 1.00E-08
360	 1.00E-08
361	 1.00E-08
362	 1.00E-08
363	 1.00E-08
364	 1.00E-08
365	 1.00E-08
366	 1.00E-08
367	 1.00E-08
368	 1.00E-08
369	 1.00E-08
370	 1.00E-08
371	 1.00E-08
372	 1.00E-08
373	 1.00E-08
374	 1.00E-08
375	 1.00E-08
376	 1.00E-08
377	 1.00E-08
378	 1.00E-08
379	 1.00E-08
380	 1.00E-08
381	 1.00E-08
382	 1.00E-08
383	 1.00E-08
384	 1.00E-08
385	 1.00E-08
386	 1.00E-08
387	 1.00E-08
388	 1.00E-08
389	 1.00E-08
390	 1.00E-08
391	 1.00E-08
392	 1.00E-08
393	 1.00E-08
394	 1.00E-08
395	 1.00E-08
396	 1.00E-08
397	 1.00E-08
398	 1.00E-08
399	 1.00E-08
400	 1.00E-08
401	 1.00E-08
402	 1.00E-08
403	 1.00E-08
404	 1.00E-08
405	 1.00E-08
406	 1.00E-08
407	 1.00E-08
408	 1.00E-08
409	 1.00E-08
410	 1.00E-08
411	 1.00E-08
412	 1.00E-08
413	 1.00E-08
414	 1.00E-08
415	 1.00E-08
416	 1.00E-08
417	 1.00E-08
418	 1.00E-08
419	 1.00E-08
420	 1.00E-08
421	 1.00E-08
422	 1.00E-08
423	 1.00E-08
424	 1.00E-08
425	 1.00E-08
426	 1.00E-08
427	 1.00E-08
428	 1.00E-08
429	 1.00E-08
430	 1.00E-08
431	 1.00E-08
432	 1.00E-08
433	 1.00E-08
434	 1.00E-08
435	 1.00E-08
436	 1.00E-08
437	 1.00E-08
438	 1.00E-08
439	 1.00E-08
440	 1.00E-08
441	 1.00E-08
442	 1.00E-08
443	 1.00E-08
444	 1.00E-08
445	 1.00E-08
446	 1.00E-08
447	 1.00E-08
448	 1.00E-08
449	 1.00E-08
450	 1.00E-08
451	 1.00E-08
452	 1.00E-08
453	 1.00E-08
454	 1.00E-08
455	 1.00E-08
456	 1.00E-08
457	 1.00E-08
458	 1.00E-08
459	 1.00E-08
460	 1.00E-08
461	 1.00E-08
462	 1.00E-08
463	 1.00E-08
464	 1.00E-08
465	 1.00E-08
466	 1.00E-08
467	 1.00E-08
468	 1.00E-08
469	 1.00E-08
470	 1.00E-08
471	 1.00E-08
472	 1.00E-08
473	 1.00E-08
474	 1.00E-08
475	 1.00E-08
476	 1.00E-08
477	 1.00E-08
478	 1.00E-08
479	 1.00E-08
480	 1.00E-08
481	 1.00E-08
482	 1.00E-08
483	 1.00E-08
484	 1.00E-08
485	 1.00E-08
486	 1.00E-08
487	 1.00E-08
488	 1.00E-08
489	 1.00E-08
490	 1.00E-08
491	 1.00E-08
492	 1.00E-08
493	 1.00E-08
494	 1.00E-08
495	 1.00E-08
496	 1.00E-08
497	 1.00E-08
498	 1.00E-08
499	 1.00E-08
500	 1.00E-08
501	 1.00E-08
502	 1.00E-08
503	 1.00E-08
504	 1.00E-08
505	 1.00E-08
506	 1.00E-08
507	 1.00E-08
508	 1.00E-08
509	 1.00E-08
510	 1.00E-08
511	 1.00E-08
512	 1.00E-08
513	 1.00E-08
514	 1.00E-08
515	 1.00E-08
516	 1.00E-08
517	 1.00E-08
518	 1.00E-08
519	 1.00E-08
520	 1.00E-08
521	 1.00E-08
522	 1.00E-08
523	 1.00E-08
524	 1.00E-08
525	 1.00E-08
526	 1.00E-08
527	 1.00E-08
528	 1.00E-08
529	 1.00E-08
530	 1.00E-08
531	 1.00E-08
532	 1.00E-08
533	 1.00E-08
534	 1.00E-08
535	 1.00E-08
536	 1.00E-08
537	 1.00E-08
538	 1.00E-08
539	 1.00E-08
540	 1.00E-08
541	 1.00E-08
542	 1.00E-08
543	 1.00E-08
544	 1.00E-08
545	 1.00E-08
546	 1.00E-08
547	 1.00E-08
548	 1.00E-08
549	 1.00E-08
550	 1.00E-08
551	 1.00E-08
552	 1.00E-08
553	 1.00E-08
554	 1.00E-08
555	 1.00E-08
556	 1.00E-08
557	 1.00E-08
558	 1.00E-08
559	 1.00E-08
560	 1.00E-08
561	 1.00E-08
562	 1.00E-08
563	 1.00E-08
564	 1.00E-08
565	 1.00E-08
566	 1.00E-08
567	 1.00E-08
568	 1.00E-08
569	 1.00E-08
570	 1.00E-08
571	 1.00E-08
572	 1.00E-08
573	 1.00E-08
574	 1.00E-08
575	 1.00E-08
576	 1.00E-08
577	 1.00E-08
578	 1.00E-08
579	 1.00E-08
580	 1.00E-08
581	 1.00E-08
582	 1.00E-08
583	 1.00E-08
584	 1.00E-08
585	 1.00E-08
586	 1.00E-08
587	 1.00E-08
588	 1.00E-08
589	 1.00E-08
590	 1.00E-08
591	 1.00E-08
592	 1.00E-08
593	 1.00E-08
594	 1.00E-08
595	 1.00E-08
596	 1.00E-08
597	 1.00E-08
598	 1.00E-08
599	 1.00E-08
600	 1.00E-08
601	 1.00E-08
602	 1.00E-08
603	 1.00E-08
604	 1.00E-08
605	 1.00E-08
606	 1.00E-08
607	 1.00E-08
608	 1.00E-08
609	 1.00E-08
610	 1.00E-08
611	 1.00E-08
612	 1.00E-08
613	 1.00E-08
614	 1.00E-08
615	 1.00E-08
616	 1.00E-08
617	 1.00E-08
618	 1.00E-08
619	 1.00E-08
620	 1.00E-08
621	 1.00E-08
622	 1.00E-08
623	 1.00E-08
624	 1.00E-08
625	 1.00E-08
626	 1.00E-08
627	 1.00E-08
628	 1.00E-08
629	 1.00E-08
630	 1.00E-08
631	 1.00E-08
632	 1.00E-08
633	 1.00E-08
634	 1.00E-08
635	 1.00E-08
636	 1.00E-08
637	 1.00E-08
638	 1.00E-08
639	 1.00E-08
640	 1.00E-08
641	 1.00E-08
642	 1.00E-08
643	 1.00E-08
644	 1.00E-08
645	 1.00E-08
646	 1.00E-08
647	 1.00E-08
648	 1.00E-08
649	 1.00E-08
650	 1.00E-08
651	 1.00E-08
652	 1.00E-08
653	 1.00E-08
654	 1.00E-08
655	 1.00E-08
656	 1.00E-08
657	 1.00E-08
658	 1.00E-08
659	 1.00E-08
660	 1.00E-08
661	 1.00E-08
662	 1.00E-08
663	 1.00E-08
664	 1.00E-08
665	 1.00E-08
666	 1.00E-08
667	 1.00E-08
668	 1.00E-08
669	 1.00E-08
670	 1.00E-08
671	 1.00E-08
672	 1.00E-08
673	 1.00E-08
674	 1.00E-08
675	 1.00E-08
676	 1.00E-08
677	 1.00E-08
678	 1.00E-08
679	 1.00E-08
680	 1.00E-08
681	 1.00E-08
682	 1.00E-08
683	 1.00E-08
684	 1.00E-08
685	 1.00E-08
686	 1.00E-08
687	 1.00E-08
688	 1.00E-08
689	 1.00E-08
690	 1.00E-08
691	 1.00E-08
692	 1.00E-08
693	 1.00E-08
694	 1.00E-08
695	 1.00E-08
696	 1.00E-08
697	 1.00E-08
698	 1.00E-08
699	 1.00E-08
700	 1.00E-08
701	 1.00E-08
702	 1.00E-08
703	 1.00E-08
704	 1.00E-08
705	 1.00E-08
706	 1.00E-08
707	 1.00E-08
708	 1.00E-08
709	 1.00E-08
710	 1.00E-08
711	 1.00E-08
712	 1.00E-08
713	 1.00E-08
714	 1.00E-08
715	 1.00E-08
716	 1.00E-08
717	 1.00E-08
718	 1.00E-08
719	 1.00E-08
720	 1.00E-08
721	 1.00E-08
722	 1.00E-08
723	 1.00E-08
724	 1.00E-08
725	 1.00E-08
726	 1.00E-08
727	 1.00E-08
728	 1.00E-08
729	 1.00E-08
730	 1.00E-08
731	 1.00E-08
732	 1.00E-08
733	 1.00E-08
734	 1.00E-08
735	 1.00E-08
736	 1.00E-08
737	 1.00E-08
738	 1.00E-08
739	 1.00E-08
740	 1.00E-08
741	 1.00E-08
742	 1.00E-08
743	 1.00E-08
744	 1.00E-08
745	 1.00E-08
746	 1.00E-08
747	 1.00E-08
748	 1.00E-08
749	 1.00E-08
750	 1.00E-08
751	 1.00E-08
752	 1.00E-08
753	 1.00E-08
754	 1.00E-08
755	 1.00E-08
756	 1.00E-08
757	 1.00E-08
758	 1.00E-08
759	 1.00E-08
760	 1.00E-08
761	 1.00E-08
762	 1.00E-08
763	 1.00E-08
764	 1.00E-08
765	 1.00E-08
766	 1.00E-08
767	 1.00E-08
768	 1.00E-08
769	 1.00E-08
770	 1.00E-08
771	 1.00E-08
772	 1.00E-08
773	 1.00E-08
774	 1.00E-08
775	 1.00E-08
776	 1.00E-08
777	 1.00E-08
778	 1.00E-08
779	 1.00E-08
780	 1.00E-08
781	 1.00E-08
782	 1.00E-08
783	 1.00E-08
784	 1.00E-08
785	 1.00E-08
786	 1.00E-08
787	 1.00E-08
788	 1.00E-08
789	 1.00E-08
790	 1.00E-08
791	 1.00E-08
792	 1.00E-08
793	 1.00E-08
794	 1.00E-08
795	 1.00E-08
796	 1.00E-08
797	 1.00E-08
798	 1.00E-08
799	 1.00E-08
800	 1.00E-08
801	 1.00E-08
802	 1.00E-08
803	 1.00E-08
804	 1.00E-08
805	 1.00E-08
806	 1.00E-08
807	 1.00E-08
808	 1.00E-08
809	 1.00E-08
810	 1.00E-08
811	 1.00E-08
812	 1.00E-08
813	 1.00E-08
814	 1.00E-08
815	 1.00E-08
816	 1.00E-08
817	 1.00E-08
818	 1.00E-08
819	 1.00E-08
820	 1.00E-08
821	 1.00E-08
822	 1.00E-08
823	 1.00E-08
824	 1.00E-08
825	 1.00E-08
826	 1.00E-08
827	 1.00E-08
828	 1.00E-08
829	 1.00E-08
830	 1.00E-08
831	 1.00E-08
832	 1.00E-08
833	 1.00E-08
834	 1.00E-08
835	 1.00E-08
836	 1.00E-08
837	 1.00E-08
838	 1.00E-08
839	 1.00E-08
840	 1.00E-08
841	 1.00E-08
842	 1.00E-08
843	 1.00E-08
844	 1.00E-08
845	 1.00E-08
846	 1.00E-08
847	 1.00E-08
848	 1.00E-08
849	 1.00E-08
850	 1.00E-08
851	 1.00E-08
852	 1.00E-08
853	 1.00E-08
854	 1.00E-08
855	 1.00E-08
856	 1.00E-08
857	 1.00E-08
858	 1.00E-08
859	 1.00E-08
860	 1.00E-08
861	 1.00E-08
862	 1.00E-08
863	 1.00E-08
864	 1.00E-08
865	 1.00E-08
866	 1.00E-08
867	 1.00E-08
868	 1.00E-08
869	 1.00E-08
870	 1.00E-08
871	 1.00E-08
872	 1.00E-08
873	 1.00E-08
874	 1.00E-08
875	 1.00E-08
876	 1.00E-08
877	 1.00E-08
878	 1.00E-08
879	 1.00E-08
880	 1.00E-08
881	 1.00E-08
882	 1.00E-08
883	 1.00E-08
884	 1.00E-08
885	 1.00E-08
886	 1.00E-08
887	 1.00E-08
888	 1.00E-08
889	 1.00E-08
890	 1.00E-08
891	 1.00E-08
892	 1.00E-08
893	 1.00E-08
894	 1.00E-08
895	 1.00E-08
896	 1.00E-08
897	 1.00E-08
898	 1.00E-08
899	 1.00E-08
900	 1.00E-08
901	 1.00E-08
902	 1.00E-08
903	 1.00E-08
904	 1.00E-08
905	 1.00E-08
906	 1.00E-08
907	 1.00E-08
908	 1.00E-08
909	 1.00E-08
910	 1.00E-08
911	 1.00E-08
912	 1.00E-08
913	 1.00E-08
914	 1.00E-08
915	 1.00E-08
916	 1.00E-08
917	 1.00E-08
918	 1.00E-08
919	 1.00E-08
920	 1.00E-08
921	 1.00E-08
922	 1.00E-08
923	 1.00E-08
924	 1.00E-08
925	 1.00E-08
926	 1.00E-08
927	 1.00E-08
928	 1.00E-08
929	 1.00E-08
930	 1.00E-08
931	 1.00E-08
932	 1.00E-08
933	 1.00E-08
934	 1.00E-08
935	 1.00E-08
936	 1.00E-08
937	 1.00E-08
938	 1.00E-08
939	 1.00E-08
940	 1.00E-08
941	 1.00E-08
942	 1.00E-08
943	 1.00E-08
944	 1.00E-08
945	 1.00E-08
946	 1.00E-08
947	 1.00E-08
948	 1.00E-08
949	 1.00E-08
950	 1.00E-08
951	 1.00E-08
952	 1.00E-08
953	 1.00E-08
954	 1.00E-08
955	 1.00E-08
956	 1.00E-08
957	 1.00E-08
958	 1.00E-08
959	 1.00E-08
960	 1.00E-08
961	 1.00E-08
962	 1.00E-08
963	 1.00E-08
964	 1.00E-08
965	 1.00E-08
966	 1.00E-08
967	 1.00E-08
968	 1.00E-08
969	 1.00E-08
970	 1.00E-08
971	 1.00E-08
972	 1.00E-08
973	 1.00E-08
974	 1.00E-08
975	 1.00E-08
976	 1.00E-08
977	 1.00E-08
978	 1.00E-08
979	 1.00E-08
980	 1.00E-08
981	 1.00E-08
982	 1.00E-08
983	 1.00E-08
984	 1.00E-08
985	 1.00E-08
986	 1.00E-08
987	 1.00E-08
988	 1.00E-08
989	 1.00E-08
990	 1.00E-08
991	 1.00E-08
992	 1.00E-08
993	 1.00E-08
994	 1.00E-08
995	 1.00E-08
996	 1.00E-08
997	 1.00E-08
998	 1.00E-08
999	 1.00E-08
1000	 1.00E-08
1001	 1.00E-08
1002	 1.00E-08
1003	 1.00E-08
1004	 1.00E-08
1005	 1.00E-08
1006	 1.00E-08
1007	 1.00E-08
1008	 1.00E-08
1009	 1.00E-08
1010	 1.00E-08
1011	 1.00E-08
1012	 1.00E-08
1013	 1.00E-08
1014	 1.00E-08
1015	 1.00E-08
1016	 1.00E-08
1017	 1.00E-08
1018	 1.00E-08
1019	 1.00E-08
1020	 1.00E-08
1021	 1.00E-08
1022	 1.00E-08
1023	 1.00E-08
1024	 1.00E-08
1025	 1.00E-08
1026	 1.00E-08
1027	 1.00E-08
1028	 1.00E-08
1029	 1.00E-08
1030	 1.00E-08
1031	 1.00E-08
1032	 1.00E-08
1033	 1.00E-08
1034	 1.00E-08
1035	 1.00E-08
1036	 1.00E-08
1037	 1.00E-08
1038	 1.00E-08
1039	 1.00E-08
1040	 1.00E-08
1041	 1.00E-08
1042	 1.00E-08
1043	 1.00E-08
1044	 1.00E-08
1045	 1.00E-08
1046	 1.00E-08
1047	 1.00E-08
1048	 1.00E-08
1049	 1.00E-08
1050	 1.00E-08
1051	 1.00E-08
1052	 1.00E-08
1053	 1.00E-08
1054	 1.00E-08
1055	 1.00E-08
1056	 1.00E-08
1057	 1.00E-08
1058	 1.00E-08
1059	 1.00E-08
1060	 1.00E-08
1061	 1.00E-08
1062	 1.00E-08
1063	 1.00E-08
1064	 1.00E-08
1065	 1.00E-08
1066	 1.00E-08
1067	 1.00E-08
1068	 1.00E-08
1069	 1.00E-08
1070	 1.00E-08
1071	 1.00E-08
1072	 1.00E-08
1073	 1.00E-08
1074	 1.00E-08
1075	 1.00E-08
1076	 1.00E-08
1077	 1.00E-08
1078	 1.00E-08
1079	 1.00E-08
1080	 1.00E-08
1081	 1.00E-08
1082	 1.00E-08
1083	 1.00E-08
1084	 1.00E-08
1085	 1.00E-08
1086	 1.00E-08
1087	 1.00E-08
1088	 1.00E-08
1089	 1.00E-08
1090	 1.00E-08
1091	 1.00E-08
1092	 1.00E-08
1093	 1.00E-08
1094	 1.00E-08
1095	 1.00E-08
1096	 1.00E-08
1097	 1.00E-08
1098	 1.00E-08
1099	 1.00E-08
1100	 1.00E-08
1101	 1.00E-08
1102	 1.00E-08
1103	 1.00E-08
1104	 1.00E-08
1105	 1.00E-08
1106	 1.00E-08
1107	 1.00E-08
1108	 1.00E-08
1109	 1.00E-08
1110	 1.00E-08
1111	 1.00E-08
1112	 1.00E-08
1113	 1.00E-08
1114	 1.00E-08
1115	 1.00E-08
1116	 1.00E-08
1117	 1.00E-08
1118	 1.00E-08
1119	 1.00E-08
1120	 1.00E-08
1121	 1.00E-08
1122	 1.00E-08
1123	 1.00E-08
1124	 1.00E-08
1125	 1.00E-08
1126	 1.00E-08
1127	 1.00E-08
1128	 1.00E-08
1129	 1.00E-08
1130	 1.00E-08
1131	 1.00E-08
1132	 1.00E-08
1133	 1.00E-08
1134	 1.00E-08
1135	 1.00E-08
1136	 1.00E-08
1137	 1.00E-08
1138	 1.00E-08
1139	 1.00E-08
1140	 1.00E-08
1141	 1.00E-08
1142	 1.00E-08
1143	 1.00E-08
1144	 1.00E-08
1145	 1.00E-08
1146	 1.00E-08
1147	 1.00E-08
1148	 1.00E-08
1149	 1.00E-08
1150	 1.00E-08
1151	 1.00E-08
1152	 1.00E-08
1153	 1.00E-08
1154	 1.00E-08
1155	 1.00E-08
1156	 1.00E-08
1157	 1.00E-08
1158	 1.00E-08
1159	 1.00E-08
1160	 1.00E-08
1161	 1.00E-08
1162	 1.00E-08
1163	 1.00E-08
1164	 1.00E-08
1165	 1.00E-08
1166	 1.00E-08
1167	 1.00E-08
1168	 1.00E-08
1169	 1.00E-08
1170	 1.00E-08
1171	 1.00E-08
1172	 1.00E-08
1173	 1.00E-08
1174	 1.00E-08
1175	 1.00E-08
1176	 1.00E-08
1177	 1.00E-08
1178	 1.00E-08
1179	 1.00E-08
1180	 1.00E-08
1181	 1.00E-08
1182	 1.00E-08
1183	 1.00E-08
1184	 1.00E-08
1185	 1.00E-08
1186	 1.00E-08
1187	 1.00E-08
1188	 1.00E-08
1189	 1.00E-08
1190	 1.00E-08
1191	 1.00E-08
1192	 1.00E-08
1193	 1.00E-08
1194	 1.00E-08
1195	 1.00E-08
1196	 1.00E-08
1197	 1.00E-08
1198	 1.00E-08
1199	 1.00E-08
1200	 1.00E-08
1201	 1.00E-08
1202	 1.00E-08
1203	 1.00E-08
1204	 1.00E-08
1205	 1.00E-08
1206	 1.00E-08
1207	 1.00E-08
1208	 1.00E-08
1209	 1.00E-08
1210	 1.00E-08
1211	 1.00E-08
1212	 1.00E-08
1213	 1.00E-08
1214	 1.00E-08
1215	 1.00E-08
1216	 1.00E-08
1217	 1.00E-08
1218	 1.00E-08
1219	 1.00E-08
1220	 1.00E-08
1221	 1.00E-08
1222	 1.00E-08
1223	 1.00E-08
1224	 1.00E-08
1225	 1.00E-08
1226	 1.00E-08
1227	 1.00E-08
1228	 1.00E-08
1229	 1.00E-08
1230	 1.00E-08
1231	 1.00E-08
1232	 1.00E-08
1233	 1.00E-08
1234	 1.00E-08
1235	 1.00E-08
1236	 1.00E-08
1237	 1.00E-08
1238	 1.00E-08
1239	 1.00E-08
1240	 1.00E-08
1241	 1.00E-08
1242	 1.00E-08
1243	 1.00E-08
1244	 1.00E-08
1245	 1.00E-08
1246	 1.00E-08
1247	 1.00E-08
1248	 1.00E-08
1249	 1.00E-08
1250	 1.00E-08
1251	 1.00E-08
1252	 1.00E-08
1253	 1.00E-08
1254	 1.00E-08
1255	 1.00E-08
1256	 1.00E-08
1257	 1.00E-08
1258	 1.00E-08
1259	 1.00E-08
1260	 1.00E-08
1261	 1.00E-08
1262	 1.00E-08
1263	 1.00E-08
1264	 1.00E-08
1265	 1.00E-08
1266	 1.00E-08
1267	 1.00E-08
1268	 1.00E-08
1269	 1.00E-08
1270	 1.00E-08
1271	 1.00E-08
1272	 1.00E-08
1273	 1.00E-08
1274	 1.00E-08
1275	 1.00E-08
1276	 1.00E-08
1277	 1.00E-08
1278	 1.00E-08
1279	 1.00E-08
1280	 1.00E-08
1281	 1.00E-08
1282	 1.00E-08
1283	 1.00E-08
1284	 1.00E-08
1285	 1.00E-08
1286	 1.00E-08
1287	 1.00E-08
1288	 1.00E-08
1289	 1.00E-08
1290	 1.00E-08
1291	 1.00E-08
1292	 1.00E-08
1293	 1.00E-08
1294	 1.00E-08
1295	 1.00E-08
1296	 1.00E-08
1297	 1.00E-08
1298	 1.00E-08
1299	 1.00E-08
1300	 1.00E-08
1301	 1.00E-08
1302	 1.00E-08
1303	 1.00E-08
1304	 1.00E-08
1305	 1.00E-08
1306	 1.00E-08
1307	 1.00E-08
1308	 1.00E-08
1309	 1.00E-08
1310	 1.00E-08
1311	 1.00E-08
1312	 1.00E-08
1313	 1.00E-08
1314	 1.00E-08
1315	 1.00E-08
1316	 1.00E-08
1317	 1.00E-08
1318	 1.00E-08
1319	 1.00E-08
1320	 1.00E-08
1321	 1.00E-08
1322	 1.00E-08
1323	 1.00E-08
1324	 1.00E-08
1325	 1.00E-08
1326	 1.00E-08
1327	 1.00E-08
1328	 1.00E-08
1329	 1.00E-08
1330	 1.00E-08
1331	 1.00E-08
1332	 1.00E-08
1333	 1.00E-08
1334	 1.00E-08
1335	 1.00E-08
1336	 1.00E-08
1337	 1.00E-08
1338	 1.00E-08
1339	 1.00E-08
1340	 1.00E-08
1341	 1.00E-08
1342	 1.00E-08
1343	 1.00E-08
1344	 1.00E-08
1345	 1.00E-08
1346	 1.00E-08
1347	 1.00E-08
1348	 1.00E-08
1349	 1.00E-08
1350	 1.00E-08
1351	 1.00E-08
1352	 1.00E-08
1353	 1.00E-08
1354	 1.00E-08
1355	 1.00E-08
1356	 1.00E-08
1357	 1.00E-08
1358	 1.00E-08
1359	 1.00E-08
1360	 1.00E-08
1361	 1.00E-08
1362	 1.00E-08
1363	 1.00E-08
1364	 1.00E-08
1365	 1.00E-08
1366	 1.00E-08
1367	 1.00E-08
1368	 1.00E-08
1369	 1.00E-08
1370	 1.00E-08
1371	 1.00E-08
1372	 1.00E-08
1373	 1.00E-08
1374	 1.00E-08
1375	 1.00E-08
1376	 1.00E-08
1377	 1.00E-08
1378	 1.00E-08
1379	 1.00E-08
1380	 1.00E-08
1381	 1.00E-08
1382	 1.00E-08
1383	 1.00E-08
1384	 1.00E-08
1385	 1.00E-08
1386	 1.00E-08
1387	 1.00E-08
1388	 1.00E-08
1389	 1.00E-08
1390	 1.00E-08
1391	 1.00E-08
1392	 1.00E-08
1393	 1.00E-08
1394	 1.00E-08
1395	 1.00E-08
1396	 1.00E-08
1397	 1.00E-08
1398	 1.00E-08
1399	 1.00E-08
1400	 1.00E-08
1401	 1.00E-08
1402	 1.00E-08
1403	 1.00E-08
1404	 1.00E-08
1405	 1.00E-08
1406	 1.00E-08
1407	 1.00E-08
1408	 1.00E-08
1409	 1.00E-08
1410	 1.00E-08
1411	 1.00E-08
1412	 1.00E-08
1413	 1.00E-08
1414	 1.00E-08
1415	 1.00E-08
1416	 1.00E-08
1417	 1.00E-08
1418	 1.00E-08
1419	 1.00E-08
1420	 1.00E-08
1421	 1.00E-08
1422	 1.00E-08
1423	 1.00E-08
1424	 1.00E-08
1425	 1.00E-08
1426	 1.00E-08
1427	 1.00E-08
1428	 1.00E-08
1429	 1.00E-08
1430	 1.00E-08
1431	 1.00E-08
1432	 1.00E-08
1433	 1.00E-08
1434	 1.00E-08
1435	 1.00E-08
1436	 1.00E-08
1437	 1.00E-08
1438	 1.00E-08
1439	 1.00E-08
1440	 1.00E-08
1441	 1.00E-08
1442	 1.00E-08
1443	 1.00E-08
1444	 1.00E-08
1445	 1.00E-08
1446	 1.00E-08
1447	 1.00E-08
1448	 1.00E-08
1449	 1.00E-08
1450	 1.00E-08
1451	 1.00E-08
1452	 1.00E-08
1453	 1.00E-08
1454	 1.00E-08
1455	 1.00E-08
1456	 1.00E-08
1457	 1.00E-08
1458	 1.00E-08
1459	 1.00E-08
1460	 1.00E-08
1461	 1.00E-08
1462	 1.00E-08
1463	 1.00E-08
1464	 1.00E-08
1465	 1.00E-08
1466	 1.00E-08
1467	 1.00E-08
1468	 1.00E-08
1469	 1.00E-08
1470	 1.00E-08
1471	 1.00E-08
1472	 1.00E-08
1473	 1.00E-08
1474	 1.00E-08
1475	 1.00E-08
1476	 1.00E-08
1477	 1.00E-08
1478	 1.00E-08
1479	 1.00E-08
1480	 1.00E-08
1481	 1.00E-08
1482	 1.00E-08
1483	 1.00E-08
1484	 1.00E-08
1485	 1.00E-08
1486	 1.00E-08
1487	 1.00E-08
1488	 1.00E-08
1489	 1.00E-08
1490	 1.00E-08
1491	 1.00E-08
1492	 1.00E-08
1493	 1.00E-08
1494	 1.00E-08
1495	 1.00E-08
1496	 1.00E-08
1497	 1.00E-08
1498	 1.00E-08
1499	 1.00E-08
1500	 1.00E-08
1501	 1.00E-08
1502	 1.00E-08
1503	 1.00E-08
1504	 1.00E-08
1505	 1.00E-08
1506	 1.00E-08
1507	 1.00E-08
1508	 1.00E-08
1509	 1.00E-08
1510	 1.00E-08
1511	 1.00E-08
1512	 1.00E-08
1513	 1.00E-08
1514	 1.00E-08
1515	 1.00E-08
1516	 1.00E-08
1517	 1.00E-08
1518	 1.00E-08
1519	 1.00E-08
1520	 1.00E-08
1521	 1.00E-08
1522	 1.00E-08
1523	 1.00E-08
1524	 1.00E-08
1525	 1.00E-08
1526	 1.00E-08
1527	 1.00E-08
1528	 1.00E-08
1529	 1.00E-08
1530	 1.00E-08
1531	 1.00E-08
1532	 1.00E-08
1533	 1.00E-08
1534	 1.00E-08
1535	 1.00E-08
1536	 1.00E-08
1537	 1.00E-08
1538	 1.00E-08
1539	 1.00E-08
1540	 1.00E-08
1541	 1.00E-08
1542	 1.00E-08
1543	 1.00E-08
1544	 1.00E-08
1545	 1.00E-08
1546	 1.00E-08
1547	 1.00E-08
1548	 1.00E-08
1549	 1.00E-08
1550	 1.00E-08
1551	 1.00E-08
1552	 1.00E-08
1553	 1.00E-08
1554	 1.00E-08
1555	 1.00E-08
1556	 1.00E-08
1557	 1.00E-08
1558	 1.00E-08
1559	 1.00E-08
1560	 1.00E-08
1561	 1.00E-08
1562	 1.00E-08
1563	 1.00E-08
1564	 1.00E-08
1565	 1.00E-08
1566	 1.00E-08
1567	 1.00E-08
1568	 1.00E-08
1569	 1.00E-08
1570	 1.00E-08
1571	 1.00E-08
1572	 1.00E-08
1573	 1.00E-08
1574	 1.00E-08
1575	 1.00E-08
1576	 1.00E-08
1577	 1.00E-08
1578	 1.00E-08
1579	 1.00E-08
1580	 1.00E-08
1581	 1.00E-08
1582	 1.00E-08
1583	 1.00E-08
1584	 1.00E-08
1585	 1.00E-08
1586	 1.00E-08
1587	 1.00E-08
1588	 1.00E-08
1589	 1.00E-08
1590	 1.00E-08
1591	 1.00E-08
1592	 1.00E-08
1593	 1.00E-08
1594	 1.00E-08
1595	 1.00E-08
1596	 1.00E-08
1597	 1.00E-08
1598	 1.00E-08
1599	 1.00E-08
1600	 1.00E-08
1601	 1.00E-08
1602	 1.00E-08
1603	 1.00E-08
1604	 1.00E-08
1605	 1.00E-08
1606	 1.00E-08
1607	 3.25E-07
1608	 7.00E-07
1609	 1.62E-05
1610	 3.63E-05
1611	 3.77E-04
1612	 8.80E-04
1613	 0.004392875
1614	 0.010471262
1615	 0.027694065
1616	 0.063100989
1617	 0.111034192
1618	 0.217530897
1619	 0.322874418
1620	 0.46259964
1621	 0.603364164
1622	 0.719281832
1623	 0.819472714
1624	 0.90350652
1625	 0.938586278
1626	 0.973115226
1627	 0.986254874
1628	 0.992774879
1629	 0.998140181
1630	 0.99888807
1631	 0.999621281
1632	 1
1633	 1
1634	 1
1635	 1
1636	 1
1637	 1
1638	 1
1639	 1
1640	 1
1641	 1
1642	 1
1643	 1
1644	 1
1645	 1
1646	 1
1647	 1
1648	 1
1649	 1
1650	 1
1651	 1
1652	 1
1653	 1
1654	 1
1655	 1
1656	 1
1657	 1
1658	 1
1659	 1
1660	 1
1661	 1
1662	 1
1663	 1
1664	 1
1665	 1
1666	 1
1667	 1
1668	 1
1669	 1
1670	 1
1671	 1
1672	 1
1673	 1
1674	 1
1675	 1
1676	 1
1677	 1
1678	 1
1679	 1
1680	 1
1681	 1
1682	 1
1683	 1
1684	 1
1685	 1
1686	 1
1687	 1
1688	 1
1689	 1
1690	 1
1691	 1
1692	 1
1693	 1
1694	 1
1695	 1
1696	 1
1697	 1
1698	 1
1699	 1
1700	 1
1701	 1
1702	 1
1703	 1
1704	 1
1705	 1
1706	 1
1707	 1
1708	 1
1709	 1
1710	 1
1711	 1
1712	 1
1713	 1
1714	 1
1715	 1
1716	 1
1717	 1
1718	 1
1719	 1
1720	 1
1721	 1
1722	 1
1723	 1
1724	 1
1725	 1
1726	 1
1727	 1
1728	 1
1729	 1
1730	 1
1731	 1
1732	 1
1733	 1
1734	 1
1735	 1
1736	 1
1737	 1
1738	 1
1739	 1
1740	 1
1741	 1
1742	 1
1743	 1
1744	 1
1745	 1
1746	 1
1747	 1
1748	 1
1749	 1
1750	 1
1751	 1
1752	 1
1753	 1
1754	 1
1755	 1
1756	 1
1757	 1
1758	 1
1759	 1
1760	 1
1761	 1
1762	 1
1763	 1
1764	 1
1765	 1
1766	 1
1767	 1
1768	 1
1769	 0.999621281
1770	 0.99888807
1771	 0.998140181
1772	 0.992774879
1773	 0.986254874
1774	 0.973115226
1775	 0.938586278
1776	 0.90350652
1777	 0.819472714
1778	 0.719281832
1779	 0.603364164
1780	 0.46259964
1781	 0.322874418
1782	 0.217530897
1783	 0.111034192
1784	 0.063100989
1785	 0.027694065
1786	 0.010471262
1787	 0.004392875
1788	 8.80E-04
1789	 3.77E-04
1790	 3.63E-05
1791	 1.62E-05
1792	 7.00E-07
1793	 3.25E-07
1794	 1.00E-08
1795	 1.00E-08
1796	 1.00E-08
1797	 1.00E-08
1798	 1.00E-08
1799	 1.00E-08
1800	 1.00E-08
1801	 1.00E-08
1802	 1.00E-08
1803	 1.00E-08
1804	 1.00E-08
1805	 1.00E-08
1806	 1.00E-08
1807	 1.00E-08
1808	 1.00E-08
1809	 1.00E-08
1810	 1.00E-08
1811	 1.00E-08
1812	 1.00E-08
1813	 1.00E-08
1814	 1.00E-08
1815	 1.00E-08
1816	 1.00E-08
1817	 1.00E-08
1818	 1.00E-08
1819	 1.00E-08
1820	 1.00E-08
1821	 1.00E-08
1822	 1.00E-08
1823	 1.00E-08
1824	 1.00E-08
1825	 1.00E-08
1826	 1.00E-08
1827	 1.00E-08
1828	 1.00E-08
1829	 1.00E-08
1830	 1.00E-08
1831	 1.00E-08
1832	 1.00E-08
1833	 1.00E-08
1834	 1.00E-08
1835	 1.00E-08
1836	 1.00E-08
1837	 1.00E-08
1838	 1.00E-08
1839	 1.00E-08
1840	 1.00E-08
1841	 1.00E-08
1842	 1.00E-08
1843	 1.00E-08
1844	 1.00E-08
1845	 1.00E-08
1846	 1.00E-08
1847	 1.00E-08
1848	 1.00E-08
1849	 1.00E-08
1850	 1.00E-08
1851	 1.00E-08
1852	 1.00E-08
1853	 1.00E-08
1854	 1.00E-08
1855	 1.00E-08
1856	 1.00E-08
1857	 1.00E-08
1858	 1.00E-08
1859	 1.00E-08
1860	 1.00E-08
1861	 1.00E-08
1862	 1.00E-08
1863	 1.00E-08
1864	 1.00E-08
1865	 1.00E-08
1866	 1.00E-08
1867	 1.00E-08
1868	 1.00E-08
1869	 1.00E-08
1870	 1.00E-08
1871	 1.00E-08
1872	 1.00E-08
1873	 1.00E-08
1874	 1.00E-08
1875	 1.00E-08
1876	 1.00E-08
1877	 1.00E-08
1878	 1.00E-08
1879	 1.00E-08
1880	 1.00E-08
1881	 1.00E-08
1882	 1.00E-08
1883	 1.00E-08
1884	 1.00E-08
1885	 1.00E-08
1886	 1.00E-08
1887	 1.00E-08
1888	 1.00E-08
1889	 1.00E-08
1890	 1.00E-08
1891	 1.00E-08
1892	 1.00E-08
1893	 1.00E-08
1894	 1.00E-08
1895	 1.00E-08
1896	 1.00E-08
1897	 1.00E-08
1898	 1.00E-08
1899	 1.00E-08
1900	 1.00E-08
1901	 1.00E-08
1902	 1.00E-08
1903	 1.00E-08
1904	 1.00E-08
1905	 1.00E-08
1906	 1.00E-08
1907	 1.00E-08
1908	 1.00E-08
1909	 1.00E-08
1910	 1.00E-08
1911	 1.00E-08
1912	 1.00E-08
1913	 1.00E-08
1914	 1.00E-08
1915	 1.00E-08
1916	 1.00E-08
1917	 1.00E-08
1918	 1.00E-08
1919	 1.00E-08
1920	 1.00E-08
1921	 1.00E-08
1922	 1.00E-08
1923	 1.00E-08
1924	 1.00E-08
1925	 1.00E-08
1926	 1.00E-08
1927	 1.00E-08
1928	 1.00E-08
1929	 1.00E-08
1930	 1.00E-08
1931	 1.00E-08
1932	 1.00E-08
1933	 1.00E-08
1934	 1.00E-08
1935	 1.00E-08
1936	 1.00E-08
1937	 1.00E-08
1938	 1.00E-08
1939	 1.00E-08
1940	 1.00E-08
1941	 1.00E-08
1942	 1.00E-08
1943	 1.00E-08
1944	 1.00E-08
1945	 1.00E-08
1946	 1.00E-08
1947	 1.00E-08
1948	 1.00E-08
1949	 1.00E-08
1950	 1.00E-08
1951	 1.00E-08
1952	 1.00E-08
1953	 1.00E-08
1954	 1.00E-08
1955	 1.00E-08
1956	 1.00E-08
1957	 1.00E-08
1958	 1.00E-08
1959	 1.00E-08
1960	 1.00E-08
1961	 1.00E-08
1962	 1.00E-08
1963	 1.00E-08
1964	 1.00E-08
1965	 1.00E-08
1966	 1.00E-08
1967	 1.00E-08
1968	 1.00E-08
1969	 1.00E-08
1970	 1.00E-08
1971	 1.00E-08
1972	 1.00E-08
1973	 1.00E-08
1974	 1.00E-08
1975	 1.00E-08
1976	 1.00E-08
1977	 1.00E-08
1978	 1.00E-08
1979	 1.00E-08
1980	 1.00E-08
1981	 1.00E-08
1982	 1.00E-08
1983	 1.00E-08
1984	 1.00E-08
1985	 1.00E-08
1986	 1.00E-08
1987	 1.00E-08
1988	 1.00E-08
1989	 1.00E-08
1990	 1.00E-08
1991	 1.00E-08
1992	 1.00E-08
1993	 1.00E-08
1994	 1.00E-08
1995	 1.00E-08
1996	 1.00E-08
1997	 1.00E-08
1998	 1.00E-08
1999	 1.00E-08
2000	 1.00E-08
2001	 1.00E-08
2002	 1.00E-08
2003	 1.00E-08
2004	 1.00E-08
2005	 1.00E-08
2006	 1.00E-08
2007	 1.00E-08
2008	 1.00E-08
2009	 1.00E-08
2010	 1.00E-08
2011	 1.00E-08
2012	 1.00E-08
2013	 1.00E-08
2014	 1.00E-08
2015	 1.00E-08
2016	 1.00E-08
2017	 1.00E-08
2018	 1.00E-08
2019	 1.00E-08
2020	 1.00E-08
2021	 1.00E-08
2022	 1.00E-08
2023	 1.00E-08
2024	 1.00E-08
2025	 1.00E-08
2026	 1.00E-08
2027	 1.00E-08
2028	 1.00E-08
2029	 1.00E-08
2030	 1.00E-08
2031	 1.00E-08
2032	 1.00E-08
2033	 1.00E-08
2034	 1.00E-08
2035	 1.00E-08
2036	 1.00E-08
2037	 1.00E-08
2038	 1.00E-08
2039	 1.00E-08
2040	 1.00E-08
2041	 1.00E-08
2042	 1.00E-08
2043	 1.00E-08
2044	 1.00E-08
2045	 1.00E-08
2046	 1.00E-08
2047	 1.00E-08
2048	 1.00E-08
2049	 1.00E-08
2050	 1.00E-08
2051	 1.00E-08
2052	 1.00E-08
2053	 1.00E-08
2054	 1.00E-08
2055	 1.00E-08
2056	 1.00E-08
2057	 1.00E-08
2058	 1.00E-08
2059	 1.00E-08
2060	 1.00E-08
2061	 1.00E-08
2062	 1.00E-08
2063	 1.00E-08
2064	 1.00E-08
2065	 1.00E-08
2066	 1.00E-08
2067	 1.00E-08
2068	 1.00E-08
2069	 1.00E-08
2070	 1.00E-08
2071	 1.00E-08
2072	 1.00E-08
2073	 1.00E-08
2074	 1.00E-08
2075	 1.00E-08
2076	 1.00E-08
2077	 1.00E-08
2078	 1.00E-08
2079	 1.00E-08
2080	 1.00E-08
2081	 1.00E-08
2082	 1.00E-08
2083	 1.00E-08
2084	 1.00E-08
2085	 1.00E-08
2086	 1.00E-08
2087	 1.00E-08
2088	 1.00E-08
2089	 1.00E-08
2090	 1.00E-08
2091	 1.00E-08
2092	 1.00E-08
2093	 1.00E-08
2094	 1.00E-08
2095	 1.00E-08
2096	 1.00E-08
2097	 1.00E-08
2098	 1.00E-08
2099	 1.00E-08
2100	 1.00E-08
2101	 1.00E-08
2102	 1.00E-08
2103	 1.00E-08
2104	 1.00E-08
2105	 1.00E-08
2106	 1.00E-08
2107	 1.00E-08
2108	 1.00E-08
2109	 1.00E-08
2110	 1.00E-08
2111	 1.00E-08
2112	 1.00E-08
2113	 1.00E-08
2114	 1.00E-08
2115	 1.00E-08
2116	 1.00E-08
2117	 1.00E-08
2118	 1.00E-08
2119	 1.00E-08
2120	 1.00E-08
2121	 1.00E-08
2122	 1.00E-08
2123	 1.00E-08
2124	 1.00E-08
2125	 1.00E-08
2126	 1.00E-08
2127	 1.00E-08
2128	 1.00E-08
2129	 1.00E-08
2130	 1.00E-08
2131	 1.00E-08
2132	 1.00E-08
2133	 1.00E-08
2134	 1.00E-08
2135	 1.00E-08
2136	 1.00E-08
2137	 1.00E-08
2138	 1.00E-08
2139	 1.00E-08
2140	 1.00E-08
2141	 1.00E-08
2142	 1.00E-08
2143	 1.00E-08
2144	 1.00E-08
2145	 1.00E-08
2146	 1.00E-08
2147	 1.00E-08
2148	 1.00E-08
2149	 1.00E-08
2150	 1.00E-08
2151	 1.00E-08
2152	 1.00E-08
2153	 1.00E-08
2154	 1.00E-08
2155	 1.00E-08
2156	 1.00E-08
2157	 1.00E-08
2158	 1.00E-08
2159	 1.00E-08
2160	 1.00E-08
2161	 1.00E-08
2162	 1.00E-08
2163	 1.00E-08
2164	 1.00E-08
2165	 1.00E-08
2166	 1.00E-08
2167	 1.00E-08
2168	 1.00E-08
2169	 1.00E-08
2170	 1.00E-08
2171	 1.00E-08
2172	 1.00E-08
2173	 1.00E-08
2174	 1.00E-08
2175	 1.00E-08
2176	 1.00E-08
2177	 1.00E-08
2178	 1.00E-08
2179	 1.00E-08
2180	 1.00E-08
2181	 1.00E-08
2182	 1.00E-08
2183	 1.00E-08
2184	 1.00E-08
2185	 1.00E-08
2186	 1.00E-08
2187	 1.00E-08
2188	 1.00E-08
2189	 1.00E-08
2190	 1.00E-08
2191	 1.00E-08
2192	 1.00E-08
2193	 1.00E-08
2194	 1.00E-08
2195	 1.00E-08
2196	 1.00E-08
2197	 1.00E-08
2198	 1.00E-08
2199	 1.00E-08
2200	 1.00E-08
2201	 1.00E-08
2202	 1.00E-08
2203	 1.00E-08
2204	 1.00E-08
2205	 1.00E-08
2206	 1.00E-08
2207	 1.00E-08
2208	 1.00E-08
2209	 1.00E-08
2210	 1.00E-08
2211	 1.00E-08
2212	 1.00E-08
2213	 1.00E-08
2214	 1.00E-08
2215	 1.00E-08
2216	 1.00E-08
2217	 1.00E-08
2218	 1.00E-08
2219	 1.00E-08
2220	 1.00E-08
2221	 1.00E-08
2222	 1.00E-08
2223	 1.00E-08
2224	 1.00E-08
2225	 1.00E-08
2226	 1.00E-08
2227	 1.00E-08
2228	 1.00E-08
2229	 1.00E-08
2230	 1.00E-08
2231	 1.00E-08
2232	 1.00E-08
2233	 1.00E-08
2234	 1.00E-08
2235	 1.00E-08
2236	 1.00E-08
2237	 1.00E-08
2238	 1.00E-08
2239	 1.00E-08
2240	 1.00E-08
2241	 1.00E-08
2242	 1.00E-08
2243	 1.00E-08
2244	 1.00E-08
2245	 1.00E-08
2246	 1.00E-08
2247	 1.00E-08
2248	 1.00E-08
2249	 1.00E-08
2250	 1.00E-08
2251	 1.00E-08
2252	 1.00E-08
2253	 1.00E-08
2254	 1.00E-08
2255	 1.00E-08
2256	 1.00E-08
2257	 1.00E-08
2258	 1.00E-08
2259	 1.00E-08
2260	 1.00E-08
2261	 1.00E-08
2262	 1.00E-08
2263	 1.00E-08
2264	 1.00E-08
2265	 1.00E-08
2266	 1.00E-08
2267	 1.00E-08
2268	 1.00E-08
2269	 1.00E-08
2270	 1.00E-08
2271	 1.00E-08
2272	 1.00E-08
2273	 1.00E-08
2274	 1.00E-08
2275	 1.00E-08
2276	 1.00E-08
2277	 1.00E-08
2278	 1.00E-08
2279	 1.00E-08
2280	 1.00E-08
2281	 1.00E-08
2282	 1.00E-08
2283	 1.00E-08
2284	 1.00E-08
2285	 1.00E-08
2286	 1.00E-08
2287	 1.00E-08
2288	 1.00E-08
2289	 1.00E-08
2290	 1.00E-08
2291	 1.00E-08
2292	 1.00E-08
2293	 1.00E-08
2294	 1.00E-08
2295	 1.00E-08
2296	 1.00E-08
2297	 1.00E-08
2298	 1.00E-08
2299	 1.00E-08
2300	 1.00E-08
2301	 1.00E-08
2302	 1.00E-08
2303	 1.00E-08
2304	 1.00E-08
2305	 1.00E-08
2306	 1.00E-08
2307	 1.00E-08
2308	 1.00E-08
2309	 1.00E-08
2310	 1.00E-08
2311	 1.00E-08
2312	 1.00E-08
2313	 1.00E-08
2314	 1.00E-08
2315	 1.00E-08
2316	 1.00E-08
2317	 1.00E-08
2318	 1.00E-08
2319	 1.00E-08
2320	 1.00E-08
2321	 1.00E-08
2322	 1.00E-08
2323	 1.00E-08
2324	 1.00E-08
2325	 1.00E-08
2326	 1.00E-08
2327	 1.00E-08
2328	 1.00E-08
2329	 1.00E-08
2330	 1.00E-08
2331	 1.00E-08
2332	 1.00E-08
2333	 1.00E-08
2334	 1.00E-08
2335	 1.00E-08
2336	 1.00E-08
2337	 1.00E-08
2338	 1.00E-08
2339	 1.00E-08
2340	 1.00E-08
2341	 1.00E-08
2342	 1.00E-08
2343	 1.00E-08
2344	 1.00E-08
2345	 1.00E-08
2346	 1.00E-08
2347	 1.00E-08
2348	 1.00E-08
2349	 1.00E-08
2350	 1.00E-08
2351	 1.00E-08
2352	 1.00E-08
2353	 1.00E-08
2354	 1.00E-08
2355	 1.00E-08
2356	 1.00E-08
2357	 1.00E-08
2358	 1.00E-08
2359	 1.00E-08
2360	 1.00E-08
2361	 1.00E-08
2362	 1.00E-08
2363	 1.00E-08
2364	 1.00E-08
2365	 1.00E-08
2366	 1.00E-08
2367	 1.00E-08
2368	 1.00E-08
2369	 1.00E-08
2370	 1.00E-08
2371	 1.00E-08
2372	 1.00E-08
2373	 1.00E-08
2374	 1.00E-08
2375	 1.00E-08
2376	 1.00E-08
2377	 1.00E-08
2378	 1.00E-08
2379	 1.00E-08
2380	 1.00E-08
2381	 1.00E-08
2382	 1.00E-08
2383	 1.00E-08
2384	 1.00E-08
2385	 1.00E-08
2386	 1.00E-08
2387	 1.00E-08
2388	 1.00E-08
2389	 1.00E-08
2390	 1.00E-08
2391	 1.00E-08
2392	 1.00E-08
2393	 1.00E-08
2394	 1.00E-08
2395	 1.00E-08
2396	 1.00E-08
2397	 1.00E-08
2398	 1.00E-08
2399	 1.00E-08
2400	 1.00E-08
2401	 1.00E-08
2402	 1.00E-08
2403	 1.00E-08
2404	 1.00E-08
2405	 1.00E-08
2406	 1.00E-08
2407	 1.00E-08
2408	 1.00E-08
2409	 1.00E-08
2410	 1.00E-08
2411	 1.00E-08
2412	 1.00E-08
2413	 1.00E-08
2414	 1.00E-08
2415	 1.00E-08
2416	 1.00E-08
2417	 1.00E-08
2418	 1.00E-08
2419	 1.00E-08
2420	 1.00E-08
2421	 1.00E-08
2422	 1.00E-08
2423	 1.00E-08
2424	 1.00E-08
2425	 1.00E-08
2426	 1.00E-08
2427	 1.00E-08
2428	 1.00E-08
2429	 1.00E-08
2430	 1.00E-08
2431	 1.00E-08
2432	 1.00E-08
2433	 1.00E-08
2434	 1.00E-08
2435	 1.00E-08
2436	 1.00E-08
2437	 1.00E-08
2438	 1.00E-08
2439	 1.00E-08
2440	 1.00E-08
2441	 1.00E-08
2442	 1.00E-08
2443	 1.00E-08
2444	 1.00E-08
2445	 1.00E-08
2446	 1.00E-08
2447	 1.00E-08
2448	 1.00E-08
2449	 1.00E-08
2450	 1.00E-08
2451	 1.00E-08
2452	 1.00E-08
2453	 1.00E-08
2454	 1.00E-08
2455	 1.00E-08
2456	 1.00E-08
2457	 1.00E-08
2458	 1.00E-08
2459	 1.00E-08
2460	 1.00E-08
2461	 1.00E-08
2462	 1.00E-08
2463	 1.00E-08
2464	 1.00E-08
2465	 1.00E-08
2466	 1.00E-08
2467	 1.00E-08
2468	 1.00E-08
2469	 1.00E-08
2470	 1.00E-08
2471	 1.00E-08
2472	 1.00E-08
2473	 1.00E-08
2474	 1.00E-08
2475	 1.00E-08
2476	 1.00E-08
2477	 1.00E-08
2478	 1.00E-08
2479	 1.00E-08
2480	 1.00E-08
2481	 1.00E-08
2482	 1.00E-08
2483	 1.00E-08
2484	 1.00E-08
2485	 1.00E-08
2486	 1.00E-08
2487	 1.00E-08
2488	 1.00E-08
2489	 1.00E-08
2490	 1.00E-08
2491	 1.00E-08
2492	 1.00E-08
2493	 1.00E-08
2494	 1.00E-08
2495	 1.00E-08
2496	 1.00E-08
2497	 1.00E-08
2498	 1.00E-08
2499	 1.00E-08
2500	 1.00E-08
2501	 1.00E-08
2502	 1.00E-08
2503	 1.00E-08
2504	 1.00E-08
2505	 1.00E-08
2506	 1.00E-08
2507	 1.00E-08
2508	 1.00E-08
2509	 1.00E-08
2510	 1.00E-08
2511	 1.00E-08
2512	 1.00E-08
2513	 1.00E-08
2514	 1.00E-08
2515	 1.00E-08
2516	 1.00E-08
2517	 1.00E-08
2518	 1.00E-08
2519	 1.00E-08
2520	 1.00E-08
2521	 1.00E-08
2522	 1.00E-08
2523	 1.00E-08
2524	 1.00E-08
2525	 1.00E-08
2526	 1.00E-08
2527	 1.00E-08
2528	 1.00E-08
2529	 1.00E-08
2530	 1.00E-08
2531	 1.00E-08
2532	 1.00E-08
2533	 1.00E-08
2534	 1.00E-08
2535	 1.00E-08
2536	 1.00E-08
2537	 1.00E-08
2538	 1.00E-08
2539	 1.00E-08
2540	 1.00E-08
2541	 1.00E-08
2542	 1.00E-08
2543	 1.00E-08
2544	 1.00E-08
2545	 1.00E-08
2546	 1.00E-08
2547	 1.00E-08
2548	 1.00E-08
2549	 1.00E-08
2550	 1.00E-08
2551	 1.00E-08
2552	 1.00E-08
2553	 1.00E-08
2554	 1.00E-08
2555	 1.00E-08
2556	 1.00E-08
2557	 1.00E-08
2558	 1.00E-08
2559	 1.00E-08
2560	 1.00E-08
2561	 1.00E-08
2562	 1.00E-08
2563	 1.00E-08
2564	 1.00E-08
2565	 1.00E-08
2566	 1.00E-08
2567	 1.00E-08
2568	 1.00E-08
2569	 1.00E-08
2570	 1.00E-08
2571	 1.00E-08
2572	 1.00E-08
2573	 1.00E-08
2574	 1.00E-08
2575	 1.00E-08
2576	 1.00E-08
2577	 1.00E-08
2578	 1.00E-08
2579	 1.00E-08
2580	 1.00E-08
2581	 1.00E-08
2582	 1.00E-08
2583	 1.00E-08
2584	 1.00E-08
2585	 1.00E-08
2586	 1.00E-08
2587	 1.00E-08
2588	 1.00E-08
2589	 1.00E-08
2590	 1.00E-08
2591	 1.00E-08
2592	 1.00E-08
2593	 1.00E-08
2594	 1.00E-08
2595	 1.00E-08
2596	 1.00E-08
2597	 1.00E-08
2598	 1.00E-08
2599	 1.00E-08
2600	 1.00E-08
2601	 1.00E-08
2602	 1.00E-08
2603	 1.00E-08
2604	 1.00E-08
2605	 1.00E-08
2606	 1.00E-08
2607	 1.00E-08
2608	 1.00E-08
2609	 1.00E-08
2610	 1.00E-08
2611	 1.00E-08
2612	 1.00E-08
2613	 1.00E-08
2614	 1.00E-08
2615	 1.00E-08
2616	 1.00E-08
2617	 1.00E-08
2618	 1.00E-08
2619	 1.00E-08
2620	 1.00E-08
2621	 1.00E-08
2622	 1.00E-08
2623	 1.00E-08
2624	 1.00E-08
2625	 1.00E-08
2626	 1.00E-08
2627	 1.00E-08
2628	 1.00E-08
2629	 1.00E-08
2630	 1.00E-08
2631	 1.00E-08
2632	 1.00E-08
2633	 1.00E-08
2634	 1.00E-08
2635	 1.00E-08
2636	 1.00E-08
2637	 1.00E-08
2638	 1.00E-08
2639	 1.00E-08
2640	 1.00E-08
2641	 1.00E-08
2642	 1.00E-08
2643	 1.00E-08
2644	 1.00E-08
2645	 1.00E-08
2646	 1.00E-08
2647	 1.00E-08
2648	 1.00E-08
2649	 1.00E-08
2650	 1.00E-08
2651	 1.00E-08
2652	 1.00E-08
2653	 1.00E-08
2654	 1.00E-08
2655	 1.00E-08
2656	 1.00E-08
2657	 1.00E-08
2658	 1.00E-08
2659	 1.00E-08
2660	 1.00E-08
2661	 1.00E-08
2662	 1.00E-08
2663	 1.00E-08
2664	 1.00E-08
2665	 1.00E-08
2666	 1.00E-08
2667	 1.00E-08
2668	 1.00E-08
2669	 1.00E-08
2670	 1.00E-08
2671	 1.00E-08
2672	 1.00E-08
2673	 1.00E-08
2674	 1.00E-08
2675	 1.00E-08
2676	 1.00E-08
2677	 1.00E-08
2678	 1.00E-08
2679	 1.00E-08
2680	 1.00E-08
2681	 1.00E-08
2682	 1.00E-08
2683	 1.00E-08
2684	 1.00E-08
2685	 1.00E-08
2686	 1.00E-08
2687	 1.00E-08
2688	 1.00E-08
2689	 1.00E-08
2690	 1.00E-08
2691	 1.00E-08
2692	 1.00E-08
2693	 1.00E-08
2694	 1.00E-08
2695	 1.00E-08
2696	 1.00E-08
2697	 1.00E-08
2698	 1.00E-08
2699	 1.00E-08
2700	 1.00E-08
2701	 1.00E-08
2702	 1.00E-08
2703	 1.00E-08
2704	 1.00E-08
2705	 1.00E-08
2706	 1.00E-08
2707	 1.00E-08
2708	 1.00E-08
2709	 1.00E-08
2710	 1.00E-08
2711	 1.00E-08
2712	 1.00E-08
2713	 1.00E-08
2714	 1.00E-08
2715	 1.00E-08
2716	 1.00E-08
2717	 1.00E-08
2718	 1.00E-08
2719	 1.00E-08
2720	 1.00E-08
2721	 1.00E-08
2722	 1.00E-08
2723	 1.00E-08
2724	 1.00E-08
2725	 1.00E-08
2726	 1.00E-08
2727	 1.00E-08
2728	 1.00E-08
2729	 1.00E-08
2730	 1.00E-08
2731	 1.00E-08
2732	 1.00E-08
2733	 1.00E-08
2734	 1.00E-08
2735	 1.00E-08
2736	 1.00E-08
2737	 1.00E-08
2738	 1.00E-08
2739	 1.00E-08
2740	 1.00E-08
2741	 1.00E-08
2742	 1.00E-08
2743	 1.00E-08
2744	 1.00E-08
2745	 1.00E-08
2746	 1.00E-08
2747	 1.00E-08
2748	 1.00E-08
2749	 1.00E-08
2750	 1.00E-08
2751	 1.00E-08
2752	 1.00E-08
2753	 1.00E-08
2754	 1.00E-08
2755	 1.00E-08
2756	 1.00E-08
2757	 1.00E-08
2758	 1.00E-08
2759	 1.00E-08
2760	 1.00E-08
2761	 1.00E-08
2762	 1.00E-08
2763	 1.00E-08
2764	 1.00E-08
2765	 1.00E-08
2766	 1.00E-08
2767	 1.00E-08
2768	 1.00E-08
2769	 1.00E-08
2770	 1.00E-08
2771	 1.00E-08
2772	 1.00E-08
2773	 1.00E-08
2774	 1.00E-08
2775	 1.00E-08
2776	 1.00E-08
2777	 1.00E-08
2778	 1.00E-08
2779	 1.00E-08
2780	 1.00E-08
2781	 1.00E-08
2782	 1.00E-08
2783	 1.00E-08
2784	 1.00E-08
2785	 1.00E-08
2786	 1.00E-08
2787	 1.00E-08
2788	 1.00E-08
2789	 1.00E-08
2790	 1.00E-08
2791	 1.00E-08
2792	 1.00E-08
2793	 1.00E-08
2794	 1.00E-08
2795	 1.00E-08
2796	 1.00E-08
2797	 1.00E-08
2798	 1.00E-08
2799	 1.00E-08
2800	 1.00E-08
2801	 1.00E-08
2802	 1.00E-08
2803	 1.00E-08
2804	 1.00E-08
2805	 1.00E-08
2806	 1.00E-08
2807	 1.00E-08
2808	 1.00E-08
2809	 1.00E-08
2810	 1.00E-08
2811	 1.00E-08
2812	 1.00E-08
2813	 1.00E-08
2814	 1.00E-08
2815	 1.00E-08
2816	 1.00E-08
2817	 1.00E-08
2818	 1.00E-08
2819	 1.00E-08
2820	 1.00E-08
2821	 1.00E-08
2822	 1.00E-08
2823	 1.00E-08
2824	 1.00E-08
2825	 1.00E-08
2826	 1.00E-08
2827	 1.00E-08
2828	 1.00E-08
2829	 1.00E-08
2830	 1.00E-08
2831	 1.00E-08
2832	 1.00E-08
2833	 1.00E-08
2834	 1.00E-08
2835	 1.00E-08
2836	 1.00E-08
2837	 1.00E-08
2838	 1.00E-08
2839	 1.00E-08
2840	 1.00E-08
2841	 1.00E-08
2842	 1.00E-08
2843	 1.00E-08
2844	 1.00E-08
2845	 1.00E-08
2846	 1.00E-08
2847	 1.00E-08
2848	 1.00E-08
2849	 1.00E-08
2850	 1.00E-08
2851	 1.00E-08
2852	 1.00E-08
2853	 1.00E-08
2854	 1.00E-08
2855	 1.00E-08
2856	 1.00E-08
2857	 1.00E-08
2858	 1.00E-08
2859	 1.00E-08
2860	 1.00E-08
2861	 1.00E-08
2862	 1.00E-08
2863	 1.00E-08
2864	 1.00E-08
2865	 1.00E-08
2866	 1.00E-08
2867	 1.00E-08
2868	 1.00E-08
2869	 1.00E-08
2870	 1.00E-08
2871	 1.00E-08
2872	 1.00E-08
2873	 1.00E-08
2874	 1.00E-08
2875	 1.00E-08
2876	 1.00E-08
2877	 1.00E-08
2878	 1.00E-08
2879	 1.00E-08
2880	 1.00E-08
2881	 1.00E-08
2882	 1.00E-08
2883	 1.00E-08
2884	 1.00E-08
2885	 1.00E-08
2886	 1.00E-08
2887	 1.00E-08
2888	 1.00E-08
2889	 1.00E-08
2890	 1.00E-08
2891	 1.00E-08
2892	 1.00E-08
2893	 1.00E-08
2894	 1.00E-08
2895	 1.00E-08
2896	 1.00E-08
2897	 1.00E-08
2898	 1.00E-08
2899	 1.00E-08
2900	 1.00E-08
2901	 1.00E-08
2902	 1.00E-08
2903	 1.00E-08
2904	 1.00E-08
2905	 1.00E-08
2906	 1.00E-08
2907	 1.00E-08
2908	 1.00E-08
2909	 1.00E-08
2910	 1.00E-08
2911	 1.00E-08
2912	 1.00E-08
2913	 1.00E-08
2914	 1.00E-08
2915	 1.00E-08
2916	 1.00E-08
2917	 1.00E-08
2918	 1.00E-08
2919	 1.00E-08
2920	 1.00E-08
2921	 1.00E-08
2922	 1.00E-08
2923	 1.00E-08
2924	 1.00E-08
2925	 1.00E-08
2926	 1.00E-08
2927	 1.00E-08
2928	 1.00E-08
2929	 1.00E-08
2930	 1.00E-08
2931	 1.00E-08
2932	 1.00E-08
2933	 1.00E-08
2934	 1.00E-08
2935	 1.00E-08
2936	 1.00E-08
2937	 1.00E-08
2938	 1.00E-08
2939	 1.00E-08
2940	 1.00E-08
2941	 1.00E-08
2942	 1.00E-08
2943	 1.00E-08
2944	 1.00E-08
2945	 1.00E-08
2946	 1.00E-08
2947	 1.00E-08
2948	 1.00E-08
2949	 1.00E-08
2950	 1.00E-08
2951	 1.00E-08
2952	 1.00E-08
2953	 1.00E-08
2954	 1.00E-08
2955	 1.00E-08
2956	 1.00E-08
2957	 1.00E-08
2958	 1.00E-08
2959	 1.00E-08
2960	 1.00E-08
2961	 1.00E-08
2962	 1.00E-08
2963	 1.00E-08
2964	 1.00E-08
2965	 1.00E-08
2966	 1.00E-08
2967	 1.00E-08
2968	 1.00E-08
2969	 1.00E-08
2970	 1.00E-08
2971	 1.00E-08
2972	 1.00E-08
2973	 1.00E-08
2974	 1.00E-08
2975	 1.00E-08
2976	 1.00E-08
2977	 1.00E-08
2978	 1.00E-08
2979	 1.00E-08
2980	 1.00E-08
2981	 1.00E-08
2982	 1.00E-08
2983	 1.00E-08
2984	 1.00E-08
2985	 1.00E-08
2986	 1.00E-08
2987	 1.00E-08
2988	 1.00E-08
2989	 1.00E-08
2990	 1.00E-08
2991	 1.00E-08
2992	 1.00E-08
2993	 1.00E-08
2994	 1.00E-08
2995	 1.00E-08
2996	 1.00E-08
2997	 1.00E-08
2998	 1.00E-08
2999	 1.00E-08
3000	 1.00E-08
3001	 1.00E-08
3002	 1.00E-08
3003	 1.00E-08
3004	 1.00E-08
3005	 1.00E-08
3006	 1.00E-08
3007	 1.00E-08
3008	 1.00E-08
3009	 1.00E-08
3010	 1.00E-08
3011	 1.00E-08
3012	 1.00E-08
3013	 1.00E-08
3014	 1.00E-08
3015	 1.00E-08
3016	 1.00E-08
3017	 1.00E-08
3018	 1.00E-08
3019	 1.00E-08
3020	 1.00E-08
3021	 1.00E-08
3022	 1.00E-08
3023	 1.00E-08
3024	 1.00E-08
3025	 1.00E-08
3026	 1.00E-08
3027	 1.00E-08
3028	 1.00E-08
3029	 1.00E-08
3030	 1.00E-08
3031	 1.00E-08
3032	 1.00E-08
3033	 1.00E-08
3034	 1.00E-08
3035	 1.00E-08
3036	 1.00E-08
3037	 1.00E-08
3038	 1.00E-08
3039	 1.00E-08
3040	 1.00E-08
3041	 1.00E-08
3042	 1.00E-08
3043	 1.00E-08
3044	 1.00E-08
3045	 1.00E-08
3046	 1.00E-08
3047	 1.00E-08
3048	 1.00E-08
3049	 1.00E-08
3050	 1.00E-08
3051	 1.00E-08
3052	 1.00E-08
3053	 1.00E-08
3054	 1.00E-08
3055	 1.00E-08
3056	 1.00E-08
3057	 1.00E-08
3058	 1.00E-08
3059	 1.00E-08
3060	 1.00E-08
3061	 1.00E-08
3062	 1.00E-08
3063	 1.00E-08
3064	 1.00E-08
3065	 1.00E-08
3066	 1.00E-08
3067	 1.00E-08
3068	 1.00E-08
3069	 1.00E-08
3070	 1.00E-08
3071	 1.00E-08
3072	 1.00E-08
3073	 1.00E-08
3074	 1.00E-08
3075	 1.00E-08
3076	 1.00E-08
3077	 1.00E-08
3078	 1.00E-08
3079	 1.00E-08
3080	 1.00E-08
3081	 1.00E-08
3082	 1.00E-08
3083	 1.00E-08
3084	 1.00E-08
3085	 1.00E-08
3086	 1.00E-08
3087	 1.00E-08
3088	 1.00E-08
3089	 1.00E-08
3090	 1.00E-08
3091	 1.00E-08
3092	 1.00E-08
3093	 1.00E-08
3094	 1.00E-08
3095	 1.00E-08
3096	 1.00E-08
3097	 1.00E-08
3098	 1.00E-08
3099	 1.00E-08
3100	 1.00E-08
3101	 1.00E-08
3102	 1.00E-08
3103	 1.00E-08
3104	 1.00E-08
3105	 1.00E-08
3106	 1.00E-08
3107	 1.00E-08
3108	 1.00E-08
3109	 1.00E-08
3110	 1.00E-08
3111	 1.00E-08
3112	 1.00E-08
3113	 1.00E-08
3114	 1.00E-08
3115	 1.00E-08
3116	 1.00E-08
3117	 1.00E-08
3118	 1.00E-08
3119	 1.00E-08
3120	 1.00E-08
3121	 1.00E-08
3122	 1.00E-08
3123	 1.00E-08
3124	 1.00E-08
3125	 1.00E-08
3126	 1.00E-08
3127	 1.00E-08
3128	 1.00E-08
3129	 1.00E-08
3130	 1.00E-08
3131	 1.00E-08
3132	 1.00E-08
3133	 1.00E-08
3134	 1.00E-08
3135	 1.00E-08
3136	 1.00E-08
3137	 1.00E-08
3138	 1.00E-08
3139	 1.00E-08
3140	 1.00E-08
3141	 1.00E-08
3142	 1.00E-08
3143	 1.00E-08
3144	 1.00E-08
3145	 1.00E-08
3146	 1.00E-08
3147	 1.00E-08
3148	 1.00E-08
3149	 1.00E-08
3150	 1.00E-08
3151	 1.00E-08
3152	 1.00E-08
3153	 1.00E-08
3154	 1.00E-08
3155	 1.00E-08
3156	 1.00E-08
3157	 1.00E-08
3158	 1.00E-08
3159	 1.00E-08
3160	 1.00E-08
3161	 1.00E-08
3162	 1.00E-08
3163	 1.00E-08
3164	 1.00E-08
3165	 1.00E-08
3166	 1.00E-08
3167	 1.00E-08
3168	 1.00E-08
3169	 1.00E-08
3170	 1.00E-08
3171	 1.00E-08
3172	 1.00E-08
3173	 1.00E-08
3174	 1.00E-08
3175	 1.00E-08
3176	 1.00E-08
3177	 1.00E-08
3178	 1.00E-08
3179	 1.00E-08
3180	 1.00E-08
3181	 1.00E-08
3182	 1.00E-08
3183	 1.00E-08
3184	 1.00E-08
3185	 1.00E-08
3186	 1.00E-08
3187	 1.00E-08
3188	 1.00E-08
3189	 1.00E-08
3190	 1.00E-08
3191	 1.00E-08
3192	 1.00E-08
3193	 1.00E-08
3194	 1.00E-08
3195	 1.00E-08
3196	 1.00E-08
3197	 1.00E-08
3198	 1.00E-08
3199	 1.00E-08
3200	 1.00E-08
3201	 1.00E-08
3202	 1.00E-08
3203	 1.00E-08
3204	 1.00E-08
3205	 1.00E-08
3206	 1.00E-08
3207	 1.00E-08
3208	 1.00E-08
3209	 1.00E-08
3210	 1.00E-08
3211	 1.00E-08
3212	 1.00E-08
3213	 1.00E-08
3214	 1.00E-08
3215	 1.00E-08
3216	 1.00E-08
3217	 1.00E-08
3218	 1.00E-08
3219	 1.00E-08
3220	 1.00E-08
3221	 1.00E-08
3222	 1.00E-08
3223	 1.00E-08
3224	 1.00E-08
3225	 1.00E-08
3226	 1.00E-08
3227	 1.00E-08
3228	 1.00E-08
3229	 1.00E-08
3230	 1.00E-08
3231	 1.00E-08
3232	 1.00E-08
3233	 1.00E-08
3234	 1.00E-08
3235	 1.00E-08
3236	 1.00E-08
3237	 1.00E-08
3238	 1.00E-08
3239	 1.00E-08
3240	 1.00E-08
3241	 1.00E-08
3242	 1.00E-08
3243	 1.00E-08
3244	 1.00E-08
3245	 1.00E-08
3246	 1.00E-08
3247	 1.00E-08
3248	 1.00E-08
3249	 1.00E-08
3250	 1.00E-08
3251	 1.00E-08
3252	 1.00E-08
3253	 1.00E-08
3254	 1.00E-08
3255	 1.00E-08
3256	 1.00E-08
3257	 1.00E-08
3258	 1.00E-08
3259	 1.00E-08
3260	 1.00E-08
3261	 1.00E-08
3262	 1.00E-08
3263	 1.00E-08
3264	 1.00E-08
3265	 1.00E-08
3266	 1.00E-08
3267	 1.00E-08
3268	 1.00E-08
3269	 1.00E-08
3270	 1.00E-08
3271	 1.00E-08
3272	 1.00E-08
3273	 1.00E-08
3274	 1.00E-08
3275	 1.00E-08
3276	 1.00E-08
3277	 1.00E-08
3278	 1.00E-08
3279	 1.00E-08
3280	 1.00E-08
3281	 1.00E-08
3282	 1.00E-08
3283	 1.00E-08
3284	 1.00E-08
3285	 1.00E-08
3286	 1.00E-08
3287	 1.00E-08
3288	 1.00E-08
3289	 1.00E-08
3290	 1.00E-08
3291	 1.00E-08
3292	 1.00E-08
3293	 1.00E-08
3294	 1.00E-08
3295	 1.00E-08
3296	 1.00E-08
3297	 1.00E-08
3298	 1.00E-08
3299	 1.00E-08
3300	 1.00E-08
3301	 1.00E-08
3302	 1.00E-08
3303	 1.00E-08
3304	 1.00E-08
3305	 1.00E-08
3306	 1.00E-08
3307	 3.25E-07
3308	 7.00E-07
3309	 1.62E-05
3310	 3.63E-05
3311	 3.77E-04
3312	 8.80E-04
3313	 0.004392875
3314	 0.010471262
3315	 0.027694065
3316	 0.063100989
3317	 0.111034192
3318	 0.217530897
3319	 0.322874418
3320	 0.46259964
3321	 0.603364164
3322	 0.719281832
3323	 0.819472714
3324	 0.90350652
3325	 0.938586278
3326	 0.973115226
3327	 0.986254874
3328	 0.992774879
3329	 0.998140181
3330	 0.99888807
3331	 0.999621281
3332	 1
3333	 1
3334	 1
3335	 1
3336	 1
3337	 1
3338	 1
3339	 1
3340	 1
3341	 1
3342	 1
3343	 1
3344	 1
3345	 1
3346	 1
3347	 1
3348	 1
3349	 1
3350	 1
3351	 1
3352	 1
3353	 1
3354	 1
3355	 1
3356	 1
3357	 1
3358	 1
3359	 1
3360	 1
3361	 1
3362	 1
3363	 1
3364	 1
3365	 1
3366	 1
3367	 1
3368	 1
3369	 1
3370	 1
3371	 1
3372	 1
3373	 1
3374	 1
3375	 1
3376	 1
3377	 1
3378	 1
3379	 1
3380	 1
3381	 1
3382	 1
3383	 1
3384	 1
3385	 1
3386	 1
3387	 1
3388	 1
3389	 1
3390	 1
3391	 1
3392	 1
3393	 1
3394	 1
3395	 1
3396	 1
3397	 1
3398	 1
3399	 1
3400	 1
3401	 1
3402	 1
3403	 1
3404	 1
3405	 1
3406	 1
3407	 1
3408	 1
3409	 1
3410	 1
3411	 1
3412	 1
3413	 1
3414	 1
3415	 1
3416	 1
3417	 1
3418	 1
3419	 1
3420	 1
3421	 1
3422	 1
3423	 1
3424	 1
3425	 1
3426	 1
3427	 1
3428	 1
3429	 1
3430	 1
3431	 1
3432	 1
3433	 1
3434	 1
3435	 1
3436	 1
3437	 1
3438	 1
3439	 1
3440	 1
3441	 1
3442	 1
3443	 1
3444	 1
3445	 1
3446	 1
3447	 1
3448	 1
3449	 1
3450	 1
3451	 1
3452	 1
3453	 1
3454	 1
3455	 1
3456	 1
3457	 1
3458	 1
3459	 1
3460	 1
3461	 1
3462	 1
3463	 1
3464	 1
3465	 1
3466	 1
3467	 1
3468	 1
3469	 0.999621281
3470	 0.99888807
3471	 0.998140181
3472	 0.992774879
3473	 0.986254874
3474	 0.973115226
3475	 0.938586278
3476	 0.90350652
3477	 0.819472714
3478	 0.719281832
3479	 0.603364164
3480	 0.46259964
3481	 0.322874418
3482	 0.217530897
3483	 0.111034192
3484	 0.063100989
3485	 0.027694065
3486	 0.010471262
3487	 0.004392875
3488	 8.80E-04
3489	 3.77E-04
3490	 3.63E-05
3491	 1.62E-05
3492	 7.00E-07
3493	 3.25E-07
3494	 1.00E-08
3495	 1.00E-08
3496	 1.00E-08
3497	 1.00E-08
3498	 1.00E-08
3499	 1.00E-08
3500	 1.00E-08
3501	 1.00E-08
3502	 1.00E-08
3503	 1.00E-08
3504	 1.00E-08
3505	 1.00E-08
3506	 1.00E-08
3507	 1.00E-08
3508	 1.00E-08
3509	 1.00E-08
3510	 1.00E-08
3511	 1.00E-08
3512	 1.00E-08
3513	 1.00E-08
3514	 1.00E-08
3515	 1.00E-08
3516	 1.00E-08
3517	 1.00E-08
3518	 1.00E-08
3519	 1.00E-08
3520	 1.00E-08
3521	 1.00E-08
3522	 1.00E-08
3523	 1.00E-08
3524	 1.00E-08
3525	 1.00E-08
3526	 1.00E-08
3527	 1.00E-08
3528	 1.00E-08
3529	 1.00E-08
3530	 1.00E-08
3531	 1.00E-08
3532	 1.00E-08
3533	 1.00E-08
3534	 1.00E-08
3535	 1.00E-08
3536	 1.00E-08
3537	 1.00E-08
3538	 1.00E-08
3539	 1.00E-08
3540	 1.00E-08
3541	 1.00E-08
3542	 1.00E-08
3543	 1.00E-08
3544	 1.00E-08
3545	 1.00E-08
3546	 1.00E-08
3547	 1.00E-08
3548	 1.00E-08
3549	 1.00E-08
3550	 1.00E-08
3551	 1.00E-08
3552	 1.00E-08
3553	 1.00E-08
3554	 1.00E-08
3555	 1.00E-08
3556	 1.00E-08
3557	 1.00E-08
3558	 1.00E-08
3559	 1.00E-08
3560	 1.00E-08
3561	 1.00E-08
3562	 1.00E-08
3563	 1.00E-08
3564	 1.00E-08
3565	 1.00E-08
3566	 1.00E-08
3567	 1.00E-08
3568	 1.00E-08
3569	 1.00E-08
3570	 1.00E-08
3571	 1.00E-08
3572	 1.00E-08
3573	 1.00E-08
3574	 1.00E-08
3575	 1.00E-08
3576	 1.00E-08
3577	 1.00E-08
3578	 1.00E-08
3579	 1.00E-08
3580	 1.00E-08
3581	 1.00E-08
3582	 1.00E-08
3583	 1.00E-08
3584	 1.00E-08
3585	 1.00E-08
3586	 1.00E-08
3587	 1.00E-08
3588	 1.00E-08
3589	 1.00E-08
3590	 1.00E-08
3591	 1.00E-08
3592	 1.00E-08
3593	 1.00E-08
3594	 1.00E-08
3595	 1.00E-08
3596	 1.00E-08
3597	 1.00E-08
3598	 1.00E-08
3599	 1.00E-08