104.3 0.
104.2 1.0014045216449725e-21
104.1 7.763036601886242e-20
104.0 7.736302683416043e-19
103.9 3.737891538865785e-18
103.8 1.2421916601494367e-17
103.7 3.282242322853162e-17
103.6 7.427477073077768e-17
103.5 1.5029010828656752e-16
103.4 2.7944545872900492e-16
103.3 4.863265336929946e-16
103.2 8.02551264723646e-16
103.1 1.2677747079235394e-15
103.0 1.9308844215286416e-15
102.9 2.8511804068179255e-15
102.8 4.099535500662101e-15
102.7 5.759832104151603e-15
102.6 7.930204875688714e-15
102.5 1.0725221502832168e-14
102.4 1.4276332462008416e-14
102.3 1.873457272993219e-14
102.2 2.4271129902635062e-14
102.1 3.1081550042010406e-14
102.0 3.9385144714721706e-14
101.9 4.942781477516691e-14
101.8 6.148593762244112e-14
101.7 7.58639082187133e-14
101.6 9.290448606890441e-14
101.5 1.1298592591990572e-13
101.4 1.3651653744009764e-13
101.3 1.6396303110216741e-13
101.2 1.9581936469071016e-13
101.1 2.326378874969267e-13
101.0 2.750115309835381e-13
100.9 3.2360262487391726e-13
100.8 3.79104090840497e-13
100.7 4.4230334189258285e-13
100.6 5.140160333557456e-13
100.5 5.951445878057713e-13
100.4 6.866675020893575e-13
100.3 7.896197379612951e-13
100.2 9.051277136075812e-13
100.1 1.0344014051566885e-12
100.0 1.1787340190387689e-12
99.9 1.3395427484688242e-12
99.8 1.5182938007839567e-12
99.7 1.7166182319195235e-12
99.6 1.9362173435351357e-12
99.5 2.178880628488179e-12
99.4 2.4466866665866487e-12
99.3 2.7416339566254265e-12
99.2 3.066044738089635e-12
99.1 3.422229365163956e-12
99.0 3.812811680109262e-12
98.9 4.2405129949268595e-12
98.8 4.708210714094994e-12
98.7 5.219018393155608e-12
98.6 5.776279362806655e-12
98.5 6.3833707626841e-12
98.4 7.0439600277267975e-12
98.3 7.76210718528209e-12
98.2 8.541907405706192e-12
98.1 9.387620446404636e-12
98.0 1.0304021008370375e-11
97.9 1.1295979159189884e-11
97.8 1.2368702063212097e-11
97.7 1.3527270153766155e-11
97.6 1.477800763325322e-11
97.5 1.6126465034970254e-11
97.4 1.7578951582678254e-11
97.3 1.9142541363497532e-11
97.2 2.0823477333696275e-11
97.1 2.2629813807728942e-11
97.0 2.456892297027431e-11
96.9 2.6648873559770018e-11
96.8 2.8878436676660547e-11
96.7 3.126609563258242e-11
96.6 3.3821188636499784e-11
96.5 3.655487248316962e-11
96.4 3.947567117486569e-11
96.3 4.259578011949073e-11
96.2 4.5926593443188284e-11
96.1 4.947955276182878e-11
96.0 5.326828864754563e-11
95.9 5.730698946673322e-11
95.8 6.160927998806593e-11
95.7 6.61886541118297e-11
95.6 7.1064401874973e-11
95.5 7.625101049266209e-11
95.4 8.176676247349166e-11
95.3 8.762921999738502e-11
95.2 9.385878369939919e-11
95.1 1.0047546799900773e-10
95.0 1.0750080548990366e-10
94.9 1.1495662950340816e-10
94.8 1.2286639982637492e-10
94.7 1.312538521395069e-10
94.6 1.4014459038000374e-10
94.5 1.495647137141373e-10
94.4 1.5954117249058314e-10
94.3 1.701030081203777e-10
94.2 1.812815055704391e-10
94.1 1.9310160135217232e-10
94.0 2.055988613519359e-10
93.9 2.1880727453218537e-10
93.8 2.3276113977439677e-10
93.7 2.47492398586108e-10
93.6 2.6304024847244425e-10
93.5 2.794445482025294e-10
93.4 2.9674502578525615e-10
93.3 3.1497763214364406e-10
93.2 3.3419257081383223e-10
93.1 3.5443993193322957e-10
93.0 3.757543460163763e-10
92.9 3.9819993680345355e-10
92.8 4.218202184478978e-10
92.7 4.466697719840348e-10
92.6 4.728141811416427e-10
92.5 5.003121057440165e-10
92.4 5.292263238555953e-10
92.3 5.596280141330805e-10
92.2 5.915850653437643e-10
92.1 6.251706179144849e-10
92.0 6.604694885325828e-10
91.9 6.975638476425577e-10
91.8 7.365402083595589e-10
91.7 7.774795217383014e-10
91.6 8.204896901318281e-10
91.5 8.656491153440029e-10
91.4 9.130736527432142e-10
91.3 9.628558842210822e-10
91.2 1.0151148257430325e-9
91.1 1.069950335449055e-9
91.0 1.1274885297350167e-9
90.9 1.1878463689589905e-9
90.8 1.2511341583803677e-9
90.7 1.3174903305812331e-9
90.6 1.3870357095734986e-9
90.5 1.4599117985859814e-9
90.4 1.5362423594859821e-9
90.3 1.6161918325685828e-9
90.2 1.6998921056270103e-9
90.1 1.7874880361182792e-9
90.0 1.879164721898079e-9
89.9 1.975068057032394e-9
89.8 2.0753646574919448e-9
89.7 2.180253668542418e-9
89.6 2.289900770418656e-9
89.5 2.404494938912817e-9
89.4 2.5242488852070778e-9
89.3 2.6493810280565053e-9
89.2 2.780131504142732e-9
89.1 2.916710648209587e-9
89.0 3.059374255731062e-9
88.9 3.208399628147083e-9
88.8 3.364025149161929e-9
88.7 3.5266156256167192e-9
88.6 3.696439479542629e-9
88.5 3.873805633300053e-9
88.4 4.059043679432158e-9
88.3 4.25253587954395e-9
88.2 4.4546153846993e-9
88.1 4.665654872110133e-9
88.0 4.886069383997779e-9
87.9 5.1162707825318525e-9
87.8 5.356625590853632e-9
87.7 5.607564554895505e-9
87.6 5.869602654815224e-9
87.5 6.143056187876969e-9
87.4 6.428525504858311e-9
87.3 6.726402040757282e-9
87.2 7.037152416512514e-9
87.1 7.361373190732337e-9
87.0 7.699510490982547e-9
86.9 8.052086537029608e-9
86.8 8.419699926132567e-9
86.7 8.802816887054409e-9
86.6 9.202075997752912e-9
86.5 9.618109751215467e-9
86.4 1.0051516304056478e-8
86.3 1.0502857113884465e-8
86.2 1.0972905839401362e-8
86.1 1.1462348010349694e-8
86.0 1.19718983374824e-8
85.9 1.2502268006538134e-8
85.8 1.3054326076908286e-8
85.7 1.3629007705915173e-8
85.6 1.4227146636165542e-8
85.5 1.4849591829669487e-8
85.4 1.549750722291991e-8
85.3 1.6171828037203023e-8
85.2 1.6873700348717684e-8
85.1 1.7604415571451694e-8
85.0 1.8365102372170592e-8
84.9 1.915729814264222e-8
84.8 1.9981815258937655e-8
84.7 2.0840331924386404e-8
84.6 2.1734121235732244e-8
84.5 2.266457571720196e-8
84.4 2.36335586179517e-8
84.3 2.4642628182743327e-8
84.2 2.569329343203225e-8
84.1 2.6787016265004305e-8
84.0 2.792582427777885e-8
83.9 2.9111132897576956e-8
83.8 3.034483480984979e-8
83.7 3.162880461340956e-8
83.6 3.2964888005307206e-8
83.5 3.435478770310282e-8
83.4 3.580088915180512e-8
83.3 3.730490754447083e-8
83.2 3.886887802228084e-8
83.1 4.049519905746368e-8
83.0 4.218592059121622e-8
82.9 4.394330013617892e-8
82.8 4.577006962493774e-8
82.7 4.766822738067965e-8
82.6 4.964411771065988e-8
82.5 5.169419918357439e-8
82.4 5.3824048446958006e-8
82.3 5.6036767602694133e-8
82.2 5.8335726984894196e-8
82.1 6.072364913676388e-8
82.0 6.320503481845288e-8
81.9 6.578299489484446e-8
81.8 6.846177401231858e-8
81.7 7.124520273206663e-8
81.6 7.413790896096844e-8
81.5 7.714454980535223e-8
81.4 8.026953566410097e-8
81.3 8.351816214446562e-8
81.2 8.689538438918278e-8
81.1 9.040709435434553e-8
81.0 9.405807027970056e-8
80.9 9.78543274320741e-8
80.8 1.0180197675775139e-7
80.7 1.0590633845746963e-7
80.6 1.1017781997190387e-7
80.5 1.1461619948083092e-7
80.4 1.1923109414746347e-7
80.3 1.2402931470950548e-7
80.2 1.2901720492771516e-7
80.1 1.3420203818719392e-7
80.0 1.3959141754157275e-7
79.9 1.4519212026256307e-7
79.8 1.5101248173219696e-7
79.7 1.5705973100824246e-7
79.6 1.6334242126973944e-7
79.5 1.6986942557407195e-7
79.4 1.7664858451115551e-7
79.3 1.8368928287903135e-7
79.2 1.9100140357577516e-7
79.1 1.9859437923935236e-7
79.0 2.0647874911843397e-7
78.9 2.1466551758530823e-7
78.8 2.2316619606875792e-7
78.7 2.319916681664273e-7
78.6 2.411713515382146e-7
78.5 2.5068948720522636e-7
78.4 2.6057476112100794e-7
78.3 2.7084021864090786e-7
78.2 2.8150318584056764e-7
78.1 2.9257984725735854e-7
78.0 3.040875921501675e-7
77.9 3.1604451515699585e-7
77.8 3.284703985947842e-7
77.7 3.413825543817546e-7
77.6 3.548045098990844e-7
77.5 3.687564517513462e-7
77.4 3.832588099311814e-7
77.3 3.9833631926754774e-7
77.2 4.1401128705241715e-7
77.1 4.3030756308929754e-7
77.0 4.472504001508883e-7
76.9 4.648639491909953e-7
76.8 4.831743830286717e-7
76.7 5.022436302617925e-7
76.6 5.220380624212134e-7
76.5 5.42613941170763e-7
76.4 5.640006698281413e-7
76.3 5.862286476852606e-7
76.2 6.093289575613614e-7
76.1 6.333349623875588e-7
76.0 6.58277990724754e-7
75.9 6.841964908143764e-7
75.8 7.111249716631017e-7
75.7 7.390991728438481e-7
75.6 7.681625196293257e-7
75.5 7.983540034049616e-7
75.4 8.29717116118631e-7
75.3 8.622969660129792e-7
75.2 8.961437921947649e-7
75.1 9.313066646972504e-7
75.0 9.678392063989546e-7
74.9 1.005799207293269e-6
74.8 1.0452440351471384e-6
74.7 1.086315683118124e-6
74.6 1.128936160544683e-6
74.5 1.17324416123008e-6
74.4 1.2193089909654057e-6
74.3 1.2672089782494523e-6
74.2 1.317022730585255e-6
74.1 1.3688332413258247e-6
74.0 1.4227252211785127e-6
73.9 1.4787889095783213e-6
73.8 1.5371150812954354e-6
73.7 1.5977995118101993e-6
73.6 1.6609412671396284e-6
73.5 1.7266420062182978e-6
73.4 1.7950047229559395e-6
73.3 1.8661408722077565e-6
73.2 1.9401564208257775e-6
73.1 2.0171781136160264e-6
73.0 2.097310768702449e-6
72.9 2.18068778872915e-6
72.8 2.267438632541269e-6
72.7 2.357981952885854e-6
72.6 2.4519338565316802e-6
72.5 2.5496843776826864e-6
72.4 2.6513757719624734e-6
72.3 2.757169268419546e-6
72.2 2.8672232042514364e-6
72.1 2.9817128237399114e-6
72.0 3.1008209295897755e-6
71.9 3.224722156094504e-6
71.8 3.353628223024071e-6
71.7 3.4877353652349694e-6
71.6 3.6272682280515317e-6
71.5 3.77245316545992e-6
71.4 3.923535322774369e-6
71.3 4.080770483858184e-6
71.2 4.244429590760399e-6
71.1 4.4147912989682155e-6
71.0 4.592162168095252e-6
70.9 4.7768520434875485e-6
70.8 4.969184927723591e-6
70.7 5.170182389143389e-6
70.6 5.378990948248453e-6
70.5 5.59653907460529e-6
70.4 5.823221205744598e-6
70.3 6.059450591546347e-6
70.2 6.3056383212523555e-6
70.1 6.562239220935302e-6
70.0 6.829695360517913e-6
69.9 7.108484791989732e-6
69.8 7.399105752871127e-6
69.7 7.70206804379599e-6
69.6 8.017897397632184e-6
69.5 8.347143158073183e-6
69.4 8.69039856259207e-6
69.3 9.048240346626899e-6
69.2 9.42129914674296e-6
69.1 9.810224056156418e-6
69.0 0.0000102156913514249
68.9 0.00001063840577270526
68.8 0.000011081034468779948
68.7 0.000011540873400920024
68.6 0.000012020325022572365
68.5 0.000012520253648669924
68.4 0.000013041546523459656
68.3 0.00001358512944835191
68.2 0.000014152025174823744
68.1 0.00001474324941413373
68.0 0.000015359917459747845
67.9 0.000016003184675932443
67.8 0.00001667426563356853
67.7 0.00001737445775114965
67.6 0.00001810511955703441
67.5 0.000018867676852389275
67.4 0.000019663629159275437
67.3 0.00002049455158351928
67.2 0.000021362146588884745
67.1 0.000022268108366670598
67.0 0.00002321425898916143
66.9 0.000024202516345544165
66.8 0.00002523987178659303
66.7 0.000026319358926944715
66.6 0.000027447333317763988
66.5 0.000028626040147910214
66.4 0.000029857889384632302
66.3 0.00003114534606936931
66.2 0.00003249100481209731
66.1 0.0000338975521193652
66.0 0.00003536786025591137
65.9 0.000036904845299491615
65.8 0.000038511618669323593
65.7 0.000040191387585224706
65.6 0.00004194753303540872
65.5 0.00004378361930525516
65.4 0.000045703321652173435
65.3 0.000047710542822680674
65.2 0.000049809336036631244
65.1 0.00005200399886994198
65.0 0.00005429899136879747
64.9 0.00005669902551459031
64.8 0.00005922379130075062
64.7 0.00006185179915879247
64.6 0.0000646009160652381
64.5 0.0000674769794316602
64.4 0.00007048611380262913
64.3 0.00007363480327904486
64.2 0.00007692994200388022
64.1 0.00008037868476494685
64.0 0.00008398870910420802
63.9 0.00008776796868061611
63.8 0.00009172487657472167
63.7 0.00009586837457403489
63.6 0.00010020771876712286
63.5 0.00010475273049970123
63.4 0.00010951359801502817
63.3 0.00011450115544490583
63.2 0.00011972662048362353
63.1 0.00012520182429916695
63.0 0.00013093911897083123
62.9 0.00013697948368419753
62.8 0.00014328569687226264
62.7 0.00014989539856406293
62.6 0.00015682349491910236
62.5 0.00016408561957577527
62.4 0.00017169818445667378
62.3 0.00017967832693055471
62.2 0.00018804394773237792
62.1 0.00019681399192055852
62.0 0.00020600811136439672
61.9 0.0002156470858945144
61.8 0.00022575252236649475
61.7 0.0002363472331876419
61.6 0.0002474549605973947
61.5 0.0002591008884195468
61.4 0.00027131122361667167
61.3 0.0002841135820074952
61.2 0.0002975370748090025
61.1 0.00031161202654483063
61.0 0.00032637064444843524
60.9 0.00034187325442172997
60.8 0.0003581044765752307
60.7 0.0003751254996481537
60.6 0.0003929752803382983
60.5 0.0004116947823433079
60.4 0.00043132718215734597
60.3 0.00045191754818905326
60.2 0.00047351306894028675
60.1 0.0004961634273697739
60.0 0.000519920405207873
59.9 0.0005448384648003198
59.8 0.0005709735913468243
59.7 0.0005983849574407596
59.6 0.0006271343935930262
59.5 0.0006572860220311375
59.4 0.0006889067529449852
59.3 0.0007220662318282992
59.2 0.0007568367334469769
59.1 0.0007932941915654038
59.0 0.0008315167017315416
58.9 0.0008713696658551538
58.8 0.0009132556641174106
58.7 0.0009571993279261019
58.6 0.001003240216711358
58.5 0.0010514705820455052
58.4 0.0011019869753300835
58.3 0.0011548888703595505
58.2 0.001210278960192124
58.1 0.0012682637722490945
58.0 0.0013289532275683109
57.9 0.0013924611690476574
57.8 0.001458904394049495
57.7 0.0015284045193815785
57.6 0.0016010860393320763
57.5 0.0016770780711692736
57.4 0.001756512888951782
57.3 0.0018395273590801008
57.2 0.0019262614776684249
57.1 0.0020168602074868733
57.0 0.0021114718808780907
56.9 0.0022079744972481196
56.8 0.0023105987708509786
56.7 0.002417636391420505
56.6 0.002529208233545268
56.5 0.0026454980713874446
56.4 0.0027666505709352486
56.3 0.0028928217935203985
56.2 0.0030241659659165803
56.1 0.003160839378781055
56.0 0.0033029956648473963
55.9 0.0034507873539150096
55.8 0.0036043523154396734
55.7 0.0037638766530742247
55.6 0.003929465230931118
55.5 0.004101355423380055
55.4 0.0042794317688870116
55.3 0.004464073091164309
55.2 0.004655318693050949
55.1 0.004853285848413971
55.0 0.0050514969338946985
54.9 0.005262008006743916
54.8 0.0054793833992240835
54.7 0.0057036907440574025
54.6 0.0059349837722468225
54.5 0.006173303999644728
54.4 0.006418694633814198
54.3 0.006671130322795728
54.2 0.006930651435072452
54.1 0.007197229657005059
54.0 0.007470835641969679
53.9 0.0077514215419441585
53.8 0.008038923684466404
53.7 0.00833326316920104
53.6 0.008634341387241388
53.5 0.008942042275926244
53.4 0.009256229102655333
53.3 0.00957674866581732
53.2 0.009903427882118693
53.1 0.010236070442539168
53.0 0.010570636671167713
52.9 0.010914414119989254
52.8 0.011263555079780023
52.7 0.011617808100753472
52.6 0.011976900807321687
52.5 0.012340543107840062
52.4 0.012708430173753177
52.3 0.013080234994949631
52.2 0.013455618846992501
52.1 0.013834221621793244
52.0 0.014215672128708357
51.9 0.014599562906599564
51.8 0.014985588262110152
51.7 0.015373243173789674
51.6 0.015762150533847386
51.5 0.016151885369648074
51.4 0.01654202358463897
51.3 0.01693213407451974
51.2 0.017321786310953192
51.1 0.017710547901302495
51.0 0.018120099618664825
50.9 0.018509802000092647
50.8 0.018897805950498316
50.7 0.019283726621773183
50.6 0.019667192160197345
50.5 0.02004783806699908
50.4 0.020425321967573164
50.3 0.020799306185759505
50.2 0.021169482529556694
50.1 0.0215354624210349
50.0 0.021897223695162643
49.9 0.022254255919569862
49.8 0.02260639665843162
49.7 0.02295343301545957
49.6 0.023295159250216527
49.5 0.023631392549768725
49.4 0.023961970114661748
49.3 0.024286740148595495
49.2 0.024605572283982042
49.1 0.024937007335604073
49.0 0.02524588300570853
48.9 0.025548561950114932
48.8 0.025844949915773924
48.7 0.02613490017054159
48.6 0.02641852395162317
48.5 0.02669557945119725
48.4 0.026966077149677397
48.3 0.027229978681095963
48.2 0.027487254988498726
48.1 0.027737881515991145
48.0 0.027981853361668346
47.9 0.028219167437736403
47.8 0.02844983328078655
47.7 0.028673872743498207
47.6 0.0288913038196079
47.5 0.02910216933346095
47.4 0.029306510850190527
47.3 0.02950437965894904
47.2 0.029695843645417
47.1 0.029876937138232706
47.0 0.030054782534181312
46.9 0.03022631872343135
46.8 0.0303916318936042
46.7 0.030550833209473424
46.6 0.030704038100519995
46.5 0.03085134396011698
46.4 0.030992900684331824
46.3 0.031128838038492947
46.2 0.03125929815221822
46.1 0.03138442028187521
46.0 0.03150435089838429
45.9 0.031619229583738064
45.8 0.03172920242953828
45.7 0.03183440381518234
45.6 0.03193497003503509
45.5 0.03203102339919081
45.4 0.03212268646959883
45.3 0.03221006909721321
45.2 0.03229328355202941
45.1 0.0323649665306221
45.0 0.03243913981547842
44.9 0.03250936556322115
44.8 0.03257572479909138
44.7 0.032638295223071545
44.6 0.03269714995007984
44.5 0.03275241533475174
44.4 0.032803988522486706
44.3 0.03285211433385674
44.2 0.032896756760733906
44.1 0.03293800579128177
44.0 0.03297591894679882
43.9 0.033010549131373225
43.8 0.0330419529431182
43.7 0.033070186200496836
43.6 0.03309531403762011
43.5 0.03311740092205737
43.4 0.03313651474355002
43.3 0.03315272957638277
43.2 0.03316362601723264
43.1 0.0331739977160777
43.0 0.033181723615433215
42.9 0.03318688935310607
42.8 0.03318959392846847
42.7 0.03318994596783881
42.6 0.0331880380972468
42.5 0.03318397083647977
42.4 0.03317784864278839
42.3 0.03316975319378013
42.2 0.033159775693076696
42.1 0.03314799649679529
42.0 0.03313447989281463
41.9 0.03311929619737314
41.8 0.03310249207757485
41.7 0.03308411717285484
41.6 0.03306420806622561
41.5 0.033042788976843894
41.4 0.03301988861839767
41.3 0.03299552716459184
41.2 0.03296932317487991
41.1 0.0329420366477613
41.0 0.03291331267551637
40.9 0.03288316249617829
40.8 0.03285157566971267
40.7 0.032818557925681384
40.6 0.0327841076876895
40.5 0.03274822215304236
40.4 0.03271090531675639
40.3 0.032672157622639114
40.2 0.03263197984759757
40.1 0.03259038184390952
40.0 0.03254738340358233
39.9 0.032502991965356796
39.8 0.03245723939679505
39.7 0.03241016111432818
39.6 0.032361791389915504
39.5 0.032312172079332596
39.4 0.032261369821268954
39.3 0.03220943157704291
39.2 0.03215652490679651
39.1 0.032102530342200085
39.0 0.03204759310202463
38.9 0.031991781065368444
38.8 0.031935151331121195
38.7 0.03187776038559162
38.6 0.031819656289466265
38.5 0.03176087950357931
38.4 0.03170145930476079
38.3 0.03164142610470308
38.2 0.031580790195923664
38.1 0.031519562150672885
38.0 0.03145774674409163
37.9 0.0313953389780166
37.8 0.031332325225155284
37.7 0.031268696336046634
37.6 0.031204432111941408
37.5 0.031139521493140455
37.4 0.03107392938396406
37.3 0.031007645394364677
37.2 0.030940774529665673
37.1 0.030873041359593918
37.0 0.030804545911613468
36.9 0.030735267319733646
36.8 0.030665181386029867
36.7 0.030594277654592543
36.6 0.030522545040589166
36.5 0.03044997401942436
36.4 0.03037656963386605
36.3 0.030302338658025306
36.2 0.03022729270677009
36.1 0.030151462216907357
36.0 0.030074868702457548
35.9 0.029997555470918483
35.8 0.029919572434626687
35.7 0.029840956340169703
35.6 0.02976176577946403
35.5 0.029682064603839216
35.4 0.029601893314652187
35.3 0.029521384667734293
35.2 0.029440435945130027
35.1 0.029359166137783447
35.0 0.029277605634948578
34.9 0.02919577058903189
34.8 0.02911368959517183
34.7 0.029031367319626602
34.6 0.02894880112589801
34.5 0.028865996695233404
34.4 0.028782921837434746
34.3 0.028699584444376775
34.2 0.028615950557957247
34.1 0.028532001094849917
34.0 0.028447702400333015
33.9 0.028363047268082173
33.8 0.02827798387801541
33.7 0.02819249130777224
33.6 0.02810654724855276
33.5 0.02802010951477175
33.4 0.027933162084060343
33.3 0.027845724679954394
33.2 0.027757691770364135
33.1 0.027669085346886148
33.0 0.02757989855737282
32.9 0.02749011443165714
32.8 0.027399745643747468
32.7 0.027308788284877275
32.6 0.0272172716280131
32.5 0.027125213355275905
32.4 0.027032646581450676
32.3 0.02693961031015575
32.2 0.026846148165084054
32.1 0.02675230849767315
32.0 0.02665814011572787
31.9 0.026563696171831234
31.8 0.026469026534242802
31.7 0.026374167160721218
31.6 0.02627916664263213
31.5 0.026184051250219158
31.4 0.02608884585147884
31.3 0.025993588198294292
31.2 0.02589824752174523
31.1 0.025802842650021623
31.0 0.02570736532343719
30.9 0.02561180935025506
30.8 0.02551614986743705
30.7 0.025420367822486228
30.6 0.025324446133869024
30.5 0.025228349429707746
30.4 0.02513205367899624
30.3 0.02503553227124888
30.2 0.024938750885059757
30.1 0.024841680325537262
30.0 0.02474429610600127
29.9 0.02464657517223758
29.8 0.024548482621536107
29.7 0.024450002571578977
29.6 0.024351117637320105
29.5 0.024251812011026976
29.4 0.024152090322319936
29.3 0.024051929971619312
29.2 0.023951341514738895
29.1 0.023850341422468977
29.0 0.023748949145632088
28.9 0.02364718977706522
28.8 0.02354509916972548
28.7 0.02344271668825628
28.6 0.023340082850840715
28.5 0.02323725654289338
28.4 0.023134274000222433
28.3 0.02303118503783994
28.2 0.022928031565284387
28.1 0.022824853187562607
28.0 0.022721679705051123
27.9 0.02261853166518538
27.8 0.022515431182811418
27.7 0.022412382474058454
27.6 0.022309387567698707
27.5 0.022206440735991293
27.4 0.022103536166399766
27.3 0.022000648439416483
27.2 0.02189775966888369
27.1 0.021794851740156863
27.0 0.021691898180030464
26.9 0.021588874619721674
26.8 0.02148575047700326
26.7 0.021382501549478513
26.6 0.021279103072752572
26.5 0.021175522714015998
26.4 0.02107174414969196
26.3 0.020967738798307406
26.2 0.02086349195007727
26.1 0.02075897800770322
26.0 0.02065419052157014
25.9 0.020549115706724033
25.8 0.020443755773780808
25.7 0.020338105534882172
25.6 0.020232178041447335
25.5 0.020125993272753433
25.4 0.02001956980161891
25.3 0.019912934487619438
25.2 0.019806126424084355
25.1 0.0196991846760094
25.0 0.019592152375717476
24.9 0.019485075237532377
24.8 0.01937799199880386
24.7 0.019270944545528024
24.6 0.019163967435450784
24.5 0.019057090917544692
24.4 0.018950338521430226
24.3 0.018843720017801727
24.2 0.01873724928907315
24.1 0.01863092930569713
24.0 0.018524749973487655
23.9 0.01841870334006465
23.8 0.018312778168075274
23.7 0.01820695237360032
23.6 0.018101210244758487
23.5 0.017995527335810852
23.4 0.017889886736806724
23.3 0.01778425905760516
23.2 0.01767862419143063
23.1 0.017572958665502018
23.0 0.01746723973614329
22.9 0.01736145155001052
22.8 0.01725556600399383
22.7 0.01714957560846666
22.6 0.01704345775373335
22.5 0.01693720354421316
22.4 0.016830805949089395
22.3 0.01672425744033487
22.2 0.016617560394846756
22.1 0.016510722876194137
22.0 0.01640375634240518
21.9 0.016296679118545803
21.8 0.016189516342469155
21.7 0.016082298359159287
21.6 0.015975057060440993
21.5 0.015867835110450545
21.4 0.015760664925642466
21.3 0.01565358760053039
21.2 0.015546640818369147
21.1 0.015439848563476077
21.0 0.015333243065317958
20.9 0.015226845421207369
20.8 0.015120666256143844
20.7 0.015014714391177743
20.6 0.014908991918465092
20.5 0.014803490444669866
20.4 0.014698207171304732
20.3 0.014593129143706828
20.2 0.01448823882107873
20.1 0.014383523209937415
20.0 0.014278966478270382
19.9 0.014174544455486908
19.8 0.014070244449901945
19.7 0.013966045614017477
19.6 0.013861931870385567
19.5 0.013757887443403422
19.4 0.013653894231752364
19.3 0.013549939957390867
19.2 0.013446005663802213
19.1 0.013342087578426321
19.0 0.013238172397777411
18.9 0.013134253060693218
18.8 0.013030328391558502
18.7 0.012926397031573276
18.6 0.012822464178070446
18.5 0.012718539248779857
18.4 0.012614638768860148
18.3 0.012510779766754455
18.2 0.012406989312926468
18.1 0.012303293246674916
18.0 0.012199723137890715
17.9 0.012096309869726088
17.8 0.011993087735397003
17.7 0.01189008240621072
17.6 0.011787323977575093
17.5 0.011684833038356995
17.4 0.011582625983427023
17.3 0.01148071314791287
17.2 0.011379101958846997
17.1 0.011277793540101676
17.0 0.011176782726422517
16.9 0.011076065076811413
16.8 0.010975628266590307
16.7 0.010875465144289857
16.6 0.01077556060814469
16.5 0.01067590338469906
16.4 0.010576479239144608
16.3 0.010477277193834305
16.2 0.010378285289287937
16.1 0.01027948931305065
16.0 0.010180880373591106
15.9 0.010082448693432399
15.8 0.009984183779874962
15.7 0.009886077664193317
15.6 0.009788124609604515
15.5 0.009690319159133903
15.4 0.009592654023491859
15.3 0.009495131391655226
15.2 0.009397750282875376
15.1 0.00930051627804082
15.0 0.00920343550103838
14.9 0.009106520076855433
14.8 0.009009784725666659
14.7 0.008913247131644977
14.6 0.008816930455070935
14.5 0.008720855755379394
14.4 0.008625052168352484
14.3 0.008529539419484963
14.2 0.008434342789493085
14.1 0.008339481572821932
14.0 0.00824497486478905
13.9 0.008150829576031566
13.8 0.008057061071369371
13.7 0.00796366740180051
13.6 0.007870653038792887
13.5 0.007778013289867642
13.4 0.007685742887440738
13.3 0.007593865520522373
13.2 0.0075022895059473176
13.1 0.007411090680594976
13.0 0.0073202336954105
12.9 0.00722971309215617
12.8 0.007139519565046164
12.7 0.007049649963479464
12.6 0.006960097416555565
12.5 0.0068708572011480324
12.4 0.006781924934490075
12.3 0.00669329747434505
12.2 0.006604972952950924
12.1 0.006516948253211542
12.0 0.006429223545556342
11.9 0.006341797689167443
11.8 0.006254671193577308
11.7 0.00616784699390906
11.6 0.006081330348418095
11.5 0.005995125937567971
11.4 0.0059092430980971986
11.3 0.005823692948619788
11.2 0.005738490757689699
11.1 0.005653650095089937
11.0 0.0055691883397449545
10.9 0.005485123730855564
10.8 0.005401472567780854
10.7 0.005318253557357993
10.6 0.005235479248849816
10.5 0.005153161421375031
10.4 0.005071307663842384
10.3 0.0049899258167977
10.2 0.004909018027448653
10.1 0.004828584614017495
10.0 0.00474862478103886
9.9 0.004669138371842098
9.8 0.004590120654279097
9.7 0.004511571662888812
9.6 0.004433488905730923
9.5 0.0043558699534072
9.4 0.004278715448819355
9.3 0.004202023940667093
9.2 0.004125796090878917
9.1 0.004050033094163529
9.0 0.003974735836534992
8.9 0.0038999069274327143
8.8 0.003825547630549127
8.7 0.003751661885273635
8.6 0.0036782519624308945
8.5 0.003605321292998049
8.4 0.0035328739691471967
8.3 0.003460914290195753
8.2 0.003389447510824889
8.1 0.0033184786112597114
8.0 0.00324801547573511
7.9 0.003178065221491814
7.8 0.0031086375193648094
7.7 0.003039743175488408
7.6 0.0029713929930249064
7.5 0.002903599874628444
7.4 0.0028363770200135253
7.3 0.002769735666589108
7.2 0.0027036883122910096
7.1 0.00263824542833906
7.0 0.002573415257255509
6.9 0.0025092052643408986
6.8 0.0024456203838556013
6.7 0.0023826649130627244
6.6 0.0023203435993226977
6.5 0.002258658265464444
6.4 0.002197613346810468
6.3 0.00213721190294159
6.2 0.002077458358910577
6.1 0.002018357091180529
6.0 0.0019599132694291073
5.9 0.0019021323769694586
5.8 0.0018450207355436411
5.7 0.0017885847008148176
5.6 0.0017328311162438568
5.5 0.0016777671454223809
5.4 0.0016234005400955751
5.3 0.001569738333240639
5.2 0.0015167888758889875
5.1 0.001464560523367442
5.0 0.0014130610138613396
4.9 0.001362298711284476
4.8 0.0013122827942192083
4.7 0.001263021379440864
4.6 0.0012145239154554587
4.5 0.001166799528828369
4.4 0.00111985815838043
4.3 0.0010737100177978384
4.2 0.001028365363066417
4.1 0.0009838356775100192
4.0 0.0009401325256488993
3.9 0.0008972674704937651
3.8 0.000855252020541642
3.7 0.0008140973193803342
3.6 0.0007738139620841108
3.5 0.0007344118548994093
3.4 0.0006959007350426755
3.3 0.0006582899897136806
3.2 0.0006215890998613204
3.1 0.0005858077372340019
3.0 0.00055095612697846
2.9 0.0005170445263430612
2.8 0.0004840840132294721
2.7 0.0004520857052582278
2.6 0.00042106117360155883
2.5 0.00039102223537410225
2.4 0.00036198100121892187
2.3 0.0003339497243859478
2.2 0.000306940975875894
2.1 0.0002809674378365818
2.0 0.0002560420744218459
1.9 0.0002321780151129879
1.8 0.00020938860104588062
1.7 0.00018768739699807368
1.6 0.0001670881861980209
1.5 0.00014760500182273563
1.4 0.00012925212242258818
1.3 0.00011204410990561792
1.2 0.00009599582508131632
1.1 0.00008112247908917327
1.0 0.00006743963090075285
