0        0.232418
0.5      0.262909
1        0.277816
1.5      0.274008
2        0.252659
2.5      0.218768
3        0.179298
3.5      0.140855
4        0.107974
4.5      0.0825412
5        0.064263
5.5      0.0516338
6        0.0428584
6.5      0.0364272
7        0.0313173
7.5      0.0269498
8        0.0230518
8.5      0.0195219
9        0.0163366
9.5      0.0134972
10       0.0184327
10.5     0.0168945
11       0.0155268
11.5     0.0143094
12       0.0132241
12.5     0.0122553
13       0.011389
13.5     0.0106132
14       0.00991712
14.5     0.0092914
15       0.0087278
15.5     0.00821905
16       0.00775881
16.5     0.00734147
17       0.00696211
17.5     0.0066164
18       0.00630055
18.5     0.0060112
19       0.0057454
19.5     0.00550058
20       0.00527444
20.5     0.00506498
21       0.00487042
21.5     0.00468921
22       0.00451997
22.5     0.00436149
23       0.00421269
23.5     0.00407263
24       0.00394047
24.5     0.00381547
25       0.00369698
25.5     0.00358442
26       0.00347727
26.5     0.00337508
27       0.00327743
27.5     0.00318398
28       0.00309439
28.5     0.00300839
29       0.00292571
29.5     0.00284612
30       0.00276942
30.5     0.00269542
31       0.00262396
31.5     0.00255489
32       0.00248807
32.5     0.00242338
33       0.00236071
33.5     0.00229995
34       0.00224101
34.5     0.00218381
35       0.00212827
35.5     0.00207431
36       0.00202188
36.5     0.00197091
37       0.00192135
37.5     0.00187313
38       0.00182622
38.5     0.00178056
39       0.00173611
39.5     0.00169283
40       0.00165069
40.5     0.00160965
41       0.00156966
41.5     0.00153071
42       0.00149276
42.5     0.00145577
43       0.00141973
43.5     0.0013846
44       0.00135036
44.5     0.00131698
45       0.00128445
45.5     0.00125273
46       0.0012218
46.5     0.00119165
47       0.00116225
47.5     0.00113358
48       0.00110563
48.5     0.00107837
49       0.00105179
49.5     0.00102587
50       0.00100059
50.5     0.000975943
51       0.000951902
51.5     0.000928456
52       0.00090559
52.5     0.000883289
53       0.000861539
53.5     0.000840326
54       0.000819638
54.5     0.000799459
55       0.000779779
55.5     0.000760584
56       0.000741862
56.5     0.000723602
57       0.000705792
57.5     0.000688421
58       0.000671478
58.5     0.000654952
59       0.000638833
59.5     0.000623112
60       0.000607778
60.5     0.000592821
61       0.000578232
61.5     0.000564003
62       0.000550124
62.5     0.000536587
63       0.000523383
63.5     0.000510504
64       0.000497942
64.5     0.00048569
65       0.000473738
65.5     0.000462081
66       0.000450711
66.5     0.000439621
67       0.000428804
67.5     0.000418253
68       0.000407961
68.5     0.000397923
69       0.000388132
69.5     0.000378582
70       0.000369266
70.5     0.00036018
71       0.000351318
71.5     0.000342674
72       0.000334242
72.5     0.000326018
73       0.000317996
73.5     0.000310172
74       0.00030254
74.5     0.000295096
75       0.000287835
75.5     0.000280753
76       0.000273845
76.5     0.000267107
77       0.000260535
77.5     0.000254124
78       0.000247871
78.5     0.000241772
79       0.000235824
79.5     0.000230021
80       0.000224361
80.5     0.000218841
81       0.000213456
81.5     0.000208204
82       0.000203081
82.5     0.000198085
83       0.000193211
83.5     0.000188457
84       0.00018382
84.5     0.000179297
85       0.000174885
85.5     0.000170582
86       0.000166385
86.5     0.000162291
87       0.000158298
87.5     0.000154403
88       0.000150604
88.5     0.000146898
89       0.000143284
89.5     0.000139758
90       0.00013632
90.5     0.000132965
91       0.000129694
91.5     0.000126503
92       0.00012339
92.5     0.000120354
93       0.000117393
93.5     0.000114504
94       0.000111687
94.5     0.000108939
95       0.000106258
95.5     0.000103644
96       0.000101094
96.5     9.86063e-05
97       9.61801e-05
97.5     9.38136e-05
98       9.15053e-05
98.5     8.92538e-05
99       8.70577e-05
99.5     8.49156e-05
