475 0
525 2.881e-08
575 3.359e-06
625 2.395e-06
675 2.922e-07
725 1.687e-07
775 2.51e-07
825 1.728e-07
875 1.646e-07
925 1.44e-07
975 1.364e-07
1025 1.852e-07
1075 1.906e-07
1125 9.876e-08
1175 1.241e-07
1225 7.407e-08
1275 4.115e-08
1325 1.235e-08
1375 2.469e-08
1425 3.704e-08
1475 5.002e-08
1525 1.118e-07
1575 1.665e-07
1625 1.782e-07
1675 1.687e-07
1725 1.193e-07
1775 9.465e-08
1825 1.364e-07
1875 2.064e-07
1925 2.887e-07
1975 1.481e-07
2025 5.474e-07
2075 3.879e-06
2125 1.898e-06
2175 8.231e-09
2225 8.231e-09
2275 3.569e-06
2325 2.311e-06
2375 2.881e-07
2425 1.865e-07
2475 2.058e-07
2525 1.687e-07
2575 1.44e-07
2625 1.07e-07
2675 1.029e-07
2725 1.811e-07
2775 1.735e-07
2825 1.035e-07
2875 1.076e-07
2925 5.761e-08
2975 2.121e-08
3025 1.646e-08
3075 1.646e-08
3125 3.292e-08
3175 4.938e-08
3225 1.076e-07
3275 1.118e-07
3325 1.659e-07
3375 1.406e-07
3425 1.247e-07
3475 1.076e-07
3525 1.364e-07
3575 1.899e-07
3625 1.783e-07
3675 1.358e-07
3725 5.658e-07
3775 3.813e-06
3825 1.639e-06
3875 1.646e-08
