0.000000     141.539525
0.500000    2812.769615
1.000000    3444.686089
1.500000    3231.763477
2.000000    2755.557040
2.500000    2283.941591
3.000000    1932.251067
3.500000    1747.583826
4.000000    1744.175585
4.500000    1887.625819
5.000000    2026.328049
5.500000    1928.561504
6.000000    1575.056307
6.500000    1169.496012
7.000000     843.754071
7.500000     613.465989
8.000000     455.768709
8.500000     347.159825
9.000000     270.912818
9.500000     216.139002
10.000000     175.867572
10.500000     145.599671
11.000000     122.382319
11.500000     104.238797
12.000000      89.819167
12.500000      78.183432
13.000000      68.664780
13.500000      60.781786
14.000000      54.181043
14.500000      48.599028
15.000000      43.836337
15.500000      39.739993
16.000000      36.191131
16.500000      33.096288
17.000000      30.381162
17.500000      27.986081
18.000000      25.862673
18.500000      23.971385
19.000000      22.279617
19.500000      20.760303
20.000000      19.390816
20.500000      18.152120
21.000000      17.028111
21.500000      16.005083
22.000000      15.071320
22.500000      14.216751
23.000000      13.432687
23.500000      12.711596
24.000000      12.046924
24.500000      11.432947
25.000000      10.864647
25.500000      10.337611
26.000000       9.847946
26.500000       9.392206
27.000000       8.967334
27.500000       8.570608
28.000000       8.199599
28.500000       7.852135
29.000000       7.526268
29.500000       7.220246
30.000000       6.932493
30.500000       6.661583
31.000000       6.406231
31.500000       6.165267
32.000000       5.937633
32.500000       5.722364
33.000000       5.518581
33.500000       5.325482
34.000000       5.142334
34.500000       4.968465
35.000000       4.803260
35.500000       4.646153
36.000000       4.496623
36.500000       4.354192
37.000000       4.218417
37.500000       4.088890
38.000000       3.965234
38.500000       3.847100
39.000000       3.734164
39.500000       3.626126
40.000000       3.522706
40.500000       3.423646
41.000000       3.328703
41.500000       3.237654
42.000000       3.150287
42.500000       3.066408
43.000000       2.985833
43.500000       2.908391
44.000000       2.833921
44.500000       2.762274
45.000000       2.693309
45.500000       2.626893
46.000000       2.562903
46.500000       2.501222
47.000000       2.441740
47.500000       2.384354
48.000000       2.328966
48.500000       2.275486
49.000000       2.223826
49.500000       2.173905
50.000000       2.125645
50.500000       2.078974
51.000000       2.033823
51.500000       1.990126
52.000000       1.947822
52.500000       1.906853
53.000000       1.867162
53.500000       1.828697
54.000000       1.791408
54.500000       1.755248
55.000000       1.720171
55.500000       1.686135
56.000000       1.653099
56.500000       1.621025
57.000000       1.589874
57.500000       1.559613
58.000000       1.530207
58.500000       1.501625
59.000000       1.473835
59.500000       1.446811
60.000000       1.420522
60.500000       1.394943
61.000000       1.370049
61.500000       1.345815
62.000000       1.322219
62.500000       1.299237
63.000000       1.276849
63.500000       1.255035
64.000000       1.233775
64.500000       1.213051
65.000000       1.192844
65.500000       1.173138
66.000000       1.153916
66.500000       1.135162
67.000000       1.116862
67.500000       1.099001
68.000000       1.081565
68.500000       1.064540
69.000000       1.047914
69.500000       1.031675
70.000000       1.015810
70.500000       1.000308
71.000000       0.985158
71.500000       0.970350
72.000000       0.955873
72.500000       0.941718
73.000000       0.927875
73.500000       0.914334
74.000000       0.901088
74.500000       0.888128
75.000000       0.875445
75.500000       0.863032
76.000000       0.850881
76.500000       0.838984
77.000000       0.827336
77.500000       0.815928
78.000000       0.804755
78.500000       0.793809
79.000000       0.783086
79.500000       0.772578
80.000000       0.762280
80.500000       0.752187
81.000000       0.742292
81.500000       0.732592
82.000000       0.723081
82.500000       0.713753
83.000000       0.704605
83.500000       0.695632
84.000000       0.686829
84.500000       0.678192
85.000000       0.669717
85.500000       0.661400
86.000000       0.653236
86.500000       0.645223
87.000000       0.637356
87.500000       0.629633
88.000000       0.622049
88.500000       0.614601
89.000000       0.607286
89.500000       0.600101
90.000000       0.593042
90.500000       0.586108
91.000000       0.579294
91.500000       0.572599
92.000000       0.566018
92.500000       0.559551
93.000000       0.553194
93.500000       0.546944
94.000000       0.540800
94.500000       0.534759
95.000000       0.528818
95.500000       0.522976
96.000000       0.517230
96.500000       0.511579
97.000000       0.506019
97.500000       0.500549
98.000000       0.495168
98.500000       0.489873
99.000000       0.484663
99.500000       0.479535
100.000000       0.474488
