-300 0.0000E+00
-298 0.0000E+00
-296 0.0000E+00
-294 0.0000E+00
-292 0.0000E+00
-290 0.0000E+00
-288 0.0000E+00
-286 0.0000E+00
-284 0.0000E+00
-282 0.0000E+00
-280 0.0000E+00
-278 0.0000E+00
-276 0.0000E+00
-274 0.0000E+00
-272 0.0000E+00
-270 0.0000E+00
-268 0.0000E+00
-266 0.0000E+00
-264 0.0000E+00
-262 0.0000E+00
-260 0.0000E+00
-258 0.0000E+00
-256 0.0000E+00
-254 0.0000E+00
-252 0.0000E+00
-250 0.0000E+00
-248 0.0000E+00
-246 0.0000E+00
-244 0.0000E+00
-242 0.0000E+00
-240 0.0000E+00
-238 0.0000E+00
-236 0.0000E+00
-234 0.0000E+00
-232 0.0000E+00
-230 0.0000E+00
-228 0.0000E+00
-226 0.0000E+00
-224 0.0000E+00
-222 0.0000E+00
-220 0.0000E+00
-218 0.0000E+00
-216 0.0000E+00
-214 0.0000E+00
-212 0.0000E+00
-210 0.0000E+00
-208 0.0000E+00
-206 0.0000E+00
-204 0.0000E+00
-202 0.0000E+00
-200 0.0000E+00
-198 0.0000E+00
-196 0.0000E+00
-194 2.0668E-08
-192 5.1670E-08
-190 4.1336E-08
-188 4.1336E-08
-186 5.1670E-08
-184 1.0334E-07
-182 1.0334E-07
-180 1.4468E-07
-178 1.6534E-07
-176 1.3434E-07
-174 2.0668E-07
-172 2.1701E-07
-170 2.6868E-07
-168 1.9635E-07
-166 2.7902E-07
-164 2.2735E-07
-162 2.7902E-07
-160 2.3768E-07
-158 2.7902E-07
-156 2.5835E-07
-154 4.0303E-07
-152 3.3069E-07
-150 3.7202E-07
-148 2.9969E-07
-146 4.8570E-07
-144 6.4071E-07
-142 4.9603E-07
-140 4.7536E-07
-138 5.6837E-07
-136 4.7536E-07
-134 5.9937E-07
-132 6.2004E-07
-130 6.4071E-07
-128 1.3641E-06
-126 7.6472E-07
-124 1.0127E-06
-122 9.1973E-07
-120 1.2917E-06
-118 1.7154E-06
-116 1.2194E-06
-114 1.3331E-06
-112 1.6224E-05
-110 1.4881E-05
-108 1.6803E-05
-106 1.3093E-05
-104 1.8322E-05
-102 2.1143E-05
-100 2.5267E-05 
 -98 3.7120E-05 
 -96 5.8945E-05 
 -94 7.1170E-05 
 -92 5.5762E-05 
 -90 4.5831E-05 
 -88 4.0168E-05 
 -86 7.7185E-05 
 -84 3.3018E-04 
 -82 5.6064E-04 
 -80 7.4751E-04 
 -78 5.4601E-04 
 -76 6.2709E-04 
 -74 1.9140E-03 
 -72 2.3927E-03 
 -70 2.0607E-03 
 -68 1.6107E-03 
 -66 2.6202E-03 
 -64 5.2609E-03 
 -62 7.0446E-03 
 -60 8.8820E-03 
 -58 1.2273E-02 
 -56 1.1477E-02 
 -54 1.0162E-02 
 -52 8.8157E-03 
 -50 8.3554E-03 
 -48 9.2280E-03 
 -46 1.1748E-02 
 -44 1.3068E-02 
 -42 1.2407E-02 
 -40 1.2852E-02 
 -38 1.3252E-02 
 -36 1.4121E-02 
 -34 1.4688E-02 
 -32 1.5454E-02 
 -30 1.5409E-02 
 -28 1.6090E-02 
 -26 1.7205E-02 
 -24 1.6258E-02 
 -22 1.8173E-02 
 -20 1.9902E-02 
 -18 2.0456E-02 
 -16 2.1102E-02 
 -14 2.1953E-02 
 -12 2.2740E-02 
 -10 2.3594E-02 
  -8 2.4429E-02
  -6 2.3470E-02
  -4 2.2699E-02
  -2 2.2993E-02
   0 2.3804E-02
   2 2.4023E-02
   4 2.3478E-02
   6 2.3413E-02
   8 2.3157E-02
  10 2.2601E-02
  12 2.1964E-02
  14 2.1264E-02
  16 1.9436E-02
  18 1.7514E-02
  20 1.7916E-02
  22 1.7679E-02
  24 1.6413E-02
  26 1.5714E-02
  28 1.3928E-02
  30 1.3967E-02
  32 1.3056E-02
  34 1.3234E-02
  36 1.3032E-02
  38 1.2299E-02
  40 1.1801E-02
  42 1.2239E-02
  44 1.0601E-02
  46 9.9774E-03
  48 9.7631E-03
  50 1.0370E-02
  52 1.1219E-02
  54 1.0407E-02
  56 8.7619E-03
  58 8.3197E-03
  60 4.0544E-03
  62 2.6822E-03
  64 2.8670E-03
  66 2.3408E-03
  68 2.3457E-03
  70 1.1087E-03
  72 9.3521E-04
  74 5.7243E-04
  76 8.1951E-04
  78 5.0524E-04
  80 3.8726E-04
  82 5.7230E-05
  84 4.0871E-05
  86 4.3661E-05
  88 5.7447E-05
  90 7.1832E-05
  92 5.7106E-05
  94 3.4939E-05
  96 3.6965E-05
  98 1.9304E-05
 100 2.2476E-05
 102 1.2938E-05
 104 1.5067E-05
 106 2.1443E-05
 108 9.3833E-06
 110 5.1257E-06
 112 1.1987E-06
 114 1.5914E-06
 116 1.0851E-06
 118 1.4984E-06
 120 1.0231E-06
 122 1.0334E-06
 124 6.3037E-07
 126 6.8204E-07
 128 8.0605E-07
 130 6.2004E-07
 132 5.4770E-07
 134 5.2703E-07
 136 4.5470E-07
 138 5.3737E-07
 140 4.7536E-07
 142 4.3403E-07
 144 5.6837E-07
 146 2.6868E-07
 148 3.4102E-07
 150 3.8236E-07
 152 4.1336E-07
 154 3.9269E-07
 156 3.3069E-07
 158 2.3768E-07
 160 2.2735E-07
 162 3.3069E-07
 164 1.8601E-07
 166 1.4468E-07
 168 1.7568E-07
 170 1.8601E-07
 172 1.6534E-07
 174 2.3768E-07
 176 8.2672E-08
 178 1.2401E-07
 180 5.1670E-08
 182 5.1670E-08
 184 7.2338E-08
 186 5.1670E-08
 188 2.0668E-08
 190 0.0000E+00
 192 0.0000E+00
 194 0.0000E+00
 196 0.0000E+00
 198 0.0000E+00
 200 0.0000E+00
 202 0.0000E+00
 204 0.0000E+00
 206 0.0000E+00
 208 0.0000E+00
 210 0.0000E+00
 212 0.0000E+00
 214 0.0000E+00
 216 0.0000E+00
 218 0.0000E+00
 220 0.0000E+00
 222 0.0000E+00
 224 0.0000E+00
 226 0.0000E+00
 228 0.0000E+00
 230 0.0000E+00
 232 0.0000E+00
 234 0.0000E+00
 236 0.0000E+00
 238 0.0000E+00
 240 0.0000E+00
 242 0.0000E+00
 244 0.0000E+00
 246 0.0000E+00
 248 0.0000E+00
 250 0.0000E+00
 252 0.0000E+00
 254 0.0000E+00
 256 0.0000E+00
 258 0.0000E+00
 260 0.0000E+00
 262 0.0000E+00
 264 0.0000E+00
 266 0.0000E+00
 268 0.0000E+00
 270 0.0000E+00
 272 0.0000E+00
 274 0.0000E+00
 276 0.0000E+00
 278 0.0000E+00
 280 0.0000E+00
 282 0.0000E+00
 284 0.0000E+00
 286 0.0000E+00
 288 0.0000E+00
 290 0.0000E+00
 292 0.0000E+00
 294 0.0000E+00
 296 0.0000E+00
 298 0.0000E+00
