 -300.0    0.000000E+00 
 -298.0    0.000000E+00 
 -296.0    0.000000E+00 
 -294.0    0.000000E+00 
 -292.0    0.000000E+00 
 -290.0    0.000000E+00 
 -288.0    0.000000E+00 
 -286.0    0.000000E+00 
 -284.0    0.000000E+00 
 -282.0    0.000000E+00 
 -280.0    0.000000E+00 
 -278.0    0.000000E+00 
 -276.0    0.000000E+00 
 -274.0    0.000000E+00 
 -272.0    0.000000E+00 
 -270.0    0.000000E+00 
 -268.0    0.000000E+00 
 -266.0    0.000000E+00 
 -264.0    0.000000E+00 
 -262.0    0.000000E+00 
 -260.0    0.000000E+00 
 -258.0    0.000000E+00 
 -256.0    0.000000E+00 
 -254.0    0.000000E+00 
 -252.0    0.000000E+00 
 -250.0    0.000000E+00 
 -248.0    0.000000E+00 
 -246.0    0.000000E+00 
 -244.0    0.000000E+00 
 -242.0    0.000000E+00 
 -240.0    0.000000E+00 
 -238.0    0.000000E+00 
 -236.0    0.000000E+00 
 -234.0    0.000000E+00 
 -232.0    0.000000E+00 
 -230.0    0.000000E+00 
 -228.0    0.000000E+00 
 -226.0    0.000000E+00 
 -224.0    0.000000E+00 
 -222.0    0.000000E+00 
 -220.0    0.000000E+00 
 -218.0    0.000000E+00 
 -216.0    0.000000E+00 
 -214.0    0.000000E+00 
 -212.0    0.000000E+00 
 -210.0    0.000000E+00 
 -208.0    0.000000E+00 
 -206.0    0.000000E+00 
 -204.0    0.000000E+00 
 -202.0    0.000000E+00 
 -200.0    0.000000E+00 
 -198.0    0.000000E+00 
 -196.0    1.691017E-08 
 -194.0    5.073052E-08 
 -192.0    1.691017E-08 
 -190.0    2.536526E-08 
 -188.0    4.227543E-08 
 -186.0    4.227543E-08 
 -184.0    5.073052E-08 
 -182.0    1.014610E-07 
 -180.0    1.268263E-07 
 -178.0    8.455087E-08 
 -176.0    1.099161E-07 
 -174.0    1.268263E-07 
 -172.0    6.764069E-08 
 -170.0    5.918560E-08 
 -168.0    1.268263E-07 
 -166.0    9.300595E-08 
 -164.0    1.352814E-07 
 -162.0    1.437365E-07 
 -160.0    1.606466E-07 
 -158.0    1.606466E-07 
 -156.0    1.944670E-07 
 -154.0    1.860119E-07 
 -152.0    3.128382E-07 
 -150.0    4.058441E-07 
 -148.0    3.720238E-07 
 -146.0    3.551136E-07 
 -144.0    3.382035E-07 
 -142.0    3.043831E-07 
 -140.0    3.212933E-07 
 -138.0    4.481196E-07 
 -136.0    5.918560E-07 
 -134.0    6.087662E-07 
 -132.0    4.650298E-07 
 -130.0    7.778679E-07 
 -128.0    6.848619E-07 
 -126.0    6.594967E-07 
 -124.0    5.326705E-07 
 -122.0    4.396645E-07 
 -120.0    9.977002E-07 
 -118.0    1.082251E-06 
 -116.0    1.479640E-06 
 -114.0    1.259808E-06 
 -112.0    2.257508E-06 
 -110.0    9.199135E-06 
 -108.0    1.296165E-05 
 -106.0    2.052895E-05 
 -104.0    2.719156E-05 
 -102.0    2.463812E-05 
 -100.0    1.788251E-05 
  -98.0    1.670725E-05 
  -96.0    2.232988E-05 
  -94.0    2.717465E-05 
  -92.0    2.172957E-05 
  -90.0    9.139103E-05 
  -88.0    8.868540E-05 
  -86.0    1.147863E-04 
  -84.0    1.223705E-04 
  -82.0    1.344190E-04 
  -80.0    6.416820E-04 
  -78.0    1.239034E-03 
  -76.0    1.331735E-03 
  -74.0    9.370434E-04 
  -72.0    1.562754E-03 
  -70.0    1.472504E-03 
  -68.0    1.793679E-03 
  -66.0    4.261076E-03 
  -64.0    7.190247E-03 
  -62.0    8.256968E-03 
  -60.0    9.435623E-03 
  -58.0    8.966095E-03 
  -56.0    8.760949E-03 
  -54.0    9.035866E-03 
  -52.0    1.004975E-02 
  -50.0    9.814825E-03 
  -48.0    1.020712E-02 
  -46.0    1.112585E-02 
  -44.0    1.086102E-02 
  -42.0    1.093646E-02 
  -40.0    1.238745E-02 
  -38.0    1.330241E-02 
  -36.0    1.285960E-02 
  -34.0    1.419951E-02 
  -32.0    1.362204E-02 
  -30.0    1.449346E-02 
  -28.0    1.633124E-02 
  -26.0    1.651970E-02 
  -24.0    1.659965E-02 
  -22.0    1.757228E-02 
  -20.0    1.829930E-02 
  -18.0    2.090311E-02 
  -16.0    2.291235E-02 
  -14.0    2.202983E-02 
  -12.0    2.265139E-02 
  -10.0    2.570925E-02 
   -8.0    2.560835E-02 
   -6.0    2.356356E-02 
   -4.0    2.441804E-02 
   -2.0    2.684220E-02 
    0.0    2.614178E-02 
    2.0    2.392628E-02 
    4.0    2.361706E-02 
    6.0    2.440376E-02 
    8.0    2.433713E-02 
   10.0    2.351412E-02 
   12.0    2.170632E-02 
   14.0    2.053680E-02 
   16.0    2.009652E-02 
   18.0    1.830531E-02 
   20.0    1.718561E-02 
   22.0    1.680633E-02 
   24.0    1.540438E-02 
   26.0    1.463603E-02 
   28.0    1.465704E-02 
   30.0    1.407799E-02 
   32.0    1.363891E-02 
   34.0    1.275687E-02 
   36.0    1.197107E-02 
   38.0    1.251484E-02 
   40.0    1.237243E-02 
   42.0    1.081388E-02 
   44.0    9.691390E-03 
   46.0    9.251462E-03 
   48.0    9.457429E-03 
   50.0    8.615699E-03 
   52.0    8.538082E-03 
   54.0    8.912643E-03 
   56.0    9.332716E-03 
   58.0    9.469951E-03 
   60.0    8.090866E-03 
   62.0    4.647779E-03 
   64.0    2.699599E-03 
   66.0    1.796325E-03 
   68.0    1.010154E-03 
   70.0    1.137302E-03 
   72.0    1.512235E-03 
   74.0    1.174851E-03 
   76.0    6.769481E-04 
   78.0    4.554417E-04 
   80.0    1.198001E-04 
   82.0    1.000659E-04 
   84.0    1.081828E-04 
   86.0    5.806954E-05 
   88.0    4.669745E-05 
   90.0    2.792715E-05 
   92.0    2.214387E-05 
   94.0    1.622531E-05 
   96.0    1.836445E-05 
   98.0    2.194095E-05 
  100.0    3.259436E-05 
  102.0    2.945752E-05 
  104.0    9.283684E-06 
  106.0    7.533482E-06 
  108.0    1.674107E-06 
  110.0    1.217532E-06 
  112.0    1.581101E-06 
  114.0    8.624188E-07 
  116.0    9.723349E-07 
  118.0    7.440476E-07 
  120.0    8.201434E-07 
  122.0    6.933170E-07 
  124.0    4.819399E-07 
  126.0    5.242153E-07 
  128.0    5.073052E-07 
  130.0    6.256764E-07 
  132.0    3.635687E-07 
  134.0    3.551136E-07 
  136.0    4.650298E-07 
  138.0    4.396645E-07 
  140.0    4.650298E-07 
  142.0    3.804789E-07 
  144.0    4.227543E-07 
  146.0    3.720238E-07 
  148.0    2.790179E-07 
  150.0    1.860119E-07 
  152.0    2.113772E-07 
  154.0    2.029220E-07 
  156.0    1.268263E-07 
  158.0    1.521916E-07 
  160.0    1.860119E-07 
  162.0    1.352814E-07 
  164.0    1.268263E-07 
  166.0    1.521916E-07 
  168.0    1.521916E-07 
  170.0    1.014610E-07 
  172.0    8.455087E-08 
  174.0    7.609578E-08 
  176.0    5.073052E-08 
  178.0    5.073052E-08 
  180.0    6.764070E-08 
  182.0    6.764070E-08 
  184.0    6.764069E-08 
  186.0    5.918560E-08 
  188.0    6.764070E-08 
  190.0    0.000000E+00 
  192.0    0.000000E+00 
  194.0    0.000000E+00 
  196.0    0.000000E+00 
  198.0    0.000000E+00 
  200.0    0.000000E+00 
  202.0    0.000000E+00 
  204.0    0.000000E+00 
  206.0    0.000000E+00 
  208.0    0.000000E+00 
  210.0    0.000000E+00 
  212.0    0.000000E+00 
  214.0    0.000000E+00 
  216.0    0.000000E+00 
  218.0    0.000000E+00 
  220.0    0.000000E+00 
  222.0    0.000000E+00 
  224.0    0.000000E+00 
  226.0    0.000000E+00 
  228.0    0.000000E+00 
  230.0    0.000000E+00 
  232.0    0.000000E+00 
  234.0    0.000000E+00 
  236.0    0.000000E+00 
  238.0    0.000000E+00 
  240.0    0.000000E+00 
  242.0    0.000000E+00 
  244.0    0.000000E+00 
  246.0    0.000000E+00 
  248.0    0.000000E+00 
  250.0    0.000000E+00 
  252.0    0.000000E+00 
  254.0    0.000000E+00 
  256.0    0.000000E+00 
  258.0    0.000000E+00 
  260.0    0.000000E+00 
  262.0    0.000000E+00 
  264.0    0.000000E+00 
  266.0    0.000000E+00 
  268.0    0.000000E+00 
  270.0    0.000000E+00 
  272.0    0.000000E+00 
  274.0    0.000000E+00 
  276.0    0.000000E+00 
  278.0    0.000000E+00 
  280.0    0.000000E+00 
  282.0    0.000000E+00 
  284.0    0.000000E+00 
  286.0    0.000000E+00 
  288.0    0.000000E+00 
  290.0    0.000000E+00 
  292.0    0.000000E+00 
  294.0    0.000000E+00 
  296.0    0.000000E+00 
  298.0    0.000000E+00 
