0.789175
0.84365
0.901564
0.963112
1.02849
1.09792
1.17162
1.24983
1.33277
1.42072
1.51393
1.61268
1.71727
1.82798
1.94514
2.06907
2.20011
2.33862
2.48497
2.63953
2.80271
2.97492
3.15659
3.34816
3.55008
3.76285
3.98695
4.22289
4.47121
4.73244
5.00715
5.29592
5.59935
5.91806
6.25268
6.60387
6.9723
7.35867
7.76369
8.18808
8.6326
9.09801
9.58509
10.0947
10.6275
11.1846
11.7666
12.3745
13.0092
13.6716
14.3626
15.0831
15.8342
16.6167
17.4317
18.2802
19.1631
20.0815
21.0365
22.029
23.0602
24.131
25.2426
26.3959
27.5922
28.8324
30.1176
31.4489
32.8274
34.2541
35.7301
37.2564
38.8341
40.4642
42.1477
43.8856
45.679
47.5287
49.4357
51.4009
53.4252
55.5095
57.6546
59.8613
62.1303
64.4624
66.8582
69.3184
71.8435
74.4342
77.0908
79.8138
82.6037
85.4606
88.3849
91.3767
94.4362
97.5634
100.758
104.021
107.351
110.748
114.212
117.743
121.339
125.001
128.728
132.519
136.372
140.288
144.265
148.303
152.399
156.552
160.762
165.026
169.343
173.711
178.128
182.594
187.104
191.658
196.253
200.887
205.558
210.262
214.998
219.763
224.553
229.367
234.201
239.052
243.917
248.793
253.677
258.566
263.455
268.342
273.223
278.094
282.953
287.794
292.616
297.413
302.183
306.921
311.623
316.287
320.908
325.481
330.005
334.474
338.884
343.233
347.517
351.731
355.872
359.937
363.921
367.822
371.636
375.359
378.989
382.522
385.955
389.286
392.51
395.625
398.63
401.52
404.294
406.95
409.484
411.896
414.183
416.344
418.376
420.279
422.052
423.692
425.2
426.574
427.813
428.919
429.889
430.725
431.425
431.992
432.424
432.723
432.89
432.925
432.83
432.606
432.255
431.779
431.179
430.458
429.618
428.661
427.591
426.41
425.122
423.729
422.235
420.645
418.961
417.189
415.333
413.399
411.392
409.317
407.183
404.996
402.764
400.498
398.209
395.907
393.607
391.325
389.078
386.886
384.773
382.764
380.887
379.174
377.661
376.385
375.388
374.714
374.41
374.525
375.108
376.209
377.876
380.156
383.09
386.717
391.064
396.152
401.99
408.573
415.883
423.886
432.531
441.75
451.456
461.548
471.906
482.398
492.877
503.19
513.176
522.671
531.514
539.551
546.634
552.632
557.432
560.941
563.091
563.838
563.168
561.094
557.654
552.916
546.969
539.927
531.918
523.088
513.591
503.59
493.249
482.727
472.183
461.762
451.6
441.818
432.52
423.796
415.716
408.333
401.683
395.788
390.653
386.271
382.623
379.681
377.409
375.767
374.707
374.182
374.142
374.536
375.317
376.437
377.851
379.517
381.396
383.453
385.655
387.973
390.38
392.853
395.37
397.915
400.469
403.019
405.551
408.055
410.52
412.937
415.298
417.595
419.822
421.971
424.038
426.017
427.903
429.691
431.376
432.955
434.424
435.778
437.014
438.129
439.119
439.982
440.715
441.315
441.78
442.109
442.298
442.346
442.252
442.015
441.633
441.105
440.431
439.61
438.643
437.528
436.266
434.859
433.305
431.606
429.763
427.777
425.649
423.382
420.976
418.434
415.757
412.949
410.01
406.945
403.756
400.445
397.016
393.471
389.815
386.05
382.179
378.208
374.139
369.976
365.723
361.384
356.963
352.464
347.891
343.249
338.541
333.772
328.947
324.069
319.143
314.173
309.164
304.119
299.043
293.941
288.816
283.673
278.515
273.347
268.174
262.998
257.823
252.655
247.495
242.349
237.219
232.109
227.022
221.962
216.932
211.935
206.974
202.052
197.171
192.335
187.546
182.806
178.117
173.482
168.903
164.382
159.921
155.521
151.185
146.913
142.707
138.568
134.497
130.496
126.566
122.707
118.92
115.205
111.564
107.997
104.503
101.084
97.7385
94.4678
91.2716
88.1496
85.1018
82.1277
79.2272
76.3998
73.645
70.9622
68.351
65.8105
63.3401
60.939
58.6065
56.3415
54.1433
52.0109
49.9432
47.9394
45.9982
44.1187
42.2998
40.5402
38.8389
37.1947
35.6065
34.0729
32.5929
31.1652
29.7885
28.4618
27.1836
25.9529
24.7684
23.6289
22.5332
21.4799
20.4681
19.4964
18.5637
17.6689
16.8107
15.988
15.1998
14.4449
13.7221
13.0306
12.3691
11.7367
11.1324
10.5551
10.0039
9.47782
8.97597
8.49743
8.04131
7.60675
7.19291
6.79896
6.42413
6.06762
5.7287
5.40663
5.1007
4.81024
4.53457
4.27306
4.02508
3.79003
3.56734
3.35645
3.1568
2.96789
2.78922
2.62029
2.46065
2.30984
2.16744
2.03305
1.90625
1.78667
1.67395
1.56774
1.4677
1.37352
1.28489
1.20151
1.12312
1.04943
0.980205
0.915192
0.854163
0.796897
0.743184
0.692826
