0
0
0
0
0
1
1
2
0
0
0
0
0
0
1
0
1
0
0
0
1
0
0
0
2
0
0
1
0
0
1
0
0
0
0
0
0
0
2
0
1
0
1
40
24
14
17
10
10
9
9
13
10
12
12
18
16
14
1170
2032
1188
1000
931
824
834
751
889
2946
5649
6989
16637
15315
16641
18796
21752
18890
18232
14192
13114
12466
12605
12899
12907
12639
12233
11668
11876
12521
13115
14233
15012
15568
15848
16306
17982
19468
20294
20927
21504
21660
21493
21709
21460
21134
20698
20256
19346
17689
16337
15722
15338
14884
14397
13475
12754
11871
11548
11823
12581
13511
13307
12761
12796
13419
14183
18783
19292
21950
19764
16014
14495
15943
7217
5022
2516
883
779
899
846
990
1074
1244
2233
1092
7
11
16
9
11
11
11
11
11
16
12
12
20
15
20
38
3
1
0
2
1
0
1
1
0
0
0
1
1
0
2
0
0
3
0
0
1
1
5
1
0
1
0
0
0
0
0
0
0
0
0
0
0
0
0
0
