 -300.0    0.000000E+00    
 -298.0    0.000000E+00    
 -296.0    0.000000E+00    
 -294.0    0.000000E+00    
 -292.0    0.000000E+00    
 -290.0    0.000000E+00    
 -288.0    0.000000E+00    
 -286.0    0.000000E+00    
 -284.0    0.000000E+00    
 -282.0    0.000000E+00    
 -280.0    0.000000E+00    
 -278.0    0.000000E+00    
 -276.0    0.000000E+00    
 -274.0    0.000000E+00    
 -272.0    0.000000E+00    
 -270.0    0.000000E+00    
 -268.0    0.000000E+00    
 -266.0    0.000000E+00    
 -264.0    0.000000E+00    
 -262.0    0.000000E+00    
 -260.0    0.000000E+00    
 -258.0    0.000000E+00    
 -256.0    0.000000E+00    
 -254.0    0.000000E+00    
 -252.0    0.000000E+00    
 -250.0    0.000000E+00    
 -248.0    0.000000E+00    
 -246.0    0.000000E+00    
 -244.0    0.000000E+00    
 -242.0    0.000000E+00    
 -240.0    0.000000E+00    
 -238.0    0.000000E+00    
 -236.0    0.000000E+00    
 -234.0    0.000000E+00    
 -232.0    0.000000E+00    
 -230.0    0.000000E+00    
 -228.0    0.000000E+00    
 -226.0    0.000000E+00    
 -224.0    0.000000E+00    
 -222.0    0.000000E+00    
 -220.0    0.000000E+00    
 -218.0    0.000000E+00    
 -216.0    0.000000E+00    
 -214.0    0.000000E+00    
 -212.0    0.000000E+00    
 -210.0    0.000000E+00    
 -208.0    0.000000E+00    
 -206.0    0.000000E+00    
 -204.0    0.000000E+00    
 -202.0    0.000000E+00    
 -200.0    0.000000E+00    
 -198.0    0.000000E+00    
 -196.0    0.000000E+00    
 -194.0    0.000000E+00    
 -192.0    0.000000E+00    
 -190.0    0.000000E+00    
 -188.0    0.000000E+00    
 -186.0    0.000000E+00    
 -184.0    0.000000E+00    
 -182.0    0.000000E+00    
 -180.0    0.000000E+00    
 -178.0    0.000000E+00    
 -176.0    0.000000E+00    
 -174.0    0.000000E+00    
 -172.0    0.000000E+00    
 -170.0    0.000000E+00    
 -168.0    1.907432E-07    
 -166.0    9.537162E-08    
 -164.0    0.000000E+00    
 -162.0    9.537162E-08    
 -160.0    0.000000E+00    
 -158.0    1.907432E-07    
 -156.0    1.049088E-06    
 -154.0    5.722297E-07    
 -152.0    5.722297E-07    
 -150.0    3.814865E-07    
 -148.0    2.861148E-07    
 -146.0    3.814865E-07    
 -144.0    5.722297E-07    
 -142.0    3.814865E-07    
 -140.0    2.861148E-07    
 -138.0    4.768581E-07    
 -136.0    2.861148E-07    
 -134.0    9.537162E-08    
 -132.0    7.629729E-07    
 -130.0    1.907432E-07    
 -128.0    2.861148E-07    
 -126.0    0.000000E+00    
 -124.0    2.861148E-07    
 -122.0    3.814865E-07    
 -120.0    5.722297E-07    
 -118.0    1.907432E-07    
 -116.0    5.722297E-07    
 -114.0    1.907432E-07    
 -112.0    3.814865E-07    
 -110.0    8.583445E-07    
 -108.0    3.814865E-07    
 -106.0    9.537162E-08    
 -104.0    1.907432E-07    
 -102.0    1.850209E-05    
 -100.0    1.211220E-05    
  -98.0    1.144459E-05    
  -96.0    1.020476E-05    
  -94.0    6.580641E-06    
  -92.0    9.251047E-06    
  -90.0    7.248243E-06    
  -88.0    7.438986E-06    
  -86.0    2.642747E-04    
  -84.0    1.165441E-04    
  -82.0    9.222435E-05    
  -80.0    8.364091E-05    
  -78.0    7.562969E-05    
  -76.0    3.579297E-04    
  -74.0    4.315279E-03    
  -72.0    3.221749E-03    
  -70.0    2.101990E-03    
  -68.0    1.550170E-03    
  -66.0    1.669576E-03    
  -64.0    1.814826E-03    
  -62.0    2.871258E-03    
  -60.0    5.141865E-03    
  -58.0    9.769391E-03    
  -56.0    1.775114E-02    
  -54.0    1.367743E-02    
  -52.0    1.809161E-02    
  -50.0    2.123459E-02    
  -48.0    1.853070E-02    
  -46.0    1.723346E-02    
  -44.0    1.487950E-02    
  -42.0    1.166319E-02    
  -40.0    1.186356E-02    
  -38.0    1.040838E-02    
  -36.0    1.096211E-02    
  -34.0    1.106788E-02    
  -32.0    1.163553E-02    
  -30.0    1.301832E-02    
  -28.0    1.365369E-02    
  -26.0    1.394209E-02    
  -24.0    1.425577E-02    
  -22.0    1.521978E-02    
  -20.0    1.584218E-02    
  -18.0    1.793530E-02    
  -16.0    2.074838E-02    
  -14.0    2.194844E-02    
  -12.0    2.382106E-02    
  -10.0    2.505927E-02    
   -8.0    2.530333E-02    
   -6.0    2.578753E-02    
   -4.0    2.639600E-02    
   -2.0    2.573040E-02    
    0.0    2.610436E-02    
    2.0    2.538096E-02    
    4.0    2.519184E-02    
    6.0    2.371596E-02    
    8.0    2.222454E-02    
   10.0    2.070861E-02    
   12.0    1.789810E-02    
   14.0    1.622405E-02    
   16.0    1.461427E-02    
   18.0    1.399474E-02    
   20.0    1.308336E-02    
   22.0    1.391224E-02    
   24.0    1.322223E-02    
   26.0    1.304111E-02    
   28.0    1.164669E-02    
   30.0    1.185584E-02    
   32.0    1.074190E-02    
   34.0    1.162332E-02    
   36.0    1.263970E-02    
   38.0    1.375783E-02    
   40.0    1.772977E-02    
   42.0    2.048287E-02    
   44.0    2.212993E-02    
   46.0    2.067351E-02    
   48.0    1.310120E-02    
   50.0    1.459539E-02    
   52.0    1.091070E-02    
   54.0    6.454465E-03    
   56.0    2.843886E-03    
   58.0    1.754265E-03    
   60.0    1.930512E-03    
   62.0    2.103516E-03    
   64.0    2.115152E-03    
   66.0    3.027190E-03    
   68.0    4.108228E-03    
   70.0    2.332694E-03    
   72.0    8.592983E-05    
   74.0    9.155675E-05    
   76.0    1.019523E-04    
   78.0    1.186423E-04    
   80.0    1.433435E-04    
   82.0    2.706646E-04    
   84.0    4.291723E-06    
   86.0    5.626925E-06    
   88.0    7.343614E-06    
   90.0    6.962128E-06    
   92.0    8.106587E-06    
   94.0    1.392426E-05    
   96.0    1.745301E-05    
   98.0    1.993267E-05    
  100.0    1.573632E-05    
  102.0    1.907432E-07    
  104.0    3.814865E-07    
  106.0    9.537162E-08    
  108.0    4.768581E-07    
  110.0    2.861148E-07    
  112.0    3.814865E-07    
  114.0    1.907432E-07    
  116.0    9.537162E-08    
  118.0    1.907432E-07    
  120.0    1.907432E-07    
  122.0    3.814865E-07    
  124.0    6.676013E-07    
  126.0    2.861148E-07    
  128.0    3.814865E-07    
  130.0    4.768581E-07    
  132.0    5.722297E-07    
  134.0    8.583445E-07    
  136.0    2.861148E-07    
  138.0    2.861148E-07    
  140.0    8.583445E-07    
  142.0    2.861148E-07    
  144.0    1.907432E-07    
  146.0    3.814865E-07    
  148.0    5.722297E-07    
  150.0    2.861148E-07    
  152.0    3.814865E-07    
  154.0    1.144459E-06    
  156.0    1.049088E-06    
  158.0    0.000000E+00    
  160.0    0.000000E+00    
  162.0    1.907432E-07    
  164.0    0.000000E+00    
  166.0    3.814865E-07    
  168.0    1.907432E-07    
  170.0    0.000000E+00    
  172.0    0.000000E+00    
  174.0    0.000000E+00    
  176.0    0.000000E+00    
  178.0    0.000000E+00    
  180.0    0.000000E+00    
  182.0    0.000000E+00    
  184.0    0.000000E+00    
  186.0    0.000000E+00    
  188.0    0.000000E+00    
  190.0    0.000000E+00    
  192.0    0.000000E+00    
  194.0    0.000000E+00    
  196.0    0.000000E+00    
  198.0    0.000000E+00    
  200.0    0.000000E+00    
  202.0    0.000000E+00    
  204.0    0.000000E+00    
  206.0    0.000000E+00    
  208.0    0.000000E+00    
  210.0    0.000000E+00    
  212.0    0.000000E+00    
  214.0    0.000000E+00    
  216.0    0.000000E+00    
  218.0    0.000000E+00    
  220.0    0.000000E+00    
  222.0    0.000000E+00    
  224.0    0.000000E+00    
  226.0    0.000000E+00    
  228.0    0.000000E+00    
  230.0    0.000000E+00    
  232.0    0.000000E+00    
  234.0    0.000000E+00    
  236.0    0.000000E+00    
  238.0    0.000000E+00    
  240.0    0.000000E+00    
  242.0    0.000000E+00    
  244.0    0.000000E+00    
  246.0    0.000000E+00    
  248.0    0.000000E+00    
  250.0    0.000000E+00    
  252.0    0.000000E+00    
  254.0    0.000000E+00    
  256.0    0.000000E+00    
  258.0    0.000000E+00    
  260.0    0.000000E+00    
  262.0    0.000000E+00    
  264.0    0.000000E+00    
  266.0    0.000000E+00    
  268.0    0.000000E+00    
  270.0    0.000000E+00    
  272.0    0.000000E+00    
  274.0    0.000000E+00    
  276.0    0.000000E+00    
  278.0    0.000000E+00    
  280.0    0.000000E+00    
  282.0    0.000000E+00    
  284.0    0.000000E+00    
  286.0    0.000000E+00    
  288.0    0.000000E+00    
  290.0    0.000000E+00    
  292.0    0.000000E+00    
  294.0    0.000000E+00    
  296.0    0.000000E+00    
