0.000000     900.000000
0.500000    1860.196978
1.000000    1682.850505
1.500000    1431.532488
2.000000    1205.129727
2.500000    1022.053749
3.000000     879.566608
3.500000     769.806058
4.000000     684.825144
4.500000     618.040399
5.000000     564.429439
5.500000     520.323065
6.000000     483.107573
6.500000     450.949142
7.000000     422.571930
7.500000     397.091091
8.000000     373.891943
8.500000     352.544694
9.000000     332.745308
9.500000     314.274989
10.000000     296.972680
10.500000     280.716526
11.000000     265.411431
11.500000     250.980740
12.000000     237.360688
12.500000     224.496693
13.000000     212.340877
13.500000     200.850400
14.000000     189.986340
14.500000     179.712917
15.000000     169.996964
15.500000     160.807546
16.000000     152.115685
16.500000     143.894154
17.000000     136.117317
17.500000     128.761000
18.000000     121.802389
18.500000     115.219931
19.000000     108.993261
19.500000     103.103128
20.000000      97.531329
20.500000      92.260651
21.000000      87.274816
21.500000      82.558425
22.000000      78.096915
22.500000      73.876510
23.000000      69.884181
23.500000      66.107601
24.000000      62.535109
24.500000      59.155678
25.000000      55.958873
25.500000      52.934825
26.000000      50.074199
26.500000      47.368163
27.000000      44.808362
27.500000      42.386894
28.000000      40.096284
28.500000      37.929459
29.000000      35.879731
29.500000      33.940771
30.000000      32.106594
30.500000      30.371537
31.000000      28.730243
31.500000      27.177645
32.000000      25.708951
32.500000      24.319625
33.000000      23.005380
33.500000      21.762157
34.000000      20.586118
34.500000      19.473634
35.000000      18.421268
35.500000      17.425773
36.000000      16.484075
36.500000      15.593267
37.000000      14.750598
37.500000      13.953468
38.000000      13.199415
38.500000      12.486112
39.000000      11.811356
39.500000      11.173064
40.000000      10.569266
40.500000       9.998097
41.000000       9.457794
41.500000       8.946690
42.000000       8.463206
42.500000       8.005850
43.000000       7.573210
43.500000       7.163949
44.000000       6.776806
44.500000       6.410584
45.000000       6.064152
45.500000       5.736442
46.000000       5.426442
46.500000       5.133194
47.000000       4.855794
47.500000       4.593384
48.000000       4.345155
48.500000       4.110341
49.000000       3.888216
49.500000       3.678094
50.000000       3.479328
50.500000       3.291303
51.000000       3.113440
51.500000       2.945188
52.000000       2.786028
52.500000       2.635470
53.000000       2.493048
53.500000       2.358322
54.000000       2.230877
54.500000       2.110319
55.000000       1.996276
55.500000       1.888397
56.000000       1.786347
56.500000       1.689812
57.000000       1.598493
57.500000       1.512110
58.000000       1.430395
58.500000       1.353095
59.000000       1.279973
59.500000       1.210803
60.000000       1.145370
60.500000       1.083474
61.000000       1.024922
61.500000       0.969535
62.000000       0.917141
62.500000       0.867578
63.000000       0.820694
63.500000       0.776343
64.000000       0.734389
64.500000       0.694702
65.000000       0.657160
65.500000       0.621647
66.000000       0.588053
66.500000       0.556274
67.000000       0.526213
67.500000       0.497776
68.000000       0.470876
68.500000       0.445429
69.000000       0.421358
69.500000       0.398588
70.000000       0.377048
70.500000       0.356672
71.000000       0.337397
71.500000       0.319164
72.000000       0.301916
72.500000       0.285601
73.000000       0.270167
73.500000       0.255567
74.000000       0.241756
74.500000       0.228691
75.000000       0.216333
75.500000       0.204642
76.000000       0.193583
76.500000       0.183122
77.000000       0.173226
77.500000       0.163864
78.000000       0.155009
78.500000       0.146632
79.000000       0.138708
79.500000       0.131212
80.000000       0.124122
80.500000       0.117414
81.000000       0.111069
81.500000       0.105067
82.000000       0.099389
82.500000       0.094018
83.000000       0.088937
83.500000       0.084131
84.000000       0.079584
84.500000       0.075284
85.000000       0.071215
85.500000       0.067367
86.000000       0.063726
86.500000       0.060282
87.000000       0.057025
87.500000       0.053943
88.000000       0.051028
88.500000       0.048270
89.000000       0.045662
89.500000       0.043194
90.000000       0.040860
90.500000       0.038652
91.000000       0.036563
91.500000       0.034587
92.000000       0.032718
92.500000       0.030950
93.000000       0.029277
93.500000       0.027695
94.000000       0.026199
94.500000       0.024783
95.000000       0.023444
95.500000       0.022177
96.000000       0.020978
96.500000       0.019845
97.000000       0.018772
97.500000       0.017758
98.000000       0.016798
98.500000       0.015890
99.000000       0.015032
99.500000       0.014219
100.000000       0.013451
