   0.00000   0.00000e+00
   0.10000   0.00000e+00
   0.20000   0.00000e+00
   0.30000   0.00000e+00
   0.40000   0.00000e+00
   0.50000   0.00000e+00
   0.60000   0.00000e+00
   0.70000   1.75057e-07
   0.80000   3.15290e-06
   0.90000   5.78504e-06
   1.00000   8.14478e-06
   1.10000   1.02844e-05
   1.20000   1.22424e-05
   1.30000   1.40482e-05
   1.40000   1.57245e-05
   1.50000   1.72892e-05
   1.60000   1.87570e-05
   1.70000   2.01397e-05
   1.80000   2.14471e-05
   1.90000   2.26875e-05
   2.00000   2.38678e-05
   2.10000   2.49940e-05
   2.20000   2.60712e-05
   2.30000   2.71038e-05
   2.40000   2.80957e-05
   2.50000   2.90503e-05
   2.60000   2.99705e-05
   2.70000   3.08589e-05
   2.80000   3.17181e-05
   2.90000   3.25500e-05
   3.00000   3.33565e-05
   3.10000   3.41394e-05
   3.20000   3.49002e-05
   3.30000   3.56403e-05
   3.40000   3.63610e-05
   3.50000   3.70634e-05
   3.60000   3.77486e-05
   3.70000   3.84176e-05
   3.80000   3.90713e-05
   3.90000   3.97105e-05
   4.00000   4.03359e-05
   4.10000   4.09484e-05
   4.20000   4.15484e-05
   4.30000   4.21368e-05
   4.40000   4.27139e-05
   4.50000   4.32804e-05
   4.60000   4.38367e-05
   4.70000   4.43833e-05
   4.80000   4.49206e-05
   4.90000   4.54491e-05
   5.00000   4.59691e-05
   5.10000   4.64810e-05
   5.20000   4.69852e-05
   5.30000   4.74818e-05
   5.40000   4.79713e-05
   5.50000   4.84539e-05
   5.60000   4.89300e-05
   5.70000   4.93996e-05
   5.80000   4.98632e-05
   5.90000   5.03209e-05
   6.00000   5.07729e-05
   6.10000   5.12194e-05
   6.20000   5.16607e-05
   6.30000   5.20969e-05
   6.40000   5.25283e-05
   6.50000   5.29549e-05
   6.60000   5.33769e-05
   6.70000   5.37946e-05
   6.80000   5.42079e-05
   6.90000   5.46172e-05
   7.00000   5.50225e-05
   7.10000   5.54239e-05
   7.20000   5.58216e-05
   7.30000   5.62157e-05
   7.40000   5.66063e-05
   7.50000   5.69935e-05
   7.60000   5.73774e-05
   7.70000   5.77582e-05
   7.80000   5.81359e-05
   7.90000   5.85106e-05
   8.00000   5.88824e-05
   8.10000   5.92514e-05
   8.20000   5.96177e-05
   8.30000   5.99813e-05
   8.40000   6.03423e-05
   8.50000   6.07009e-05
   8.60000   6.10571e-05
   8.70000   6.14109e-05
   8.80000   6.17624e-05
   8.90000   6.21117e-05
   9.00000   6.24589e-05
   9.10000   6.28040e-05
   9.20000   6.31470e-05
   9.30000   6.34881e-05
   9.40000   6.38273e-05
   9.50000   6.41646e-05
   9.60000   6.45000e-05
   9.70000   6.48338e-05
   9.80000   6.51658e-05
   9.90000   6.54962e-05
  10.00000   6.58249e-05
  10.10000   6.61521e-05
  10.20000   6.64777e-05
  10.30000   6.68019e-05
  10.40000   6.71246e-05
  10.50000   6.74459e-05
  10.60000   6.77659e-05
  10.70000   6.80845e-05
  10.80000   6.84019e-05
  10.90000   6.87180e-05
  11.00000   6.90328e-05
  11.10000   6.93465e-05
  11.20000   6.96591e-05
  11.30000   6.99705e-05
  11.40000   7.02808e-05
  11.50000   7.05901e-05
  11.60000   7.08984e-05
  11.70000   7.12056e-05
  11.80000   7.15119e-05
  11.90000   7.18173e-05
  12.00000   7.21217e-05
  12.10000   7.24253e-05
  12.20000   7.27280e-05
  12.30000   7.30299e-05
  12.40000   7.33310e-05
  12.50000   7.36312e-05
  12.60000   7.39308e-05
  12.70000   7.42296e-05
  12.80000   7.45276e-05
  12.90000   7.48250e-05
  13.00000   7.51218e-05
  13.10000   7.54178e-05
  13.20000   7.57133e-05
  13.30000   7.60081e-05
  13.40000   7.63024e-05
  13.50000   7.65961e-05
  13.60000   7.68892e-05
  13.70000   7.71818e-05
  13.80000   7.74740e-05
  13.90000   7.77656e-05
  14.00000   7.80567e-05
  14.10000   7.83474e-05
  14.20000   7.86377e-05
  14.30000   7.89275e-05
  14.40000   7.92169e-05
  14.50000   7.95060e-05
  14.60000   7.97947e-05
  14.70000   8.00830e-05
  14.80000   8.03710e-05
  14.90000   8.06586e-05
  15.00000   8.09460e-05
  15.10000   8.12330e-05
  15.20000   8.15198e-05
  15.30000   8.18063e-05
  15.40000   8.20926e-05
  15.50000   8.23786e-05
  15.60000   8.26644e-05
  15.70000   8.29499e-05
  15.80000   8.32353e-05
  15.90000   8.35205e-05
  16.00000   8.38056e-05
  16.10000   8.40904e-05
  16.20000   8.43751e-05
  16.30000   8.46597e-05
  16.40000   8.49442e-05
  16.50000   8.52285e-05
  16.60000   8.55128e-05
  16.70000   8.57969e-05
  16.80000   8.60810e-05
  16.90000   8.63650e-05
  17.00000   8.66490e-05
  17.10000   8.69329e-05
  17.20000   8.72168e-05
  17.30000   8.75007e-05
  17.40000   8.77846e-05
  17.50000   8.80684e-05
  17.60000   8.83523e-05
  17.70000   8.86362e-05
  17.80000   8.89201e-05
  17.90000   8.92041e-05
  18.00000   8.94881e-05
  18.10000   8.97721e-05
  18.20000   9.00563e-05
  18.30000   9.03405e-05
  18.40000   9.06248e-05
  18.50000   9.09092e-05
  18.60000   9.11937e-05
  18.70000   9.14783e-05
  18.80000   9.17631e-05
  18.90000   9.20479e-05
  19.00000   9.23330e-05
  19.10000   9.26181e-05
  19.20000   9.29035e-05
  19.30000   9.31890e-05
  19.40000   9.34746e-05
  19.50000   9.37605e-05
  19.60000   9.40465e-05
  19.70000   9.43328e-05
  19.80000   9.46193e-05
  19.90000   9.49059e-05
  20.00000   9.51928e-05
  20.10000   9.54800e-05
  20.20000   9.57674e-05
  20.30000   9.60550e-05
  20.40000   9.63429e-05
  20.50000   9.66310e-05
  20.60000   9.69194e-05
  20.70000   9.72081e-05
  20.80000   9.74971e-05
  20.90000   9.77864e-05
  21.00000   9.80760e-05
  21.10000   9.83659e-05
  21.20000   9.86561e-05
  21.30000   9.89466e-05
  21.40000   9.92375e-05
  21.50000   9.95287e-05
  21.60000   9.98203e-05
  21.70000   1.00112e-04
  21.80000   1.00404e-04
  21.90000   1.00697e-04
  22.00000   1.00990e-04
  22.10000   1.01283e-04
  22.20000   1.01577e-04
  22.30000   1.01871e-04
  22.40000   1.02166e-04
  22.50000   1.02461e-04
  22.60000   1.02756e-04
  22.70000   1.03052e-04
  22.80000   1.03348e-04
  22.90000   1.03645e-04
  23.00000   1.03942e-04
  23.10000   1.04240e-04
  23.20000   1.04538e-04
  23.30000   1.04836e-04
  23.40000   1.05135e-04
  23.50000   1.05434e-04
  23.60000   1.05734e-04
  23.70000   1.06035e-04
  23.80000   1.06336e-04
  23.90000   1.06637e-04
  24.00000   1.06939e-04
  24.10000   1.07241e-04
  24.20000   1.07544e-04
  24.30000   1.07847e-04
  24.40000   1.08151e-04
  24.50000   1.08456e-04
  24.60000   1.08761e-04
  24.70000   1.09066e-04
  24.80000   1.09373e-04
  24.90000   1.09679e-04
  25.00000   1.09987e-04
  25.10000   1.10294e-04
  25.20000   1.10603e-04
  25.30000   1.10912e-04
  25.40000   1.11221e-04
  25.50000   1.11531e-04
  25.60000   1.11842e-04
  25.70000   1.12154e-04
  25.80000   1.12466e-04
  25.90000   1.12778e-04
  26.00000   1.13092e-04
  26.10000   1.13405e-04
  26.20000   1.13720e-04
  26.30000   1.14035e-04
  26.40000   1.14351e-04
  26.50000   1.14667e-04
  26.60000   1.14984e-04
  26.70000   1.15302e-04
  26.80000   1.15621e-04
  26.90000   1.15940e-04
  27.00000   1.16260e-04
  27.10000   1.16580e-04
  27.20000   1.16901e-04
  27.30000   1.17223e-04
  27.40000   1.17546e-04
  27.50000   1.17869e-04
  27.60000   1.18193e-04
  27.70000   1.18518e-04
  27.80000   1.18844e-04
  27.90000   1.19170e-04
  28.00000   1.19497e-04
  28.10000   1.19825e-04
  28.20000   1.20153e-04
  28.30000   1.20483e-04
  28.40000   1.20813e-04
  28.50000   1.21144e-04
  28.60000   1.21475e-04
  28.70000   1.21808e-04
  28.80000   1.22141e-04
  28.90000   1.22475e-04
  29.00000   1.22810e-04
  29.10000   1.23145e-04
  29.20000   1.23482e-04
  29.30000   1.23819e-04
  29.40000   1.24157e-04
  29.50000   1.24496e-04
  29.60000   1.24835e-04
  29.70000   1.25176e-04
  29.80000   1.25517e-04
  29.90000   1.25860e-04
  30.00000   1.26203e-04
  30.10000   1.26547e-04
  30.20000   1.26892e-04
  30.30000   1.27238e-04
  30.40000   1.27584e-04
  30.50000   1.27932e-04
  30.60000   1.28280e-04
  30.70000   1.28630e-04
  30.80000   1.28980e-04
  30.90000   1.29331e-04
  31.00000   1.29683e-04
  31.10000   1.30036e-04
  31.20000   1.30390e-04
  31.30000   1.30745e-04
  31.40000   1.31101e-04
  31.50000   1.31458e-04
  31.60000   1.31815e-04
  31.70000   1.32174e-04
  31.80000   1.32534e-04
  31.90000   1.32894e-04
  32.00000   1.33256e-04
  32.10000   1.33619e-04
  32.20000   1.33982e-04
  32.30000   1.34347e-04
  32.40000   1.34713e-04
  32.50000   1.35079e-04
  32.60000   1.35447e-04
  32.70000   1.35816e-04
  32.80000   1.36186e-04
  32.90000   1.36556e-04
  33.00000   1.36928e-04
  33.10000   1.37301e-04
  33.20000   1.37675e-04
  33.30000   1.38050e-04
  33.40000   1.38426e-04
  33.50000   1.38803e-04
  33.60000   1.39182e-04
  33.70000   1.39561e-04
  33.80000   1.39941e-04
  33.90000   1.40323e-04
  34.00000   1.40705e-04
  34.10000   1.41089e-04
  34.20000   1.41474e-04
  34.30000   1.41860e-04
  34.40000   1.42247e-04
  34.50000   1.42636e-04
  34.60000   1.43025e-04
  34.70000   1.43416e-04
  34.80000   1.43807e-04
  34.90000   1.44200e-04
  35.00000   1.44594e-04
  35.10000   1.44990e-04
  35.20000   1.45386e-04
  35.30000   1.45784e-04
  35.40000   1.46183e-04
  35.50000   1.46583e-04
  35.60000   1.46984e-04
  35.70000   1.47387e-04
  35.80000   1.47791e-04
  35.90000   1.48196e-04
  36.00000   1.48602e-04
  36.10000   1.49009e-04
  36.20000   1.49418e-04
  36.30000   1.49828e-04
  36.40000   1.50240e-04
  36.50000   1.50652e-04
  36.60000   1.51066e-04
  36.70000   1.51481e-04
  36.80000   1.51898e-04
  36.90000   1.52316e-04
  37.00000   1.52735e-04
  37.10000   1.53155e-04
  37.20000   1.53577e-04
  37.30000   1.54000e-04
  37.40000   1.54424e-04
  37.50000   1.54850e-04
  37.60000   1.55277e-04
  37.70000   1.55706e-04
  37.80000   1.56136e-04
  37.90000   1.56567e-04
  38.00000   1.57000e-04
  38.10000   1.57434e-04
  38.20000   1.57870e-04
  38.30000   1.58306e-04
  38.40000   1.58745e-04
  38.50000   1.59185e-04
  38.60000   1.59626e-04
  38.70000   1.60069e-04
  38.80000   1.60513e-04
  38.90000   1.60958e-04
  39.00000   1.61405e-04
  39.10000   1.61854e-04
  39.20000   1.62304e-04
  39.30000   1.62755e-04
  39.40000   1.63208e-04
  39.50000   1.63663e-04
  39.60000   1.64119e-04
  39.70000   1.64577e-04
  39.80000   1.65036e-04
  39.90000   1.65496e-04
  40.00000   1.65959e-04
  40.10000   1.66422e-04
  40.20000   1.66888e-04
  40.30000   1.67355e-04
  40.40000   1.67823e-04
  40.50000   1.68293e-04
  40.60000   1.68765e-04
  40.70000   1.69238e-04
  40.80000   1.69713e-04
  40.90000   1.70190e-04
  41.00000   1.70668e-04
  41.10000   1.71148e-04
  41.20000   1.71630e-04
  41.30000   1.72113e-04
  41.40000   1.72598e-04
  41.50000   1.73084e-04
  41.60000   1.73573e-04
  41.70000   1.74063e-04
  41.80000   1.74554e-04
  41.90000   1.75048e-04
  42.00000   1.75543e-04
  42.10000   1.76040e-04
  42.20000   1.76538e-04
  42.30000   1.77039e-04
  42.40000   1.77541e-04
  42.50000   1.78045e-04
  42.60000   1.78551e-04
  42.70000   1.79058e-04
  42.80000   1.79567e-04
  42.90000   1.80079e-04
  43.00000   1.80592e-04
  43.10000   1.81106e-04
  43.20000   1.81623e-04
  43.30000   1.82142e-04
  43.40000   1.82662e-04
  43.50000   1.83184e-04
  43.60000   1.83708e-04
  43.70000   1.84234e-04
  43.80000   1.84762e-04
  43.90000   1.85292e-04
  44.00000   1.85824e-04
  44.10000   1.86358e-04
  44.20000   1.86894e-04
  44.30000   1.87431e-04
  44.40000   1.87971e-04
  44.50000   1.88513e-04
  44.60000   1.89056e-04
  44.70000   1.89602e-04
  44.80000   1.90150e-04
  44.90000   1.90699e-04
  45.00000   1.91251e-04
  45.10000   1.91805e-04
  45.20000   1.92361e-04
  45.30000   1.92919e-04
  45.40000   1.93479e-04
  45.50000   1.94041e-04
  45.60000   1.94605e-04
  45.70000   1.95171e-04
  45.80000   1.95740e-04
  45.90000   1.96310e-04
  46.00000   1.96883e-04
  46.10000   1.97458e-04
  46.20000   1.98035e-04
  46.30000   1.98614e-04
  46.40000   1.99196e-04
  46.50000   1.99780e-04
  46.60000   2.00366e-04
  46.70000   2.00954e-04
  46.80000   2.01544e-04
  46.90000   2.02137e-04
  47.00000   2.02732e-04
  47.10000   2.03329e-04
  47.20000   2.03929e-04
  47.30000   2.04531e-04
  47.40000   2.05135e-04
  47.50000   2.05741e-04
  47.60000   2.06350e-04
  47.70000   2.06962e-04
  47.80000   2.07575e-04
  47.90000   2.08191e-04
  48.00000   2.08810e-04
  48.10000   2.09431e-04
  48.20000   2.10054e-04
  48.30000   2.10680e-04
  48.40000   2.11308e-04
  48.50000   2.11939e-04
  48.60000   2.12572e-04
  48.70000   2.13208e-04
  48.80000   2.13846e-04
  48.90000   2.14487e-04
  49.00000   2.15130e-04
  49.10000   2.15776e-04
  49.20000   2.16424e-04
  49.30000   2.17075e-04
  49.40000   2.17729e-04
  49.50000   2.18385e-04
  49.60000   2.19044e-04
  49.70000   2.19706e-04
  49.80000   2.20370e-04
  49.90000   2.21037e-04
  50.00000   2.21707e-04
  50.10000   2.22379e-04
  50.20000   2.23054e-04
  50.30000   2.23732e-04
  50.40000   2.24413e-04
  50.50000   2.25096e-04
  50.60000   2.25782e-04
  50.70000   2.26471e-04
  50.80000   2.27163e-04
  50.90000   2.27858e-04
  51.00000   2.28555e-04
  51.10000   2.29256e-04
  51.20000   2.29959e-04
  51.30000   2.30665e-04
  51.40000   2.31374e-04
  51.50000   2.32086e-04
  51.60000   2.32801e-04
  51.70000   2.33519e-04
  51.80000   2.34240e-04
  51.90000   2.34964e-04
  52.00000   2.35691e-04
  52.10000   2.36422e-04
  52.20000   2.37155e-04
  52.30000   2.37891e-04
  52.40000   2.38630e-04
  52.50000   2.39373e-04
  52.60000   2.40119e-04
  52.70000   2.40867e-04
  52.80000   2.41619e-04
  52.90000   2.42375e-04
  53.00000   2.43133e-04
  53.10000   2.43895e-04
  53.20000   2.44660e-04
  53.30000   2.45428e-04
  53.40000   2.46199e-04
  53.50000   2.46974e-04
  53.60000   2.47752e-04
  53.70000   2.48534e-04
  53.80000   2.49319e-04
  53.90000   2.50107e-04
  54.00000   2.50898e-04
  54.10000   2.51694e-04
  54.20000   2.52492e-04
  54.30000   2.53294e-04
  54.40000   2.54100e-04
  54.50000   2.54909e-04
  54.60000   2.55722e-04
  54.70000   2.56538e-04
  54.80000   2.57358e-04
  54.90000   2.58181e-04
  55.00000   2.59008e-04
  55.10000   2.59839e-04
  55.20000   2.60673e-04
  55.30000   2.61512e-04
  55.40000   2.62353e-04
  55.50000   2.63199e-04
  55.60000   2.64048e-04
  55.70000   2.64902e-04
  55.80000   2.65759e-04
  55.90000   2.66619e-04
  56.00000   2.67484e-04
  56.10000   2.68353e-04
  56.20000   2.69225e-04
  56.30000   2.70102e-04
  56.40000   2.70982e-04
  56.50000   2.71867e-04
  56.60000   2.72755e-04
  56.70000   2.73648e-04
  56.80000   2.74544e-04
  56.90000   2.75445e-04
  57.00000   2.76350e-04
  57.10000   2.77259e-04
  57.20000   2.78172e-04
  57.30000   2.79089e-04
  57.40000   2.80011e-04
  57.50000   2.80937e-04
  57.60000   2.81867e-04
  57.70000   2.82801e-04
  57.80000   2.83740e-04
  57.90000   2.84683e-04
  58.00000   2.85631e-04
  58.10000   2.86583e-04
  58.20000   2.87539e-04
  58.30000   2.88500e-04
  58.40000   2.89465e-04
  58.50000   2.90435e-04
  58.60000   2.91410e-04
  58.70000   2.92389e-04
  58.80000   2.93373e-04
  58.90000   2.94361e-04
  59.00000   2.95355e-04
  59.10000   2.96352e-04
  59.20000   2.97355e-04
  59.30000   2.98363e-04
  59.40000   2.99375e-04
  59.50000   3.00392e-04
  59.60000   3.01414e-04
  59.70000   3.02441e-04
  59.80000   3.03473e-04
  59.90000   3.04510e-04
  60.00000   3.05552e-04
  60.10000   3.06599e-04
  60.20000   3.07651e-04
  60.30000   3.08708e-04
  60.40000   3.09770e-04
  60.50000   3.10838e-04
  60.60000   3.11911e-04
  60.70000   3.12989e-04
  60.80000   3.14072e-04
  60.90000   3.15161e-04
  61.00000   3.16255e-04
  61.10000   3.17355e-04
  61.20000   3.18460e-04
  61.30000   3.19570e-04
  61.40000   3.20686e-04
  61.50000   3.21808e-04
  61.60000   3.22935e-04
  61.70000   3.24068e-04
  61.80000   3.25207e-04
  61.90000   3.26351e-04
  62.00000   3.27501e-04
  62.10000   3.28657e-04
  62.20000   3.29819e-04
  62.30000   3.30986e-04
  62.40000   3.32160e-04
  62.50000   3.33340e-04
  62.60000   3.34525e-04
  62.70000   3.35717e-04
  62.80000   3.36915e-04
  62.90000   3.38118e-04
  63.00000   3.39329e-04
  63.10000   3.40545e-04
  63.20000   3.41768e-04
  63.30000   3.42997e-04
  63.40000   3.44232e-04
  63.50000   3.45474e-04
  63.60000   3.46722e-04
  63.70000   3.47977e-04
  63.80000   3.49238e-04
  63.90000   3.50506e-04
  64.00000   3.51781e-04
  64.10000   3.53062e-04
  64.20000   3.54351e-04
  64.30000   3.55646e-04
  64.40000   3.56947e-04
  64.50000   3.58256e-04
  64.60000   3.59572e-04
  64.70000   3.60895e-04
  64.80000   3.62225e-04
  64.90000   3.63562e-04
  65.00000   3.64906e-04
  65.10000   3.66257e-04
  65.20000   3.67616e-04
  65.30000   3.68982e-04
  65.40000   3.70356e-04
  65.50000   3.71736e-04
  65.60000   3.73125e-04
  65.70000   3.74521e-04
  65.80000   3.75925e-04
  65.90000   3.77336e-04
  66.00000   3.78755e-04
  66.10000   3.80182e-04
  66.20000   3.81617e-04
  66.30000   3.83060e-04
  66.40000   3.84511e-04
  66.50000   3.85970e-04
  66.60000   3.87437e-04
  66.70000   3.88912e-04
  66.80000   3.90396e-04
  66.90000   3.91887e-04
  67.00000   3.93388e-04
  67.10000   3.94896e-04
  67.20000   3.96413e-04
  67.30000   3.97939e-04
  67.40000   3.99474e-04
  67.50000   4.01017e-04
  67.60000   4.02569e-04
  67.70000   4.04130e-04
  67.80000   4.05700e-04
  67.90000   4.07279e-04
  68.00000   4.08867e-04
  68.10000   4.10464e-04
  68.20000   4.12070e-04
  68.30000   4.13686e-04
  68.40000   4.15311e-04
  68.50000   4.16946e-04
  68.60000   4.18590e-04
  68.70000   4.20244e-04
  68.80000   4.21907e-04
  68.90000   4.23580e-04
  69.00000   4.25264e-04
  69.10000   4.26957e-04
  69.20000   4.28660e-04
  69.30000   4.30373e-04
  69.40000   4.32097e-04
  69.50000   4.33831e-04
  69.60000   4.35575e-04
  69.70000   4.37330e-04
  69.80000   4.39095e-04
  69.90000   4.40871e-04
  70.00000   4.42658e-04
  70.10000   4.44455e-04
  70.20000   4.46264e-04
  70.30000   4.48084e-04
  70.40000   4.49914e-04
  70.50000   4.51756e-04
  70.60000   4.53610e-04
  70.70000   4.55474e-04
  70.80000   4.57351e-04
  70.90000   4.59239e-04
  71.00000   4.61138e-04
  71.10000   4.63050e-04
  71.20000   4.64973e-04
  71.30000   4.66909e-04
  71.40000   4.68856e-04
  71.50000   4.70816e-04
  71.60000   4.72788e-04
  71.70000   4.74773e-04
  71.80000   4.76771e-04
  71.90000   4.78781e-04
  72.00000   4.80804e-04
  72.10000   4.82840e-04
  72.20000   4.84889e-04
  72.30000   4.86951e-04
  72.40000   4.89027e-04
  72.50000   4.91116e-04
  72.60000   4.93218e-04
  72.70000   4.95334e-04
  72.80000   4.97464e-04
  72.90000   4.99609e-04
  73.00000   5.01767e-04
  73.10000   5.03939e-04
  73.20000   5.06126e-04
  73.30000   5.08327e-04
  73.40000   5.10543e-04
  73.50000   5.12773e-04
  73.60000   5.15019e-04
  73.70000   5.17279e-04
  73.80000   5.19555e-04
  73.90000   5.21846e-04
  74.00000   5.24153e-04
  74.10000   5.26475e-04
  74.20000   5.28813e-04
  74.30000   5.31167e-04
  74.40000   5.33537e-04
  74.50000   5.35924e-04
  74.60000   5.38327e-04
  74.70000   5.40746e-04
  74.80000   5.43182e-04
  74.90000   5.45635e-04
  75.00000   5.48106e-04
  75.10000   5.50593e-04
  75.20000   5.53098e-04
  75.30000   5.55621e-04
  75.40000   5.58161e-04
  75.50000   5.60719e-04
  75.60000   5.63296e-04
  75.70000   5.65891e-04
  75.80000   5.68504e-04
  75.90000   5.71137e-04
  76.00000   5.73788e-04
  76.10000   5.76458e-04
  76.20000   5.79148e-04
  76.30000   5.81857e-04
  76.40000   5.84585e-04
  76.50000   5.87334e-04
  76.60000   5.90103e-04
  76.70000   5.92893e-04
  76.80000   5.95703e-04
  76.90000   5.98533e-04
  77.00000   6.01385e-04
  77.10000   6.04258e-04
  77.20000   6.07153e-04
  77.30000   6.10069e-04
  77.40000   6.13007e-04
  77.50000   6.15968e-04
  77.60000   6.18950e-04
  77.70000   6.21956e-04
  77.80000   6.24984e-04
  77.90000   6.28036e-04
  78.00000   6.31111e-04
  78.10000   6.34210e-04
  78.20000   6.37333e-04
  78.30000   6.40480e-04
  78.40000   6.43652e-04
  78.50000   6.46848e-04
  78.60000   6.50070e-04
  78.70000   6.53317e-04
  78.80000   6.56590e-04
  78.90000   6.59888e-04
  79.00000   6.63213e-04
  79.10000   6.66565e-04
  79.20000   6.69943e-04
  79.30000   6.73349e-04
  79.40000   6.76782e-04
  79.50000   6.80243e-04
  79.60000   6.83732e-04
  79.70000   6.87249e-04
  79.80000   6.90796e-04
  79.90000   6.94371e-04
  80.00000   6.97976e-04
  80.10000   7.01612e-04
  80.20000   7.05277e-04
  80.30000   7.08973e-04
  80.40000   7.12700e-04
  80.50000   7.16458e-04
  80.60000   7.20248e-04
  80.70000   7.24071e-04
  80.80000   7.27926e-04
  80.90000   7.31814e-04
  81.00000   7.35735e-04
  81.10000   7.39690e-04
  81.20000   7.43679e-04
  81.30000   7.47703e-04
  81.40000   7.51762e-04
  81.50000   7.55857e-04
  81.60000   7.59988e-04
  81.70000   7.64155e-04
  81.80000   7.68359e-04
  81.90000   7.72601e-04
  82.00000   7.76880e-04
  82.10000   7.81198e-04
  82.20000   7.85555e-04
  82.30000   7.89951e-04
  82.40000   7.94388e-04
  82.50000   7.98865e-04
  82.60000   8.03383e-04
  82.70000   8.07942e-04
  82.80000   8.12544e-04
  82.90000   8.17188e-04
  83.00000   8.21876e-04
  83.10000   8.26607e-04
  83.20000   8.31384e-04
  83.30000   8.36205e-04
  83.40000   8.41072e-04
  83.50000   8.45986e-04
  83.60000   8.50946e-04
  83.70000   8.55954e-04
  83.80000   8.61011e-04
  83.90000   8.66117e-04
  84.00000   8.71273e-04
  84.10000   8.76479e-04
  84.20000   8.81736e-04
  84.30000   8.87046e-04
  84.40000   8.92408e-04
  84.50000   8.97823e-04
  84.60000   9.03293e-04
  84.70000   9.08819e-04
  84.80000   9.14400e-04
  84.90000   9.20037e-04
  85.00000   9.25733e-04
  85.10000   9.31487e-04
  85.20000   9.37300e-04
  85.30000   9.43174e-04
  85.40000   9.49109e-04
  85.50000   9.55106e-04
  85.60000   9.61166e-04
  85.70000   9.67290e-04
  85.80000   9.73479e-04
  85.90000   9.79735e-04
  86.00000   9.86058e-04
  86.10000   9.92449e-04
  86.20000   9.98909e-04
  86.30000   1.00544e-03
  86.40000   1.01204e-03
  86.50000   1.01872e-03
  86.60000   1.02547e-03
  86.70000   1.03229e-03
  86.80000   1.03919e-03
  86.90000   1.04617e-03
  87.00000   1.05323e-03
  87.10000   1.06036e-03
  87.20000   1.06758e-03
  87.30000   1.07489e-03
  87.40000   1.08227e-03
  87.50000   1.08975e-03
  87.60000   1.09731e-03
  87.70000   1.10495e-03
  87.80000   1.11269e-03
  87.90000   1.12053e-03
  88.00000   1.12845e-03
  88.10000   1.13647e-03
  88.20000   1.14459e-03
  88.30000   1.15281e-03
  88.40000   1.16112e-03
  88.50000   1.16954e-03
  88.60000   1.17807e-03
  88.70000   1.18670e-03
  88.80000   1.19543e-03
  88.90000   1.20428e-03
  89.00000   1.21324e-03
  89.10000   1.22232e-03
  89.20000   1.23151e-03
  89.30000   1.24082e-03
  89.40000   1.25025e-03
  89.50000   1.25981e-03
  89.60000   1.26949e-03
  89.70000   1.27930e-03
  89.80000   1.28924e-03
  89.90000   1.29931e-03
  90.00000   1.30952e-03
  90.10000   1.31987e-03
  90.20000   1.33036e-03
  90.30000   1.34100e-03
  90.40000   1.35178e-03
  90.50000   1.36272e-03
  90.60000   1.37380e-03
  90.70000   1.38505e-03
  90.80000   1.39645e-03
  90.90000   1.40802e-03
  91.00000   1.41976e-03
  91.10000   1.43166e-03
  91.20000   1.44375e-03
  91.30000   1.45601e-03
  91.40000   1.46845e-03
  91.50000   1.48108e-03
  91.60000   1.49390e-03
  91.70000   1.50691e-03
  91.80000   1.52013e-03
  91.90000   1.53355e-03
  92.00000   1.54717e-03
  92.10000   1.56102e-03
  92.20000   1.57507e-03
  92.30000   1.58936e-03
  92.40000   1.60387e-03
  92.50000   1.61862e-03
  92.60000   1.63361e-03
  92.70000   1.64884e-03
  92.80000   1.66433e-03
  92.90000   1.68007e-03
  93.00000   1.69608e-03
  93.10000   1.71236e-03
  93.20000   1.72892e-03
  93.30000   1.74577e-03
  93.40000   1.76291e-03
  93.50000   1.78035e-03
  93.60000   1.79810e-03
  93.70000   1.81616e-03
  93.80000   1.83456e-03
  93.90000   1.85328e-03
  94.00000   1.87235e-03
  94.10000   1.89178e-03
  94.20000   1.91156e-03
  94.30000   1.93172e-03
  94.40000   1.95227e-03
  94.50000   1.97320e-03
  94.60000   1.99455e-03
  94.70000   2.01631e-03
  94.80000   2.03850e-03
  94.90000   2.06114e-03
  95.00000   2.08423e-03
  95.10000   2.10779e-03
  95.20000   2.13184e-03
  95.30000   2.15638e-03
  95.40000   2.18145e-03
  95.50000   2.20704e-03
  95.60000   2.23318e-03
  95.70000   2.25989e-03
  95.80000   2.28719e-03
  95.90000   2.31509e-03
  96.00000   2.34361e-03
  96.10000   2.37278e-03
  96.20000   2.40262e-03
  96.30000   2.43315e-03
  96.40000   2.46439e-03
  96.50000   2.49638e-03
  96.60000   2.52913e-03
  96.70000   2.56268e-03
  96.80000   2.59705e-03
  96.90000   2.63227e-03
  97.00000   2.66838e-03
  97.10000   2.70542e-03
  97.20000   2.74341e-03
  97.30000   2.78239e-03
  97.40000   2.82241e-03
  97.50000   2.86350e-03
  97.60000   2.90571e-03
  97.70000   2.94908e-03
  97.80000   2.99367e-03
  97.90000   3.03952e-03
  98.00000   3.08669e-03
  98.10000   3.13524e-03
  98.20000   3.18522e-03
  98.30000   3.23671e-03
  98.40000   3.28977e-03
  98.50000   3.34447e-03
  98.60000   3.40089e-03
  98.70000   3.45912e-03
  98.80000   3.51923e-03
  98.90000   3.58134e-03
  99.00000   3.64552e-03
  99.10000   3.71190e-03
  99.20000   3.78058e-03
  99.30000   3.85169e-03
  99.40000   3.92536e-03
  99.50000   4.00172e-03
  99.60000   4.08093e-03
  99.70000   4.16315e-03
  99.80000   4.24856e-03
  99.90000   4.33734e-03
 100.00000   4.42969e-03
 100.10000   4.52585e-03
 100.20000   4.62604e-03
 100.30000   4.73052e-03
 100.40000   4.83958e-03
 100.50000   4.95353e-03
 100.60000   5.07270e-03
 100.70000   5.19745e-03
 100.80000   5.32819e-03
 100.90000   5.46536e-03
 101.00000   5.60944e-03
 101.10000   5.76098e-03
 101.20000   5.92055e-03
 101.30000   6.08883e-03
 101.40000   6.26654e-03
 101.50000   6.45450e-03
 101.60000   6.65362e-03
 101.70000   6.86492e-03
 101.80000   7.08955e-03
 101.90000   7.32882e-03
 102.00000   7.58421e-03
 102.10000   7.85739e-03
 102.20000   8.15031e-03
 102.30000   8.46516e-03
 102.40000   8.80452e-03
 102.50000   9.17135e-03
 102.60000   9.56914e-03
 102.70000   1.00020e-02
 102.80000   1.04747e-02
 102.90000   1.09931e-02
 103.00000   1.15641e-02
 103.10000   1.21961e-02
 103.20000   1.28995e-02
 103.30000   1.36872e-02
 103.40000   1.45751e-02
 103.50000   1.55838e-02
 103.60000   1.67396e-02
 103.70000   1.80774e-02
 103.80000   1.96436e-02
 103.90000   2.15024e-02
 104.00000   2.37440e-02
 104.10000   2.65003e-02
 104.20000   2.99718e-02
 104.30000   3.44779e-02
 104.40000   4.05624e-02
 104.50000   4.92307e-02
 104.60000   6.25719e-02
 104.70000   8.57592e-02
 104.80000   1.36066e-01
 104.90000   8.48647e+00
 105.00000   8.48647e+00
