0
0
0
0
0
5
21
163
2518
7273
12515
17837
22251
25323
24942
21912
18778
15723
13350
10538
8504
6749
5232
4027
3680
3247
2628
2239
2123
1833
1683
1545
1307
1114
1145
1080
1053
866
761
832
871
758
751
682
720
573
659
631
695
537
532
515
586
536
490
511
462
429
452
440
449
459
434
387
445
346
403
288
321
371
384
280
364
326
322
335
275
215
313
322
284
267
259
229
245
239
234
219
200
258
237
206
164
186
241
182
198
180
184
236
184
224
146
189
223
146
147
147
121
126
123
145
135
117
109
141
125
146
104
105
129
92
107
109
94
95
93
133
108
72
57
105
69
100
58
55
67
69
84
59
62
61
112
86
75
58
59
69
60
58
