TABLE CRVTime
#1024 channels, sigma: 1.0, limitlow: -3.0, limithigh: 3.0
#channel,timeOffset
0,-0.498
1,-0.466
2,-0.498
3,-0.466
4,-0.498
5,-0.466
6,-0.498
7,-0.466
8,-0.498
9,-0.466
10,-0.498
11,-0.466
12,-0.498
13,-0.466
14,-0.498
15,-0.466
16,-0.498
17,-0.466
18,-0.498
19,-0.466
20,-0.498
21,-0.466
22,-0.498
23,-0.466
24,-0.498
25,-0.466
26,-0.498
27,-0.466
28,-0.498
29,-0.466
30,-0.498
31,-0.466
32,-0.498
33,-0.466
34,-0.498
35,-0.466
36,-0.498
37,-0.466
38,-0.498
39,-0.466
40,-0.498
41,-0.466
42,-0.498
43,-0.466
44,-0.498
45,-0.466
46,-0.498
47,-0.466
48,-0.498
49,-0.466
50,-0.498
51,-0.466
52,-0.498
53,-0.466
54,-0.498
55,-0.466
56,-0.498
57,-0.466
58,-0.498
59,-0.466
60,-0.498
61,-0.466
62,-0.498
63,-0.466
64,-0.498
65,-0.466
66,-0.498
67,-0.466
68,-0.498
69,-0.466
70,-0.498
71,-0.466
72,-0.498
73,-0.466
74,-0.498
75,-0.466
76,-0.498
77,-0.466
78,-0.498
79,-0.466
80,-0.498
81,-0.466
82,-0.498
83,-0.466
84,-0.498
85,-0.466
86,-0.498
87,-0.466
88,-0.498
89,-0.466
90,-0.498
91,-0.466
92,-0.498
93,-0.466
94,-0.498
95,-0.466
96,-0.498
97,-0.466
98,-0.498
99,-0.466
100,-0.498
101,-0.466
102,-0.498
103,-0.466
104,-0.498
105,-0.466
106,-0.498
107,-0.466
108,-0.498
109,-0.466
110,-0.498
111,-0.466
112,-0.498
113,-0.466
114,-0.498
115,-0.466
116,-0.498
117,-0.466
118,-0.498
119,-0.466
120,-0.498
121,-0.466
122,-0.498
123,-0.466
124,-0.498
125,-0.466
126,-0.498
127,-0.466
128,-1.395
129,0.547
130,-1.395
131,0.547
132,-1.395
133,0.547
134,-1.395
135,0.547
136,-1.395
137,0.547
138,-1.395
139,0.547
140,-1.395
141,0.547
142,-1.395
143,0.547
144,-1.395
145,0.547
146,-1.395
147,0.547
148,-1.395
149,0.547
150,-1.395
151,0.547
152,-1.395
153,0.547
154,-1.395
155,0.547
156,-1.395
157,0.547
158,-1.395
159,0.547
160,-1.395
161,0.547
162,-1.395
163,0.547
164,-1.395
165,0.547
166,-1.395
167,0.547
168,-1.395
169,0.547
170,-1.395
171,0.547
172,-1.395
173,0.547
174,-1.395
175,0.547
176,-1.395
177,0.547
178,-1.395
179,0.547
180,-1.395
181,0.547
182,-1.395
183,0.547
184,-1.395
185,0.547
186,-1.395
187,0.547
188,-1.395
189,0.547
190,-1.395
191,0.547
192,-1.395
193,0.547
194,-1.395
195,0.547
196,-1.395
197,0.547
198,-1.395
199,0.547
200,-1.395
201,0.547
202,-1.395
203,0.547
204,-1.395
205,0.547
206,-1.395
207,0.547
208,-1.395
209,0.547
210,-1.395
211,0.547
212,-1.395
213,0.547
214,-1.395
215,0.547
216,-1.395
217,0.547
218,-1.395
219,0.547
220,-1.395
221,0.547
222,-1.395
223,0.547
224,-1.395
225,0.547
226,-1.395
227,0.547
228,-1.395
229,0.547
230,-1.395
231,0.547
232,-1.395
233,0.547
234,-1.395
235,0.547
236,-1.395
237,0.547
238,-1.395
239,0.547
240,-1.395
241,0.547
242,-1.395
243,0.547
244,-1.395
245,0.547
246,-1.395
247,0.547
248,-1.395
249,0.547
250,-1.395
251,0.547
252,-1.395
253,0.547
254,-1.395
255,0.547
256,-0.454
257,0.898
258,-0.454
259,0.898
260,-0.454
261,0.898
262,-0.454
263,0.898
264,-0.454
265,0.898
266,-0.454
267,0.898
268,-0.454
269,0.898
270,-0.454
271,0.898
272,-0.454
273,0.898
274,-0.454
275,0.898
276,-0.454
277,0.898
278,-0.454
279,0.898
280,-0.454
281,0.898
282,-0.454
283,0.898
284,-0.454
285,0.898
286,-0.454
287,0.898
288,-0.454
289,0.898
290,-0.454
291,0.898
292,-0.454
293,0.898
294,-0.454
295,0.898
296,-0.454
297,0.898
298,-0.454
299,0.898
300,-0.454
301,0.898
302,-0.454
303,0.898
304,-0.454
305,0.898
306,-0.454
307,0.898
308,-0.454
309,0.898
310,-0.454
311,0.898
312,-0.454
313,0.898
314,-0.454
315,0.898
316,-0.454
317,0.898
318,-0.454
319,0.898
320,-0.454
321,0.898
322,-0.454
323,0.898
324,-0.454
325,0.898
326,-0.454
327,0.898
328,-0.454
329,0.898
330,-0.454
331,0.898
332,-0.454
333,0.898
334,-0.454
335,0.898
336,-0.454
337,0.898
338,-0.454
339,0.898
340,-0.454
341,0.898
342,-0.454
343,0.898
344,-0.454
345,0.898
346,-0.454
347,0.898
348,-0.454
349,0.898
350,-0.454
351,0.898
352,-0.454
353,0.898
354,-0.454
355,0.898
356,-0.454
357,0.898
358,-0.454
359,0.898
360,-0.454
361,0.898
362,-0.454
363,0.898
364,-0.454
365,0.898
366,-0.454
367,0.898
368,-0.454
369,0.898
370,-0.454
371,0.898
372,-0.454
373,0.898
374,-0.454
375,0.898
376,-0.454
377,0.898
378,-0.454
379,0.898
380,-0.454
381,0.898
382,-0.454
383,0.898
384,-1.556
385,-1.746
386,-1.556
387,-1.746
388,-1.556
389,-1.746
390,-1.556
391,-1.746
392,-1.556
393,-1.746
394,-1.556
395,-1.746
396,-1.556
397,-1.746
398,-1.556
399,-1.746
400,-1.556
401,-1.746
402,-1.556
403,-1.746
404,-1.556
405,-1.746
406,-1.556
407,-1.746
408,-1.556
409,-1.746
410,-1.556
411,-1.746
412,-1.556
413,-1.746
414,-1.556
415,-1.746
416,-1.556
417,-1.746
418,-1.556
419,-1.746
420,-1.556
421,-1.746
422,-1.556
423,-1.746
424,-1.556
425,-1.746
426,-1.556
427,-1.746
428,-1.556
429,-1.746
430,-1.556
431,-1.746
432,-1.556
433,-1.746
434,-1.556
435,-1.746
436,-1.556
437,-1.746
438,-1.556
439,-1.746
440,-1.556
441,-1.746
442,-1.556
443,-1.746
444,-1.556
445,-1.746
446,-1.556
447,-1.746
448,-1.556
449,-1.746
450,-1.556
451,-1.746
452,-1.556
453,-1.746
454,-1.556
455,-1.746
456,-1.556
457,-1.746
458,-1.556
459,-1.746
460,-1.556
461,-1.746
462,-1.556
463,-1.746
464,-1.556
465,-1.746
466,-1.556
467,-1.746
468,-1.556
469,-1.746
470,-1.556
471,-1.746
472,-1.556
473,-1.746
474,-1.556
475,-1.746
476,-1.556
477,-1.746
478,-1.556
479,-1.746
480,-1.556
481,-1.746
482,-1.556
483,-1.746
484,-1.556
485,-1.746
486,-1.556
487,-1.746
488,-1.556
489,-1.746
490,-1.556
491,-1.746
492,-1.556
493,-1.746
494,-1.556
495,-1.746
496,-1.556
497,-1.746
498,-1.556
499,-1.746
500,-1.556
501,-1.746
502,-1.556
503,-1.746
504,-1.556
505,-1.746
506,-1.556
507,-1.746
508,-1.556
509,-1.746
510,-1.556
511,-1.746
512,-0.363
513,1.135
514,-0.363
515,1.135
516,-0.363
517,1.135
518,-0.363
519,1.135
520,-0.363
521,1.135
522,-0.363
523,1.135
524,-0.363
525,1.135
526,-0.363
527,1.135
528,-0.363
529,1.135
530,-0.363
531,1.135
532,-0.363
533,1.135
534,-0.363
535,1.135
536,-0.363
537,1.135
538,-0.363
539,1.135
540,-0.363
541,1.135
542,-0.363
543,1.135
544,-0.363
545,1.135
546,-0.363
547,1.135
548,-0.363
549,1.135
550,-0.363
551,1.135
552,-0.363
553,1.135
554,-0.363
555,1.135
556,-0.363
557,1.135
558,-0.363
559,1.135
560,-0.363
561,1.135
562,-0.363
563,1.135
564,-0.363
565,1.135
566,-0.363
567,1.135
568,-0.363
569,1.135
570,-0.363
571,1.135
572,-0.363
573,1.135
574,-0.363
575,1.135
576,-0.363
577,1.135
578,-0.363
579,1.135
580,-0.363
581,1.135
582,-0.363
583,1.135
584,-0.363
585,1.135
586,-0.363
587,1.135
588,-0.363
589,1.135
590,-0.363
591,1.135
592,-0.363
593,1.135
594,-0.363
595,1.135
596,-0.363
597,1.135
598,-0.363
599,1.135
600,-0.363
601,1.135
602,-0.363
603,1.135
604,-0.363
605,1.135
606,-0.363
607,1.135
608,-0.363
609,1.135
610,-0.363
611,1.135
612,-0.363
613,1.135
614,-0.363
615,1.135
616,-0.363
617,1.135
618,-0.363
619,1.135
620,-0.363
621,1.135
622,-0.363
623,1.135
624,-0.363
625,1.135
626,-0.363
627,1.135
628,-0.363
629,1.135
630,-0.363
631,1.135
632,-0.363
633,1.135
634,-0.363
635,1.135
636,-0.363
637,1.135
638,-0.363
639,1.135
640,-2.373
641,-0.389
642,-2.373
643,-0.389
644,-2.373
645,-0.389
646,-2.373
647,-0.389
648,-2.373
649,-0.389
650,-2.373
651,-0.389
652,-2.373
653,-0.389
654,-2.373
655,-0.389
656,-2.373
657,-0.389
658,-2.373
659,-0.389
660,-2.373
661,-0.389
662,-2.373
663,-0.389
664,-2.373
665,-0.389
666,-2.373
667,-0.389
668,-2.373
669,-0.389
670,-2.373
671,-0.389
672,-2.373
673,-0.389
674,-2.373
675,-0.389
676,-2.373
677,-0.389
678,-2.373
679,-0.389
680,-2.373
681,-0.389
682,-2.373
683,-0.389
684,-2.373
685,-0.389
686,-2.373
687,-0.389
688,-2.373
689,-0.389
690,-2.373
691,-0.389
692,-2.373
693,-0.389
694,-2.373
695,-0.389
696,-2.373
697,-0.389
698,-2.373
699,-0.389
700,-2.373
701,-0.389
702,-2.373
703,-0.389
704,-2.373
705,-0.389
706,-2.373
707,-0.389
708,-2.373
709,-0.389
710,-2.373
711,-0.389
712,-2.373
713,-0.389
714,-2.373
715,-0.389
716,-2.373
717,-0.389
718,-2.373
719,-0.389
720,-2.373
721,-0.389
722,-2.373
723,-0.389
724,-2.373
725,-0.389
726,-2.373
727,-0.389
728,-2.373
729,-0.389
730,-2.373
731,-0.389
732,-2.373
733,-0.389
734,-2.373
735,-0.389
736,-2.373
737,-0.389
738,-2.373
739,-0.389
740,-2.373
741,-0.389
742,-2.373
743,-0.389
744,-2.373
745,-0.389
746,-2.373
747,-0.389
748,-2.373
749,-0.389
750,-2.373
751,-0.389
752,-2.373
753,-0.389
754,-2.373
755,-0.389
756,-2.373
757,-0.389
758,-2.373
759,-0.389
760,-2.373
761,-0.389
762,-2.373
763,-0.389
764,-2.373
765,-0.389
766,-2.373
767,-0.389
768,1.002
769,-0.292
770,1.002
771,-0.292
772,1.002
773,-0.292
774,1.002
775,-0.292
776,1.002
777,-0.292
778,1.002
779,-0.292
780,1.002
781,-0.292
782,1.002
783,-0.292
784,1.002
785,-0.292
786,1.002
787,-0.292
788,1.002
789,-0.292
790,1.002
791,-0.292
792,1.002
793,-0.292
794,1.002
795,-0.292
796,1.002
797,-0.292
798,1.002
799,-0.292
800,1.002
801,-0.292
802,1.002
803,-0.292
804,1.002
805,-0.292
806,1.002
807,-0.292
808,1.002
809,-0.292
810,1.002
811,-0.292
812,1.002
813,-0.292
814,1.002
815,-0.292
816,1.002
817,-0.292
818,1.002
819,-0.292
820,1.002
821,-0.292
822,1.002
823,-0.292
824,1.002
825,-0.292
826,1.002
827,-0.292
828,1.002
829,-0.292
830,1.002
831,-0.292
832,1.002
833,-0.292
834,1.002
835,-0.292
836,1.002
837,-0.292
838,1.002
839,-0.292
840,1.002
841,-0.292
842,1.002
843,-0.292
844,1.002
845,-0.292
846,1.002
847,-0.292
848,1.002
849,-0.292
850,1.002
851,-0.292
852,1.002
853,-0.292
854,1.002
855,-0.292
856,1.002
857,-0.292
858,1.002
859,-0.292
860,1.002
861,-0.292
862,1.002
863,-0.292
864,1.002
865,-0.292
866,1.002
867,-0.292
868,1.002
869,-0.292
870,1.002
871,-0.292
872,1.002
873,-0.292
874,1.002
875,-0.292
876,1.002
877,-0.292
878,1.002
879,-0.292
880,1.002
881,-0.292
882,1.002
883,-0.292
884,1.002
885,-0.292
886,1.002
887,-0.292
888,1.002
889,-0.292
890,1.002
891,-0.292
892,1.002
893,-0.292
894,1.002
895,-0.292
896,-0.213
897,-0.197
898,-0.213
899,-0.197
900,-0.213
901,-0.197
902,-0.213
903,-0.197
904,-0.213
905,-0.197
906,-0.213
907,-0.197
908,-0.213
909,-0.197
910,-0.213
911,-0.197
912,-0.213
913,-0.197
914,-0.213
915,-0.197
916,-0.213
917,-0.197
918,-0.213
919,-0.197
920,-0.213
921,-0.197
922,-0.213
923,-0.197
924,-0.213
925,-0.197
926,-0.213
927,-0.197
928,-0.213
929,-0.197
930,-0.213
931,-0.197
932,-0.213
933,-0.197
934,-0.213
935,-0.197
936,-0.213
937,-0.197
938,-0.213
939,-0.197
940,-0.213
941,-0.197
942,-0.213
943,-0.197
944,-0.213
945,-0.197
946,-0.213
947,-0.197
948,-0.213
949,-0.197
950,-0.213
951,-0.197
952,-0.213
953,-0.197
954,-0.213
955,-0.197
956,-0.213
957,-0.197
958,-0.213
959,-0.197
960,-0.213
961,-0.197
962,-0.213
963,-0.197
964,-0.213
965,-0.197
966,-0.213
967,-0.197
968,-0.213
969,-0.197
970,-0.213
971,-0.197
972,-0.213
973,-0.197
974,-0.213
975,-0.197
976,-0.213
977,-0.197
978,-0.213
979,-0.197
980,-0.213
981,-0.197
982,-0.213
983,-0.197
984,-0.213
985,-0.197
986,-0.213
987,-0.197
988,-0.213
989,-0.197
990,-0.213
991,-0.197
992,-0.213
993,-0.197
994,-0.213
995,-0.197
996,-0.213
997,-0.197
998,-0.213
999,-0.197
1000,-0.213
1001,-0.197
1002,-0.213
1003,-0.197
1004,-0.213
1005,-0.197
1006,-0.213
1007,-0.197
1008,-0.213
1009,-0.197
1010,-0.213
1011,-0.197
1012,-0.213
1013,-0.197
1014,-0.213
1015,-0.197
1016,-0.213
1017,-0.197
1018,-0.213
1019,-0.197
1020,-0.213
1021,-0.197
1022,-0.213
1023,-0.197
TABLE CRVSiPM
#channel,pedestal,calibPulseHeight,calibPulseArea
0,100.0,11.4,394.6
1,100.0,11.4,394.6
2,100.0,11.4,394.6
3,100.0,11.4,394.6
4,100.0,11.4,394.6
5,100.0,11.4,394.6
6,100.0,11.4,394.6
7,100.0,11.4,394.6
8,100.0,11.4,394.6
9,100.0,11.4,394.6
10,100.0,11.4,394.6
11,100.0,11.4,394.6
12,100.0,11.4,394.6
13,100.0,11.4,394.6
14,100.0,11.4,394.6
15,100.0,11.4,394.6
16,100.0,11.4,394.6
17,100.0,11.4,394.6
18,100.0,11.4,394.6
19,100.0,11.4,394.6
20,100.0,11.4,394.6
21,100.0,11.4,394.6
22,100.0,11.4,394.6
23,100.0,11.4,394.6
24,100.0,11.4,394.6
25,100.0,11.4,394.6
26,100.0,11.4,394.6
27,100.0,11.4,394.6
28,100.0,11.4,394.6
29,100.0,11.4,394.6
30,100.0,11.4,394.6
31,100.0,11.4,394.6
32,100.0,11.4,394.6
33,100.0,11.4,394.6
34,100.0,11.4,394.6
35,100.0,11.4,394.6
36,100.0,11.4,394.6
37,100.0,11.4,394.6
38,100.0,11.4,394.6
39,100.0,11.4,394.6
40,100.0,11.4,394.6
41,100.0,11.4,394.6
42,100.0,11.4,394.6
43,100.0,11.4,394.6
44,100.0,11.4,394.6
45,100.0,11.4,394.6
46,100.0,11.4,394.6
47,100.0,11.4,394.6
48,100.0,11.4,394.6
49,100.0,11.4,394.6
50,100.0,11.4,394.6
51,100.0,11.4,394.6
52,100.0,11.4,394.6
53,100.0,11.4,394.6
54,100.0,11.4,394.6
55,100.0,11.4,394.6
56,100.0,11.4,394.6
57,100.0,11.4,394.6
58,100.0,11.4,394.6
59,100.0,11.4,394.6
60,100.0,11.4,394.6
61,100.0,11.4,394.6
62,100.0,11.4,394.6
63,100.0,11.4,394.6
64,100.0,11.4,394.6
65,100.0,11.4,394.6
66,100.0,11.4,394.6
67,100.0,11.4,394.6
68,100.0,11.4,394.6
69,100.0,11.4,394.6
70,100.0,11.4,394.6
71,100.0,11.4,394.6
72,100.0,11.4,394.6
73,100.0,11.4,394.6
74,100.0,11.4,394.6
75,100.0,11.4,394.6
76,100.0,11.4,394.6
77,100.0,11.4,394.6
78,100.0,11.4,394.6
79,100.0,11.4,394.6
80,100.0,11.4,394.6
81,100.0,11.4,394.6
82,100.0,11.4,394.6
83,100.0,11.4,394.6
84,100.0,11.4,394.6
85,100.0,11.4,394.6
86,100.0,11.4,394.6
87,100.0,11.4,394.6
88,100.0,11.4,394.6
89,100.0,11.4,394.6
90,100.0,11.4,394.6
91,100.0,11.4,394.6
92,100.0,11.4,394.6
93,100.0,11.4,394.6
94,100.0,11.4,394.6
95,100.0,11.4,394.6
96,100.0,11.4,394.6
97,100.0,11.4,394.6
98,100.0,11.4,394.6
99,100.0,11.4,394.6
100,100.0,11.4,394.6
101,100.0,11.4,394.6
102,100.0,11.4,394.6
103,100.0,11.4,394.6
104,100.0,11.4,394.6
105,100.0,11.4,394.6
106,100.0,11.4,394.6
107,100.0,11.4,394.6
108,100.0,11.4,394.6
109,100.0,11.4,394.6
110,100.0,11.4,394.6
111,100.0,11.4,394.6
112,100.0,11.4,394.6
113,100.0,11.4,394.6
114,100.0,11.4,394.6
115,100.0,11.4,394.6
116,100.0,11.4,394.6
117,100.0,11.4,394.6
118,100.0,11.4,394.6
119,100.0,11.4,394.6
120,100.0,11.4,394.6
121,100.0,11.4,394.6
122,100.0,11.4,394.6
123,100.0,11.4,394.6
124,100.0,11.4,394.6
125,100.0,11.4,394.6
126,100.0,11.4,394.6
127,100.0,11.4,394.6
128,100.0,11.4,394.6
129,100.0,11.4,394.6
130,100.0,11.4,394.6
131,100.0,11.4,394.6
132,100.0,11.4,394.6
133,100.0,11.4,394.6
134,100.0,11.4,394.6
135,100.0,11.4,394.6
136,100.0,11.4,394.6
137,100.0,11.4,394.6
138,100.0,11.4,394.6
139,100.0,11.4,394.6
140,100.0,11.4,394.6
141,100.0,11.4,394.6
142,100.0,11.4,394.6
143,100.0,11.4,394.6
144,100.0,11.4,394.6
145,100.0,11.4,394.6
146,100.0,11.4,394.6
147,100.0,11.4,394.6
148,100.0,11.4,394.6
149,100.0,11.4,394.6
150,100.0,11.4,394.6
151,100.0,11.4,394.6
152,100.0,11.4,394.6
153,100.0,11.4,394.6
154,100.0,11.4,394.6
155,100.0,11.4,394.6
156,100.0,11.4,394.6
157,100.0,11.4,394.6
158,100.0,11.4,394.6
159,100.0,11.4,394.6
160,100.0,11.4,394.6
161,100.0,11.4,394.6
162,100.0,11.4,394.6
163,100.0,11.4,394.6
164,100.0,11.4,394.6
165,100.0,11.4,394.6
166,100.0,11.4,394.6
167,100.0,11.4,394.6
168,100.0,11.4,394.6
169,100.0,11.4,394.6
170,100.0,11.4,394.6
171,100.0,11.4,394.6
172,100.0,11.4,394.6
173,100.0,11.4,394.6
174,100.0,11.4,394.6
175,100.0,11.4,394.6
176,100.0,11.4,394.6
177,100.0,11.4,394.6
178,100.0,11.4,394.6
179,100.0,11.4,394.6
180,100.0,11.4,394.6
181,100.0,11.4,394.6
182,100.0,11.4,394.6
183,100.0,11.4,394.6
184,100.0,11.4,394.6
185,100.0,11.4,394.6
186,100.0,11.4,394.6
187,100.0,11.4,394.6
188,100.0,11.4,394.6
189,100.0,11.4,394.6
190,100.0,11.4,394.6
191,100.0,11.4,394.6
192,100.0,11.4,394.6
193,100.0,11.4,394.6
194,100.0,11.4,394.6
195,100.0,11.4,394.6
196,100.0,11.4,394.6
197,100.0,11.4,394.6
198,100.0,11.4,394.6
199,100.0,11.4,394.6
200,100.0,11.4,394.6
201,100.0,11.4,394.6
202,100.0,11.4,394.6
203,100.0,11.4,394.6
204,100.0,11.4,394.6
205,100.0,11.4,394.6
206,100.0,11.4,394.6
207,100.0,11.4,394.6
208,100.0,11.4,394.6
209,100.0,11.4,394.6
210,100.0,11.4,394.6
211,100.0,11.4,394.6
212,100.0,11.4,394.6
213,100.0,11.4,394.6
214,100.0,11.4,394.6
215,100.0,11.4,394.6
216,100.0,11.4,394.6
217,100.0,11.4,394.6
218,100.0,11.4,394.6
219,100.0,11.4,394.6
220,100.0,11.4,394.6
221,100.0,11.4,394.6
222,100.0,11.4,394.6
223,100.0,11.4,394.6
224,100.0,11.4,394.6
225,100.0,11.4,394.6
226,100.0,11.4,394.6
227,100.0,11.4,394.6
228,100.0,11.4,394.6
229,100.0,11.4,394.6
230,100.0,11.4,394.6
231,100.0,11.4,394.6
232,100.0,11.4,394.6
233,100.0,11.4,394.6
234,100.0,11.4,394.6
235,100.0,11.4,394.6
236,100.0,11.4,394.6
237,100.0,11.4,394.6
238,100.0,11.4,394.6
239,100.0,11.4,394.6
240,100.0,11.4,394.6
241,100.0,11.4,394.6
242,100.0,11.4,394.6
243,100.0,11.4,394.6
244,100.0,11.4,394.6
245,100.0,11.4,394.6
246,100.0,11.4,394.6
247,100.0,11.4,394.6
248,100.0,11.4,394.6
249,100.0,11.4,394.6
250,100.0,11.4,394.6
251,100.0,11.4,394.6
252,100.0,11.4,394.6
253,100.0,11.4,394.6
254,100.0,11.4,394.6
255,100.0,11.4,394.6
256,100.0,11.4,394.6
257,100.0,11.4,394.6
258,100.0,11.4,394.6
259,100.0,11.4,394.6
260,100.0,11.4,394.6
261,100.0,11.4,394.6
262,100.0,11.4,394.6
263,100.0,11.4,394.6
264,100.0,11.4,394.6
265,100.0,11.4,394.6
266,100.0,11.4,394.6
267,100.0,11.4,394.6
268,100.0,11.4,394.6
269,100.0,11.4,394.6
270,100.0,11.4,394.6
271,100.0,11.4,394.6
272,100.0,11.4,394.6
273,100.0,11.4,394.6
274,100.0,11.4,394.6
275,100.0,11.4,394.6
276,100.0,11.4,394.6
277,100.0,11.4,394.6
278,100.0,11.4,394.6
279,100.0,11.4,394.6
280,100.0,11.4,394.6
281,100.0,11.4,394.6
282,100.0,11.4,394.6
283,100.0,11.4,394.6
284,100.0,11.4,394.6
285,100.0,11.4,394.6
286,100.0,11.4,394.6
287,100.0,11.4,394.6
288,100.0,11.4,394.6
289,100.0,11.4,394.6
290,100.0,11.4,394.6
291,100.0,11.4,394.6
292,100.0,11.4,394.6
293,100.0,11.4,394.6
294,100.0,11.4,394.6
295,100.0,11.4,394.6
296,100.0,11.4,394.6
297,100.0,11.4,394.6
298,100.0,11.4,394.6
299,100.0,11.4,394.6
300,100.0,11.4,394.6
301,100.0,11.4,394.6
302,100.0,11.4,394.6
303,100.0,11.4,394.6
304,100.0,11.4,394.6
305,100.0,11.4,394.6
306,100.0,11.4,394.6
307,100.0,11.4,394.6
308,100.0,11.4,394.6
309,100.0,11.4,394.6
310,100.0,11.4,394.6
311,100.0,11.4,394.6
312,100.0,11.4,394.6
313,100.0,11.4,394.6
314,100.0,11.4,394.6
315,100.0,11.4,394.6
316,100.0,11.4,394.6
317,100.0,11.4,394.6
318,100.0,11.4,394.6
319,100.0,11.4,394.6
320,100.0,11.4,394.6
321,100.0,11.4,394.6
322,100.0,11.4,394.6
323,100.0,11.4,394.6
324,100.0,11.4,394.6
325,100.0,11.4,394.6
326,100.0,11.4,394.6
327,100.0,11.4,394.6
328,100.0,11.4,394.6
329,100.0,11.4,394.6
330,100.0,11.4,394.6
331,100.0,11.4,394.6
332,100.0,11.4,394.6
333,100.0,11.4,394.6
334,100.0,11.4,394.6
335,100.0,11.4,394.6
336,100.0,11.4,394.6
337,100.0,11.4,394.6
338,100.0,11.4,394.6
339,100.0,11.4,394.6
340,100.0,11.4,394.6
341,100.0,11.4,394.6
342,100.0,11.4,394.6
343,100.0,11.4,394.6
344,100.0,11.4,394.6
345,100.0,11.4,394.6
346,100.0,11.4,394.6
347,100.0,11.4,394.6
348,100.0,11.4,394.6
349,100.0,11.4,394.6
350,100.0,11.4,394.6
351,100.0,11.4,394.6
352,100.0,11.4,394.6
353,100.0,11.4,394.6
354,100.0,11.4,394.6
355,100.0,11.4,394.6
356,100.0,11.4,394.6
357,100.0,11.4,394.6
358,100.0,11.4,394.6
359,100.0,11.4,394.6
360,100.0,11.4,394.6
361,100.0,11.4,394.6
362,100.0,11.4,394.6
363,100.0,11.4,394.6
364,100.0,11.4,394.6
365,100.0,11.4,394.6
366,100.0,11.4,394.6
367,100.0,11.4,394.6
368,100.0,11.4,394.6
369,100.0,11.4,394.6
370,100.0,11.4,394.6
371,100.0,11.4,394.6
372,100.0,11.4,394.6
373,100.0,11.4,394.6
374,100.0,11.4,394.6
375,100.0,11.4,394.6
376,100.0,11.4,394.6
377,100.0,11.4,394.6
378,100.0,11.4,394.6
379,100.0,11.4,394.6
380,100.0,11.4,394.6
381,100.0,11.4,394.6
382,100.0,11.4,394.6
383,100.0,11.4,394.6
384,100.0,11.4,394.6
385,100.0,11.4,394.6
386,100.0,11.4,394.6
387,100.0,11.4,394.6
388,100.0,11.4,394.6
389,100.0,11.4,394.6
390,100.0,11.4,394.6
391,100.0,11.4,394.6
392,100.0,11.4,394.6
393,100.0,11.4,394.6
394,100.0,11.4,394.6
395,100.0,11.4,394.6
396,100.0,11.4,394.6
397,100.0,11.4,394.6
398,100.0,11.4,394.6
399,100.0,11.4,394.6
400,100.0,11.4,394.6
401,100.0,11.4,394.6
402,100.0,11.4,394.6
403,100.0,11.4,394.6
404,100.0,11.4,394.6
405,100.0,11.4,394.6
406,100.0,11.4,394.6
407,100.0,11.4,394.6
408,100.0,11.4,394.6
409,100.0,11.4,394.6
410,100.0,11.4,394.6
411,100.0,11.4,394.6
412,100.0,11.4,394.6
413,100.0,11.4,394.6
414,100.0,11.4,394.6
415,100.0,11.4,394.6
416,100.0,11.4,394.6
417,100.0,11.4,394.6
418,100.0,11.4,394.6
419,100.0,11.4,394.6
420,100.0,11.4,394.6
421,100.0,11.4,394.6
422,100.0,11.4,394.6
423,100.0,11.4,394.6
424,100.0,11.4,394.6
425,100.0,11.4,394.6
426,100.0,11.4,394.6
427,100.0,11.4,394.6
428,100.0,11.4,394.6
429,100.0,11.4,394.6
430,100.0,11.4,394.6
431,100.0,11.4,394.6
432,100.0,11.4,394.6
433,100.0,11.4,394.6
434,100.0,11.4,394.6
435,100.0,11.4,394.6
436,100.0,11.4,394.6
437,100.0,11.4,394.6
438,100.0,11.4,394.6
439,100.0,11.4,394.6
440,100.0,11.4,394.6
441,100.0,11.4,394.6
442,100.0,11.4,394.6
443,100.0,11.4,394.6
444,100.0,11.4,394.6
445,100.0,11.4,394.6
446,100.0,11.4,394.6
447,100.0,11.4,394.6
448,100.0,11.4,394.6
449,100.0,11.4,394.6
450,100.0,11.4,394.6
451,100.0,11.4,394.6
452,100.0,11.4,394.6
453,100.0,11.4,394.6
454,100.0,11.4,394.6
455,100.0,11.4,394.6
456,100.0,11.4,394.6
457,100.0,11.4,394.6
458,100.0,11.4,394.6
459,100.0,11.4,394.6
460,100.0,11.4,394.6
461,100.0,11.4,394.6
462,100.0,11.4,394.6
463,100.0,11.4,394.6
464,100.0,11.4,394.6
465,100.0,11.4,394.6
466,100.0,11.4,394.6
467,100.0,11.4,394.6
468,100.0,11.4,394.6
469,100.0,11.4,394.6
470,100.0,11.4,394.6
471,100.0,11.4,394.6
472,100.0,11.4,394.6
473,100.0,11.4,394.6
474,100.0,11.4,394.6
475,100.0,11.4,394.6
476,100.0,11.4,394.6
477,100.0,11.4,394.6
478,100.0,11.4,394.6
479,100.0,11.4,394.6
480,100.0,11.4,394.6
481,100.0,11.4,394.6
482,100.0,11.4,394.6
483,100.0,11.4,394.6
484,100.0,11.4,394.6
485,100.0,11.4,394.6
486,100.0,11.4,394.6
487,100.0,11.4,394.6
488,100.0,11.4,394.6
489,100.0,11.4,394.6
490,100.0,11.4,394.6
491,100.0,11.4,394.6
492,100.0,11.4,394.6
493,100.0,11.4,394.6
494,100.0,11.4,394.6
495,100.0,11.4,394.6
496,100.0,11.4,394.6
497,100.0,11.4,394.6
498,100.0,11.4,394.6
499,100.0,11.4,394.6
500,100.0,11.4,394.6
501,100.0,11.4,394.6
502,100.0,11.4,394.6
503,100.0,11.4,394.6
504,100.0,11.4,394.6
505,100.0,11.4,394.6
506,100.0,11.4,394.6
507,100.0,11.4,394.6
508,100.0,11.4,394.6
509,100.0,11.4,394.6
510,100.0,11.4,394.6
511,100.0,11.4,394.6
512,100.0,11.4,394.6
513,100.0,11.4,394.6
514,100.0,11.4,394.6
515,100.0,11.4,394.6
516,100.0,11.4,394.6
517,100.0,11.4,394.6
518,100.0,11.4,394.6
519,100.0,11.4,394.6
520,100.0,11.4,394.6
521,100.0,11.4,394.6
522,100.0,11.4,394.6
523,100.0,11.4,394.6
524,100.0,11.4,394.6
525,100.0,11.4,394.6
526,100.0,11.4,394.6
527,100.0,11.4,394.6
528,100.0,11.4,394.6
529,100.0,11.4,394.6
530,100.0,11.4,394.6
531,100.0,11.4,394.6
532,100.0,11.4,394.6
533,100.0,11.4,394.6
534,100.0,11.4,394.6
535,100.0,11.4,394.6
536,100.0,11.4,394.6
537,100.0,11.4,394.6
538,100.0,11.4,394.6
539,100.0,11.4,394.6
540,100.0,11.4,394.6
541,100.0,11.4,394.6
542,100.0,11.4,394.6
543,100.0,11.4,394.6
544,100.0,11.4,394.6
545,100.0,11.4,394.6
546,100.0,11.4,394.6
547,100.0,11.4,394.6
548,100.0,11.4,394.6
549,100.0,11.4,394.6
550,100.0,11.4,394.6
551,100.0,11.4,394.6
552,100.0,11.4,394.6
553,100.0,11.4,394.6
554,100.0,11.4,394.6
555,100.0,11.4,394.6
556,100.0,11.4,394.6
557,100.0,11.4,394.6
558,100.0,11.4,394.6
559,100.0,11.4,394.6
560,100.0,11.4,394.6
561,100.0,11.4,394.6
562,100.0,11.4,394.6
563,100.0,11.4,394.6
564,100.0,11.4,394.6
565,100.0,11.4,394.6
566,100.0,11.4,394.6
567,100.0,11.4,394.6
568,100.0,11.4,394.6
569,100.0,11.4,394.6
570,100.0,11.4,394.6
571,100.0,11.4,394.6
572,100.0,11.4,394.6
573,100.0,11.4,394.6
574,100.0,11.4,394.6
575,100.0,11.4,394.6
576,100.0,11.4,394.6
577,100.0,11.4,394.6
578,100.0,11.4,394.6
579,100.0,11.4,394.6
580,100.0,11.4,394.6
581,100.0,11.4,394.6
582,100.0,11.4,394.6
583,100.0,11.4,394.6
584,100.0,11.4,394.6
585,100.0,11.4,394.6
586,100.0,11.4,394.6
587,100.0,11.4,394.6
588,100.0,11.4,394.6
589,100.0,11.4,394.6
590,100.0,11.4,394.6
591,100.0,11.4,394.6
592,100.0,11.4,394.6
593,100.0,11.4,394.6
594,100.0,11.4,394.6
595,100.0,11.4,394.6
596,100.0,11.4,394.6
597,100.0,11.4,394.6
598,100.0,11.4,394.6
599,100.0,11.4,394.6
600,100.0,11.4,394.6
601,100.0,11.4,394.6
602,100.0,11.4,394.6
603,100.0,11.4,394.6
604,100.0,11.4,394.6
605,100.0,11.4,394.6
606,100.0,11.4,394.6
607,100.0,11.4,394.6
608,100.0,11.4,394.6
609,100.0,11.4,394.6
610,100.0,11.4,394.6
611,100.0,11.4,394.6
612,100.0,11.4,394.6
613,100.0,11.4,394.6
614,100.0,11.4,394.6
615,100.0,11.4,394.6
616,100.0,11.4,394.6
617,100.0,11.4,394.6
618,100.0,11.4,394.6
619,100.0,11.4,394.6
620,100.0,11.4,394.6
621,100.0,11.4,394.6
622,100.0,11.4,394.6
623,100.0,11.4,394.6
624,100.0,11.4,394.6
625,100.0,11.4,394.6
626,100.0,11.4,394.6
627,100.0,11.4,394.6
628,100.0,11.4,394.6
629,100.0,11.4,394.6
630,100.0,11.4,394.6
631,100.0,11.4,394.6
632,100.0,11.4,394.6
633,100.0,11.4,394.6
634,100.0,11.4,394.6
635,100.0,11.4,394.6
636,100.0,11.4,394.6
637,100.0,11.4,394.6
638,100.0,11.4,394.6
639,100.0,11.4,394.6
640,100.0,11.4,394.6
641,100.0,11.4,394.6
642,100.0,11.4,394.6
643,100.0,11.4,394.6
644,100.0,11.4,394.6
645,100.0,11.4,394.6
646,100.0,11.4,394.6
647,100.0,11.4,394.6
648,100.0,11.4,394.6
649,100.0,11.4,394.6
650,100.0,11.4,394.6
651,100.0,11.4,394.6
652,100.0,11.4,394.6
653,100.0,11.4,394.6
654,100.0,11.4,394.6
655,100.0,11.4,394.6
656,100.0,11.4,394.6
657,100.0,11.4,394.6
658,100.0,11.4,394.6
659,100.0,11.4,394.6
660,100.0,11.4,394.6
661,100.0,11.4,394.6
662,100.0,11.4,394.6
663,100.0,11.4,394.6
664,100.0,11.4,394.6
665,100.0,11.4,394.6
666,100.0,11.4,394.6
667,100.0,11.4,394.6
668,100.0,11.4,394.6
669,100.0,11.4,394.6
670,100.0,11.4,394.6
671,100.0,11.4,394.6
672,100.0,11.4,394.6
673,100.0,11.4,394.6
674,100.0,11.4,394.6
675,100.0,11.4,394.6
676,100.0,11.4,394.6
677,100.0,11.4,394.6
678,100.0,11.4,394.6
679,100.0,11.4,394.6
680,100.0,11.4,394.6
681,100.0,11.4,394.6
682,100.0,11.4,394.6
683,100.0,11.4,394.6
684,100.0,11.4,394.6
685,100.0,11.4,394.6
686,100.0,11.4,394.6
687,100.0,11.4,394.6
688,100.0,11.4,394.6
689,100.0,11.4,394.6
690,100.0,11.4,394.6
691,100.0,11.4,394.6
692,100.0,11.4,394.6
693,100.0,11.4,394.6
694,100.0,11.4,394.6
695,100.0,11.4,394.6
696,100.0,11.4,394.6
697,100.0,11.4,394.6
698,100.0,11.4,394.6
699,100.0,11.4,394.6
700,100.0,11.4,394.6
701,100.0,11.4,394.6
702,100.0,11.4,394.6
703,100.0,11.4,394.6
704,100.0,11.4,394.6
705,100.0,11.4,394.6
706,100.0,11.4,394.6
707,100.0,11.4,394.6
708,100.0,11.4,394.6
709,100.0,11.4,394.6
710,100.0,11.4,394.6
711,100.0,11.4,394.6
712,100.0,11.4,394.6
713,100.0,11.4,394.6
714,100.0,11.4,394.6
715,100.0,11.4,394.6
716,100.0,11.4,394.6
717,100.0,11.4,394.6
718,100.0,11.4,394.6
719,100.0,11.4,394.6
720,100.0,11.4,394.6
721,100.0,11.4,394.6
722,100.0,11.4,394.6
723,100.0,11.4,394.6
724,100.0,11.4,394.6
725,100.0,11.4,394.6
726,100.0,11.4,394.6
727,100.0,11.4,394.6
728,100.0,11.4,394.6
729,100.0,11.4,394.6
730,100.0,11.4,394.6
731,100.0,11.4,394.6
732,100.0,11.4,394.6
733,100.0,11.4,394.6
734,100.0,11.4,394.6
735,100.0,11.4,394.6
736,100.0,11.4,394.6
737,100.0,11.4,394.6
738,100.0,11.4,394.6
739,100.0,11.4,394.6
740,100.0,11.4,394.6
741,100.0,11.4,394.6
742,100.0,11.4,394.6
743,100.0,11.4,394.6
744,100.0,11.4,394.6
745,100.0,11.4,394.6
746,100.0,11.4,394.6
747,100.0,11.4,394.6
748,100.0,11.4,394.6
749,100.0,11.4,394.6
750,100.0,11.4,394.6
751,100.0,11.4,394.6
752,100.0,11.4,394.6
753,100.0,11.4,394.6
754,100.0,11.4,394.6
755,100.0,11.4,394.6
756,100.0,11.4,394.6
757,100.0,11.4,394.6
758,100.0,11.4,394.6
759,100.0,11.4,394.6
760,100.0,11.4,394.6
761,100.0,11.4,394.6
762,100.0,11.4,394.6
763,100.0,11.4,394.6
764,100.0,11.4,394.6
765,100.0,11.4,394.6
766,100.0,11.4,394.6
767,100.0,11.4,394.6
768,100.0,11.4,394.6
769,100.0,11.4,394.6
770,100.0,11.4,394.6
771,100.0,11.4,394.6
772,100.0,11.4,394.6
773,100.0,11.4,394.6
774,100.0,11.4,394.6
775,100.0,11.4,394.6
776,100.0,11.4,394.6
777,100.0,11.4,394.6
778,100.0,11.4,394.6
779,100.0,11.4,394.6
780,100.0,11.4,394.6
781,100.0,11.4,394.6
782,100.0,11.4,394.6
783,100.0,11.4,394.6
784,100.0,11.4,394.6
785,100.0,11.4,394.6
786,100.0,11.4,394.6
787,100.0,11.4,394.6
788,100.0,11.4,394.6
789,100.0,11.4,394.6
790,100.0,11.4,394.6
791,100.0,11.4,394.6
792,100.0,11.4,394.6
793,100.0,11.4,394.6
794,100.0,11.4,394.6
795,100.0,11.4,394.6
796,100.0,11.4,394.6
797,100.0,11.4,394.6
798,100.0,11.4,394.6
799,100.0,11.4,394.6
800,100.0,11.4,394.6
801,100.0,11.4,394.6
802,100.0,11.4,394.6
803,100.0,11.4,394.6
804,100.0,11.4,394.6
805,100.0,11.4,394.6
806,100.0,11.4,394.6
807,100.0,11.4,394.6
808,100.0,11.4,394.6
809,100.0,11.4,394.6
810,100.0,11.4,394.6
811,100.0,11.4,394.6
812,100.0,11.4,394.6
813,100.0,11.4,394.6
814,100.0,11.4,394.6
815,100.0,11.4,394.6
816,100.0,11.4,394.6
817,100.0,11.4,394.6
818,100.0,11.4,394.6
819,100.0,11.4,394.6
820,100.0,11.4,394.6
821,100.0,11.4,394.6
822,100.0,11.4,394.6
823,100.0,11.4,394.6
824,100.0,11.4,394.6
825,100.0,11.4,394.6
826,100.0,11.4,394.6
827,100.0,11.4,394.6
828,100.0,11.4,394.6
829,100.0,11.4,394.6
830,100.0,11.4,394.6
831,100.0,11.4,394.6
832,100.0,11.4,394.6
833,100.0,11.4,394.6
834,100.0,11.4,394.6
835,100.0,11.4,394.6
836,100.0,11.4,394.6
837,100.0,11.4,394.6
838,100.0,11.4,394.6
839,100.0,11.4,394.6
840,100.0,11.4,394.6
841,100.0,11.4,394.6
842,100.0,11.4,394.6
843,100.0,11.4,394.6
844,100.0,11.4,394.6
845,100.0,11.4,394.6
846,100.0,11.4,394.6
847,100.0,11.4,394.6
848,100.0,11.4,394.6
849,100.0,11.4,394.6
850,100.0,11.4,394.6
851,100.0,11.4,394.6
852,100.0,11.4,394.6
853,100.0,11.4,394.6
854,100.0,11.4,394.6
855,100.0,11.4,394.6
856,100.0,11.4,394.6
857,100.0,11.4,394.6
858,100.0,11.4,394.6
859,100.0,11.4,394.6
860,100.0,11.4,394.6
861,100.0,11.4,394.6
862,100.0,11.4,394.6
863,100.0,11.4,394.6
864,100.0,11.4,394.6
865,100.0,11.4,394.6
866,100.0,11.4,394.6
867,100.0,11.4,394.6
868,100.0,11.4,394.6
869,100.0,11.4,394.6
870,100.0,11.4,394.6
871,100.0,11.4,394.6
872,100.0,11.4,394.6
873,100.0,11.4,394.6
874,100.0,11.4,394.6
875,100.0,11.4,394.6
876,100.0,11.4,394.6
877,100.0,11.4,394.6
878,100.0,11.4,394.6
879,100.0,11.4,394.6
880,100.0,11.4,394.6
881,100.0,11.4,394.6
882,100.0,11.4,394.6
883,100.0,11.4,394.6
884,100.0,11.4,394.6
885,100.0,11.4,394.6
886,100.0,11.4,394.6
887,100.0,11.4,394.6
888,100.0,11.4,394.6
889,100.0,11.4,394.6
890,100.0,11.4,394.6
891,100.0,11.4,394.6
892,100.0,11.4,394.6
893,100.0,11.4,394.6
894,100.0,11.4,394.6
895,100.0,11.4,394.6
896,100.0,11.4,394.6
897,100.0,11.4,394.6
898,100.0,11.4,394.6
899,100.0,11.4,394.6
900,100.0,11.4,394.6
901,100.0,11.4,394.6
902,100.0,11.4,394.6
903,100.0,11.4,394.6
904,100.0,11.4,394.6
905,100.0,11.4,394.6
906,100.0,11.4,394.6
907,100.0,11.4,394.6
908,100.0,11.4,394.6
909,100.0,11.4,394.6
910,100.0,11.4,394.6
911,100.0,11.4,394.6
912,100.0,11.4,394.6
913,100.0,11.4,394.6
914,100.0,11.4,394.6
915,100.0,11.4,394.6
916,100.0,11.4,394.6
917,100.0,11.4,394.6
918,100.0,11.4,394.6
919,100.0,11.4,394.6
920,100.0,11.4,394.6
921,100.0,11.4,394.6
922,100.0,11.4,394.6
923,100.0,11.4,394.6
924,100.0,11.4,394.6
925,100.0,11.4,394.6
926,100.0,11.4,394.6
927,100.0,11.4,394.6
928,100.0,11.4,394.6
929,100.0,11.4,394.6
930,100.0,11.4,394.6
931,100.0,11.4,394.6
932,100.0,11.4,394.6
933,100.0,11.4,394.6
934,100.0,11.4,394.6
935,100.0,11.4,394.6
936,100.0,11.4,394.6
937,100.0,11.4,394.6
938,100.0,11.4,394.6
939,100.0,11.4,394.6
940,100.0,11.4,394.6
941,100.0,11.4,394.6
942,100.0,11.4,394.6
943,100.0,11.4,394.6
944,100.0,11.4,394.6
945,100.0,11.4,394.6
946,100.0,11.4,394.6
947,100.0,11.4,394.6
948,100.0,11.4,394.6
949,100.0,11.4,394.6
950,100.0,11.4,394.6
951,100.0,11.4,394.6
952,100.0,11.4,394.6
953,100.0,11.4,394.6
954,100.0,11.4,394.6
955,100.0,11.4,394.6
956,100.0,11.4,394.6
957,100.0,11.4,394.6
958,100.0,11.4,394.6
959,100.0,11.4,394.6
960,100.0,11.4,394.6
961,100.0,11.4,394.6
962,100.0,11.4,394.6
963,100.0,11.4,394.6
964,100.0,11.4,394.6
965,100.0,11.4,394.6
966,100.0,11.4,394.6
967,100.0,11.4,394.6
968,100.0,11.4,394.6
969,100.0,11.4,394.6
970,100.0,11.4,394.6
971,100.0,11.4,394.6
972,100.0,11.4,394.6
973,100.0,11.4,394.6
974,100.0,11.4,394.6
975,100.0,11.4,394.6
976,100.0,11.4,394.6
977,100.0,11.4,394.6
978,100.0,11.4,394.6
979,100.0,11.4,394.6
980,100.0,11.4,394.6
981,100.0,11.4,394.6
982,100.0,11.4,394.6
983,100.0,11.4,394.6
984,100.0,11.4,394.6
985,100.0,11.4,394.6
986,100.0,11.4,394.6
987,100.0,11.4,394.6
988,100.0,11.4,394.6
989,100.0,11.4,394.6
990,100.0,11.4,394.6
991,100.0,11.4,394.6
992,100.0,11.4,394.6
993,100.0,11.4,394.6
994,100.0,11.4,394.6
995,100.0,11.4,394.6
996,100.0,11.4,394.6
997,100.0,11.4,394.6
998,100.0,11.4,394.6
999,100.0,11.4,394.6
1000,100.0,11.4,394.6
1001,100.0,11.4,394.6
1002,100.0,11.4,394.6
1003,100.0,11.4,394.6
1004,100.0,11.4,394.6
1005,100.0,11.4,394.6
1006,100.0,11.4,394.6
1007,100.0,11.4,394.6
1008,100.0,11.4,394.6
1009,100.0,11.4,394.6
1010,100.0,11.4,394.6
1011,100.0,11.4,394.6
1012,100.0,11.4,394.6
1013,100.0,11.4,394.6
1014,100.0,11.4,394.6
1015,100.0,11.4,394.6
1016,100.0,11.4,394.6
1017,100.0,11.4,394.6
1018,100.0,11.4,394.6
1019,100.0,11.4,394.6
1020,100.0,11.4,394.6
1021,100.0,11.4,394.6
1022,100.0,11.4,394.6
1023,100.0,11.4,394.6
