TABLE CRVSiPM
#channel,pedestal,calibPulseHeight,calibPulseArea
0,2037.6,18.1472,535.761
1,2043.79,15.4787,443.857
2,2044.18,18.5364,538.844
3,2053.86,16.3699,464.341
4,2056.01,19.5205,526.858
5,2051.25,16.8603,465.98
6,2049.14,17.9909,476.984
7,2039.7,16.4851,441.712
8,2037.68,18.9057,540.808
9,2039.09,16.3066,467.38
10,2052.27,19.0443,549.861
11,2061.3,17.2745,492.273
12,2029.24,19.0483,548.758
13,2042.74,16.5823,471.871
14,2037.73,18.9138,536.526
15,2041.45,15.2902,440.88
16,2045.63,18.51,516.476
17,2028.34,17.6383,520.355
18,2027.78,19.3541,565.813
19,2049.09,17.0971,509.498
20,2047.82,20.3552,577.345
21,2060.1,17.6319,505.198
22,2052.6,20.5236,565.058
23,2049.19,17.9582,512.712
24,2042.09,20.4211,574.549
25,2046.42,16.8462,484.486
26,2038.4,19.8149,564.594
27,2049.08,17.1644,494.472
28,2064.7,19.8679,566.867
29,2048.79,16.5371,474.892
30,2034.48,18.6275,545.439
31,2067.1,16.9101,479.623
32,2035.8,19.5845,571.872
33,2039.14,16.8292,472.187
34,2040.2,20.3571,576.202
35,2030.8,17.7024,488.783
36,2050.73,19.3713,554.749
37,2047.83,17.9607,491.762
38,2045.73,20.1958,563.538
39,2051.3,16.2849,451.328
40,2030.94,18.8597,546.541
41,2051.69,16.0066,441.151
42,2052.5,18.5387,548.448
43,2046.49,15.9121,444.807
44,2059.93,18.734,537.054
45,2038.12,15.8831,430.115
46,2043.75,19.3911,546.118
47,2035.2,15.684,439.207
48,2042.58,17.5375,489.407
49,2044.88,18.2219,501.129
50,2041.57,18.1364,507.837
51,2041.97,16.9653,482.21
52,2038.2,17.1285,495.512
53,2042.35,18.5063,510.665
54,2038.73,17.5482,491.585
55,2053.35,16.9856,467.315
56,2053.4,16.6798,486.687
57,2054.01,16.5832,479.822
58,2068.36,16.655,487.129
59,2040.59,17.395,496.417
60,2035.27,17.7033,503.555
61,2047.45,17.1725,490.003
62,2045.02,17.2118,502.523
63,2046.1,16.8737,471.917
64,2046.94,16.7257,491.377
65,2058.71,17.8555,500.41
66,2039.89,16.8932,485.624
67,2032.94,17.7972,512.589
68,2053.4,17.8796,488.612
69,2053.97,18.2664,516.144
70,2048.93,17.2541,470.226
71,2038.01,17.9413,491.263
72,2037.75,18.2258,509.046
73,2049.65,19.8462,560.225
74,2040.71,17.0995,489.898
75,2062.41,19.6271,556.072
76,2054.26,16.8768,468.72
77,2051.75,19.8408,559.856
78,2044.25,17.6376,498.608
79,2056.5,19.1006,550.746
80,2039.36,19.3462,544.082
81,2045.06,15.1815,437.397
82,2058.77,18.3978,541.008
83,2038.67,15.3933,446.53
84,2042.05,19.1489,544.283
85,2042.03,14.4017,422.664
86,2034.73,19.3333,549.3
87,2050.66,14.654,431.046
88,2035.96,18.9516,562.873
89,2061.02,16.3728,500.911
90,2045.67,20.174,578.514
91,2054.34,15.9678,464.165
92,2038.77,18.4974,538.201
93,2063.12,15.1806,446.114
94,2039.34,20.2955,562.131
95,2049.3,15.6091,458.918
96,2054.01,18.3114,516.467
97,2053.75,16.6143,478.7
98,2047.35,17.7478,507.148
99,2054.07,16.3062,473.249
100,2056.1,17.7472,504.745
101,2036.65,17.2488,481.531
102,2069.19,18.5811,518.533
103,2048.64,16.8755,473.112
104,2029.12,16.9097,495.473
105,2030.95,14.7098,424.419
106,2047.23,17.8296,512.184
107,2052.39,14.7895,434.022
108,2059.45,16.8575,493.837
109,2037.88,14.2679,421.163
110,2038.31,18.1561,509.412
111,2067.69,14.224,411.912
112,2054.72,17.0236,478.363
113,2061.01,17.1266,495.628
114,2047.41,17.2445,483.934
115,2054.5,17.2722,481.936
116,2049.23,17.3768,483.883
117,2048.25,17.7403,482.3
118,2061.88,17.5795,484.059
119,2061.34,17.3955,477.501
120,2044.8,18.0201,485.678
121,2052.41,18.6171,518.283
122,2057.26,17.9772,493.713
123,2046.96,18.3839,520.263
124,2045.15,16.8616,476.527
125,2043.16,18.9485,531.246
126,2056.59,18.0306,489.638
127,2052.71,17.7528,508.161
128,2047.11,18.6656,539.929
129,2046.46,15.8353,442.142
130,2038.47,19.3347,521.202
131,2046.23,15.3179,419.007
132,2027.54,19.1768,543.836
133,2039.84,15.7246,438.56
134,2043.03,17.792,465.717
135,2041.9,14.2398,375.704
136,2042.06,18.942,545.016
137,2020.82,15.4469,450.238
138,2039.38,19.3865,548.091
139,2033.24,15.5395,451.158
140,2054.37,19.0322,525.128
141,2048.84,15.3708,420.579
142,2035.33,19.3796,539.429
143,2035.55,15.5457,430.016
144,2050.58,18.9918,549.595
145,2040.52,17.3562,487.455
146,2049.56,19.7293,545.561
147,2051.97,17.4513,492.812
148,2039.48,18.845,536.477
149,2037.79,15.8536,452.44
150,2054.96,19.5705,536.763
151,2054.54,17.2716,473.507
152,2054.62,18.8556,538.177
153,2050.95,16.0372,476.677
154,2052.99,17.7983,520.533
155,2041.84,16.2361,468.366
156,2047.71,19.4619,540.97
157,2037.97,16.1107,469.206
158,2045.57,20.0152,555.653
159,2067.07,16.3047,454.637
160,2042.94,18.0213,508.234
161,2057.75,16.9318,476.847
162,2063.93,18.9222,526.799
163,2050.87,15.5075,451.087
164,2049.44,18.6911,519.19
165,2053.27,16.2366,463.878
166,2048.97,19.4087,515.138
167,2040.69,15.3648,418.171
168,2054.33,19.112,532.373
169,2043.14,16.1872,460.547
170,2039.17,19.245,533.008
171,2053.63,16.3359,467.019
172,2052.92,18.3348,525.257
173,2046.85,16.0537,457.521
174,2057.52,20.0394,545.979
175,2045.88,16.7451,465.495
176,2044.65,16.773,476.349
177,2024.78,17.2257,487.999
178,2063.18,16.0139,466.951
179,2040.22,17.3244,495.507
180,2047.26,16.7576,475.277
181,2047.29,17.8166,493.778
182,2045.28,17.4261,479.822
183,2061.47,17.7338,493.233
184,2039.14,18.232,500.026
185,2033.57,15.4195,455.382
186,2043.25,16.6465,474.289
187,2034.19,16.3838,476.361
188,2052.77,17.6071,489.845
189,2036.7,16.3999,464.432
190,2058.16,17.7609,484.541
191,2064.38,16.5617,454.237
192,2044.68,21.0347,602.173
193,2021.42,16.504,469.553
194,2036.53,20.8919,609.297
195,2013.23,14.9675,454.969
196,2030.89,21.8835,609.749
197,2032.52,16.0599,461.834
198,2046.13,20.2789,584.83
199,2035.35,15.5253,460.569
200,2049.68,21.6931,608.389
201,2055.61,15.7332,467.575
202,2054.89,20.2135,575.963
203,2048.71,15.6039,464.347
204,2054.97,19.5205,558.459
205,2051.82,16.7839,487.529
206,2062.18,20.0739,577.425
207,2035.95,15.3872,457.891
208,2040.47,18.0898,501.013
209,2048.16,17.4849,508.114
210,2034.09,17.7122,497.121
211,2062.56,17.6658,511.652
212,2055.81,18.4928,504.455
213,2039.41,16.4061,485.872
214,2049.43,19.4005,522.032
215,2039.1,16.1705,469.82
216,2054.11,19.2698,512.278
217,2041.83,16.8206,490.659
218,2041.44,18.8944,520.021
219,2050.26,17.1987,498.799
220,2046.21,18.1786,500.417
221,2044.3,16.2049,487.101
222,2048.25,18.2908,504.401
223,2049.24,17.6193,507.162
224,2039.39,16.3005,463.27
225,2034.62,15.2189,432.925
226,2024.72,17.1078,478.207
227,2036.87,15.1656,442.533
228,2035.43,16.0239,463.737
229,2054.81,14.5625,430.54
230,2044.9,16.424,443.011
231,2041.44,15.2875,432.708
232,2036.74,16.0492,448.002
233,2055.65,15.0132,437.147
234,2054.46,15.5103,444.155
235,2030.01,14.3731,429.134
236,2044.72,17.2267,468.949
237,2035.97,14.0965,410.686
238,2048.48,15.0132,440.706
239,2049.51,14.9194,427.57
240,2043.27,17.3771,493.131
241,2040.34,18.8647,558.359
242,2047.95,17.7019,493.825
243,2060.82,19.5074,559.746
244,2031.26,17.8356,492.742
245,2045.19,19.633,555.659
246,2050.02,17.7893,492.161
247,2045.85,19.0961,551.252
248,2036.64,18.0813,501.316
249,2037.68,20.0254,571.138
250,2070.68,16.9867,487.759
251,2045.31,19.1109,566.109
252,2043.55,16.5487,467.625
253,2047.86,19.4555,559.303
254,2060.1,16.4002,469.483
255,2040.74,20.4426,578.504
256,2039.82,16.0852,473.062
257,2057.77,15.2387,419.45
258,2034.85,15.5994,458.989
259,2040.38,14.8208,382.841
260,2046.12,15.7318,447.524
261,2061.72,14.9837,397.215
262,2021.8,15.5202,405.763
263,2038.85,14.9044,366.84
264,2033.1,15.7726,477.968
265,2043.19,15.567,419.226
266,2056.35,16.2853,479.889
267,2041.49,15.1894,422.466
268,2045.71,15.5291,447.48
269,2041.46,14.2736,394.309
270,2049.98,16.2599,463.156
271,2047.4,14.7202,377.939
272,2041.56,15.1468,429.041
273,2047.69,16.0001,453.521
274,2051.7,14.7286,431.917
275,2031.38,16.108,456.489
276,2035.9,14.9316,422.999
277,2054.86,15.5165,439.412
278,2031.4,14.9771,422.148
279,2039.24,17.0127,464.867
280,2038.34,15.8382,456.63
281,2055.06,15.9213,450.253
282,2044.62,15.7207,468.855
283,2039.57,16.7096,461.118
284,2033.74,14.5799,395.986
285,2047.8,17.1117,465.84
286,2034.27,15.1246,426.52
287,2042,16.915,460.137
288,2038.28,14.7603,429.776
289,2064.76,16.3699,478.463
290,2047.5,14.6165,427.123
291,2041.99,16.3126,474.964
292,2039.31,13.9684,393.356
293,2042.15,16.2832,462.875
294,2061.18,14.5204,405.534
295,2044.39,16.3096,443.303
296,2041.08,14.7646,423.565
297,2059.35,16.6088,480.764
298,2056.64,14.8632,439.057
299,2041.67,16.1819,474.497
300,2046,14.8817,430.63
301,2045.81,16.9529,482.886
302,2041.94,14.8111,418.944
303,2047.65,16.1844,443.516
304,2047.26,18.168,523.182
305,2038.36,13.0969,383.679
306,2035.59,17.6605,526.116
307,2025.59,12.8126,385.065
308,2031.71,17.8666,503.653
309,2056.74,12.8665,368.899
310,2058.11,17.2844,493.258
311,2048,12.9923,373.85
312,2048.48,17.7781,518.94
313,2038.97,13.315,386.324
314,2045.29,17.8682,561.902
315,2045.01,13.3559,408.425
316,2052.05,17.6483,519.367
317,2042.07,13.1114,382.122
318,2048.42,18.1515,516.877
319,2040.27,14.2338,408.409
320,2035.5,16.2667,479.687
321,2055.97,15.4751,442.254
322,2029,16.2987,481.582
323,2060.11,15.8749,450.972
324,2042.88,16.1802,468.385
325,2047.97,14.7348,411.302
326,2050.56,15.8767,462.193
327,2044.76,16.5569,455.335
328,2046.24,17.0959,532.856
329,2039.26,15.2734,440.474
330,2050.42,17.0588,561.264
331,2044.68,16.2421,462.6
332,2048.79,15.9382,490.145
333,2047.86,16.0472,454.637
334,2046.32,16.2691,485.25
335,2051,16.3056,464.254
336,2043.9,15.9554,500.745
337,2038.06,14.887,431.08
338,2047.11,16.0739,488.496
339,2047.81,14.642,420.871
340,2044.84,15.417,439.577
341,2034.27,14.6235,419.735
342,2046.14,15.539,447.817
343,2046.67,14.5291,417.962
344,2041.91,15.8494,452.794
345,2041.28,14.2283,417.556
346,2050.83,15.389,458.433
347,2065.88,14.092,416.478
348,2033.89,16.4173,462.624
349,2043.99,14.297,415.017
350,2032.51,16.2234,475.294
351,2044.45,14.6393,418.946
352,2039.01,14.4208,428.288
353,2041.98,15.1301,428.303
354,2055.12,15.1566,437.746
355,2051.15,14.8614,428.579
356,2040.91,14.3972,414.719
357,2036.03,15.1706,413.671
358,2035.34,15.2086,438.604
359,2039.86,14.7404,411.035
360,2037.26,15.7651,512.89
361,2053.67,15.1628,438.444
362,2053.17,15.7087,548.483
363,2038.14,14.7837,428.274
364,2052.96,15.3554,460.742
365,2034.97,14.5649,419.958
366,2052.48,16.0333,488.545
367,2041.82,14.8826,415.08
368,2050.25,15.489,444.637
369,2056.18,16.0366,457.182
370,2038.37,15.0844,443.463
371,2045.12,15.6391,446.765
372,2037.9,15.3501,438.319
373,2052.94,15.8117,447.7
374,2011.87,16.3917,460.921
375,2033.03,16.1701,444.25
376,2034.74,16.0387,456.87
377,2042.11,16.1792,459.751
378,2051.88,15.2926,441.72
379,2050.86,16.5266,464.923
380,2058.28,16.2411,455.703
381,2044.27,15.617,443.54
382,2033.63,15.5566,443.623
383,2049.51,16.0095,449.477
384,2049.89,15.266,434.303
385,2050.9,15.5717,437.013
386,2055.56,14.88,424.705
387,2034.98,15.5122,426.15
388,2052.45,15.1651,424.252
389,2052.91,15.8397,418.978
390,2065.93,14.2389,359.218
391,2053.08,16.0009,393.57
392,2049.45,15.6726,480.96
393,2040.44,15.9811,453.255
394,2060.91,15.8188,448.953
395,2050.47,15.7543,446.701
396,2027.16,14.606,423.07
397,2041.3,15.5412,431.595
398,2045.11,15.1722,428.562
399,2044.94,15.9414,420.35
400,2038.47,17.9342,528.081
401,2061.23,19.799,551.586
402,2055.22,18.7616,545.55
403,2043.61,18.8072,536.401
404,2044.9,17.9209,495.353
405,2055.38,19.7815,550.649
406,2061.66,18.4797,504.618
407,2057.54,18.6458,529.18
408,2052.98,19.1778,555.013
409,2033.24,18.5124,533.322
410,2060.29,18.8876,530.649
411,2049.42,18.6707,527.561
412,2056.5,18.6729,508.568
413,2051.53,18.2299,524.78
414,2047.26,19.013,523.313
415,2051.37,18.3556,515.363
416,2046.53,17.9425,528.353
417,2042.31,15.0199,438.612
418,2050.62,17.6382,520.082
419,2037.67,14.7688,430.313
420,2060.69,17.7803,513.939
421,2041.37,14.7522,420.092
422,2064.91,19.4159,537.314
423,2061.47,14.7334,378.076
424,2046.26,19.9113,558.091
425,2041.91,14.8198,432.333
426,2059.67,19.8421,564.597
427,2050.28,14.9661,442.65
428,2066.08,18.4769,518.358
429,2034.39,14.6895,416.641
430,2039.84,19.32,542.409
431,2055.05,15.3154,420.427
432,2050.9,14.915,442.186
433,2050.35,15.278,447.006
434,2046.68,14.4031,430.295
435,2039.05,15.0839,437.966
436,2052.04,14.4484,425.119
437,2047.69,15.6432,446.425
438,2038,15.9829,452.375
439,2038.72,15.6073,441.382
440,2042.8,14.2641,418.307
441,2054.14,16.9739,477.343
442,2038.75,14.8015,430.17
443,2043.21,15.683,454.55
444,2045.17,14.1565,407.653
445,2040.2,15.6058,431.55
446,2058.85,14.9631,436.218
447,2048.96,15.2224,426.664
448,2054.26,16.6538,467.062
449,2048.57,14.8711,426.148
450,2052.2,17.4754,485.652
451,2056.74,15.1528,439.15
452,2042.54,16.7013,457.829
453,2056.74,14.4937,426.932
454,2045.52,16.1152,454.161
455,2033.15,15.0971,431.65
456,2041.96,16.6521,471.849
457,2057.59,15.0402,439.195
458,2028.47,15.812,463.647
459,2045.71,15.0017,438.148
460,2056.87,17.239,478.268
461,2036.49,14.5971,427.394
462,2056.02,16.449,464.698
463,2060.14,15.2552,426.86
464,2047.78,16.2682,480.919
465,2041.63,15.3745,430.641
466,2034.1,17.4093,514.94
467,2053.75,15.6558,444.845
468,2037.44,16.5186,463.998
469,2044.46,15.9278,436.005
470,2044.03,17.1553,470.377
471,2049.89,15.2926,429.391
472,2061.27,17.312,480.735
473,2054.24,15.508,445.502
474,2063.01,16.7965,484.239
475,2061.37,15.4655,440.298
476,2064.91,16.4465,464.592
477,2046.95,15.307,429.328
478,2035.65,17.0608,467.875
479,2049.55,16.114,449.085
480,2050.35,16.4342,455.966
481,2052.94,16.2619,462.785
482,2051.18,15.4661,429.635
483,2058.76,16.5047,464.784
484,2056.24,15.4215,432.961
485,2053.87,16.0741,450.574
486,2056.95,15.3985,431.449
487,2048.59,15.5348,447.156
488,2059.06,15.1731,435.326
489,2049.44,15.3604,451.141
490,2036.53,16.1862,445.431
491,2051.7,16.7796,474.99
492,2042.8,15.9571,435.341
493,2047.68,17.0647,471.684
494,2067.92,15.0415,420.342
495,2048.91,15.9399,452.504
496,2053.11,15.227,445.333
497,2053.32,16.5007,473.039
498,2044.45,15.7051,446.879
499,2058.07,16.6199,471.521
500,2042.98,15.4344,434.767
501,2058.01,16.7861,472.977
502,2043.37,16.3522,453.787
503,2041.17,16.4768,457.814
504,2032.23,15.5404,448.558
505,2035.43,16.7127,472.949
506,2035.44,15.163,441.709
507,2037.67,15.6607,462.133
508,2032.89,15.9482,446.559
509,2030.24,16.9846,478.056
510,2038.24,15.394,444.445
511,2045.73,17.5203,497.137
512,2047.52,15.7911,462.844
513,2048.17,14.641,412.092
514,2040.23,14.9338,418.643
515,2048.93,13.7099,387.703
516,2032.16,15.2438,426.534
517,2050.91,14.5409,409.502
518,2058.24,14.5581,371.1
519,2052.5,14.5856,366.057
520,2041.63,14.4309,418.265
521,2054.49,14.2279,412.447
522,2056.24,15.0219,428.775
523,2049.79,14.1404,402.886
524,2052.64,14.9272,406.054
525,2043.88,14.8495,410.841
526,2053.36,15.8263,425.976
527,2046.95,13.9669,396.971
528,2036.64,16.7626,475.535
529,2049.74,14.6928,424.919
530,2030.53,16.9536,490.077
531,2063.02,15.6675,447.191
532,2038.67,16.4145,449.527
533,2050.43,14.5852,417.612
534,2037.67,17.0521,467.177
535,2039.75,16.0204,431.763
536,2046.01,16.9502,472.506
537,2033.97,16.0924,454.426
538,2066.39,17.1723,510.133
539,2057,15.1666,436.681
540,2072.76,16.6353,446.761
541,2059.8,15.2935,422.872
542,2031.7,16.6585,458.502
543,2053.28,15.1566,408.431
544,2048.77,15.2063,432.617
545,2059.15,15.4911,434.549
546,2032.35,15.3483,446.175
547,2046.22,14.7925,435.531
548,2028.81,15.2244,422.476
549,2054.69,14.972,405.829
550,2031.59,15.9781,421.772
551,2051.58,14.7521,404.944
552,2054.79,15.4934,465.49
553,2052.03,15.3261,435.442
554,2046.72,16.39,475.124
555,2056.66,14.4877,423.351
556,2037.04,15.3778,434.856
557,2050.49,15.3985,433.869
558,2055.68,15.742,437.689
559,2057.79,15.1556,415.366
560,2054.52,17.1991,508.914
561,2047.33,15.2857,438.509
562,2051.26,16.8849,541.588
563,2049.9,15.1432,429.374
564,2030.92,17.1886,491.57
565,2054.62,14.9635,428.704
566,2050.5,16.986,470.945
567,2051.77,15.281,425.098
568,2053.46,17.9923,520.742
569,2045.88,15.4636,435.12
570,2048.69,16.1041,478.325
571,2061.07,14.8006,434.502
572,2055.99,16.6916,474.945
573,2042.83,14.6256,416.498
574,2056.84,16.7907,478.919
575,2052.51,15.2141,427.654
576,2034.34,15.3165,440.691
577,2049.02,15.4249,450.955
578,2055.44,16.0714,462.771
579,2038.36,16.0009,462.021
580,2041.58,15.8567,442.852
581,2040.2,15.4216,440.782
582,2042.99,16.1292,448.872
583,2065.84,16.1637,457.282
584,2038.53,15.6743,450.064
585,2045.62,15.7874,453.636
586,2060.78,15.3278,447.419
587,2045.86,16.0997,463.096
588,2043.68,15.4499,418.846
589,2055.4,15.5896,451.94
590,2023.94,14.7331,413.578
591,2046.33,16.032,450.82
592,2043.89,15.5148,450.813
593,2056.63,15.4543,443.97
594,2045.41,14.8938,433.796
595,2039.63,15.1784,438.491
596,2054.27,14.7295,424.735
597,2043.64,14.9674,432.971
598,2046.45,15.3643,435.86
599,2042.58,15.2204,429.937
600,2054.19,15.7155,453.539
601,2044.64,15.36,435.688
602,2059.67,15.5076,446.967
603,2043.25,15.7938,453.419
604,2052.95,14.893,421.657
605,2033.68,14.2343,425.295
606,2036.01,13.9909,384.43
607,2040.03,15.9712,446.946
608,2032.95,12.2844,353.587
609,2038.53,16.7465,510.977
610,2048.72,12.0518,414.626
611,2046.44,16.8473,475.94
612,2021.66,12.9526,390.371
613,2045.39,16.5482,460.996
614,2037.46,13.4141,383.163
615,2065.06,16.8329,489.271
616,2051.54,12.8845,373.447
617,2051.69,17.4527,518.92
618,2034.39,13.0999,390.832
619,2039.62,16.0052,471.38
620,2051.15,12.4589,360.984
621,2052.78,16.5887,463.902
622,2041.02,12.976,359.92
623,2058.74,16.5347,458.558
624,2038.03,12.8056,372.895
625,2045.27,13.2124,387.159
626,2040.49,12.453,364.307
627,2053.64,12.9353,380.347
628,2045.63,12.3668,348.69
629,2035.18,13.3122,376.741
630,2043.28,12.9236,361.491
631,2039.07,13.03,367.479
632,2040.21,13.0658,377.632
633,2023.15,12.8518,373.181
634,2045.21,12.453,358.617
635,2039.13,12.9444,382.706
636,2034.38,12.347,356.245
637,2037.8,12.4945,364.287
638,2044.88,12.1875,348.499
639,2051.59,13.1938,390.784
640,2041,16.5822,478.602
641,2046.29,14.9679,436.277
642,2047.93,16.6281,465.148
643,2040.82,14.4755,400.523
644,2057.81,16.4928,439.784
645,2025.19,14.293,388.431
646,2051.32,17.0244,436.126
647,2031.13,14.7924,357.74
648,2046.19,17.4765,493.9
649,2044.74,15.6528,454.693
650,2041.81,16.2249,474.585
651,2054.03,15.2127,442.319
652,2051.1,15.8903,456.317
653,2035.17,14.4473,417.434
654,2048.92,15.7969,431.776
655,2041.39,13.9606,407.235
656,2059.35,16.3599,477.332
657,2026.72,17.2127,513.413
658,2038.81,15.9747,472.448
659,2045.5,15.5645,481.289
660,2039.96,16.2895,471.216
661,2048.09,16.8147,496.326
662,2056.6,16.3789,456.306
663,2042.46,16.9003,477.607
664,2040.55,16.7438,493.331
665,2040.18,16.0033,472.72
666,2043.32,16.4602,479.692
667,2055.31,16.3848,496.581
668,2050.03,16.5392,477.833
669,2031.66,15.2771,461.979
670,2045.48,16.9295,485.714
671,2041.42,15.8967,467.644
672,2044.78,15.2593,444.965
673,2043.08,15.6318,449.969
674,2045.45,15.7961,450.491
675,2042.08,14.4717,423.611
676,2044.43,15.8013,438.543
677,2024.2,15.7154,435.661
678,2038.15,15.8197,438.853
679,2059.9,14.4515,407.878
680,2061.59,16.1205,479.176
681,2046.86,15.9356,467.906
682,2051.34,15.3604,446.701
683,2060.52,14.7858,437.507
684,2061.72,14.9798,433.621
685,2045.99,15.5868,446.677
686,2030.11,15.2179,437.114
687,2043.14,15.2794,449.126
688,2047.19,14.8339,439.418
689,2044.73,16.8194,481.462
690,2043.2,14.4641,422.434
691,2042.69,16.798,477.72
692,2066.47,14.9221,430.048
693,2052.59,17.0467,483.876
694,2051.14,15.2087,429.536
695,2052.51,16.466,469.421
696,2036.36,15.4159,446.176
697,2043.75,16.2774,481.136
698,2052.11,15.5054,444.288
699,2038.76,15.7707,468.147
700,2051.26,15.831,456.724
701,2040.61,17.0118,476.584
702,2056.29,15.2728,431.597
703,2046.8,16.099,476.667
704,2055.66,14.5876,417.22
705,2039.3,17.3252,496.555
706,2045.41,14.1563,407.964
707,2026.08,15.9067,467.167
708,2046.49,14.3884,400.878
709,2042.28,17.1767,487.837
710,2047.44,13.844,398.014
711,2049.07,16.191,471.486
712,2053.22,14.353,413.66
713,2034.78,17.2218,494.56
714,2047.53,13.3568,393.187
715,2040.05,15.5525,458.563
716,2044.01,14.3752,409.9
717,2060.96,16.6011,486.711
718,2043.53,12.6652,372.939
719,2061.6,17.1087,500.427
720,2057.61,15.3686,447.856
721,2054.56,16.1011,478.157
722,2037.22,15.2724,439.752
723,2042.66,17.3708,500.726
724,2035.71,14.3885,409.764
725,2046.4,16.8235,484.927
726,2037.01,14.7484,413.711
727,2041.92,16.6233,470.405
728,2055.21,15.9216,467.849
729,2055.36,17.217,497.424
730,2037.3,15.5609,453.386
731,2038.65,17.3535,495.664
732,2037.26,14.9519,440.705
733,2041.21,15.9461,463.865
734,2039.7,15.9082,459.491
735,2046.56,16.9869,485.166
736,2032.37,12.4656,439.091
737,2052.87,14.5894,428.623
738,2051.72,13.1191,472.812
739,2048.57,15.2014,443.071
740,2055.65,12.247,362.566
741,2043.86,14.1261,408.092
742,2037.14,12.7336,364.883
743,2047.69,14.3487,419.419
744,2054.36,12.1907,370.111
745,2063.32,14.7632,428.919
746,2054.84,12.4448,360.522
747,2040.45,14.6132,426.172
748,2054.75,11.4404,333.943
749,2050.3,14.2912,415.525
750,2049,12.1525,349.932
751,2069.92,14.2497,423.391
752,2050.65,16.4557,481.186
753,2046.55,13.6645,394.381
754,2038.34,15.3026,448.949
755,2046.38,13.3697,389.651
756,2047.76,15.4852,442.263
757,2044.67,12.939,375.953
758,2044.61,15.6513,448.304
759,2040.9,12.8085,365.729
760,2031.88,15.8882,465.607
761,2047.88,13.5927,390.7
762,2050.11,15.9477,469.707
763,2043.56,13.3833,389.087
764,2044.27,15.2115,447.997
765,2037.25,13.6264,392.667
766,2038.59,15.3916,448.216
767,2042.88,13.1364,386.211
768,2047.9,14.5986,415.471
769,2035.31,18.4007,526.663
770,2029.84,14.2491,386.549
771,2040.11,18.3429,511.148
772,2028.02,14.6811,389.761
773,2043.21,18.0963,507.489
774,2039.96,13.3244,320.366
775,2037.59,17.2999,434.401
776,2039.92,14.7633,419.947
777,2048.19,17.5157,506.066
778,2046.16,15.0285,427.106
779,2049.11,17.6262,508.767
780,2043.61,13.475,368.049
781,2045.28,18.6389,506.494
782,2059.15,14.4277,374.539
783,2045.75,17.6531,489.999
784,2062.08,16.2186,450.242
785,2026.37,15.8748,457.946
786,2037.49,16.5243,467.779
787,2032.44,16.4103,465.768
788,2040.77,15.0912,425.629
789,2036.31,15.8739,437.349
790,2062.02,15.552,440.955
791,2053.57,15.6544,414.128
792,2058.14,14.9742,463.337
793,2049.5,16.5193,466.779
794,2033.71,15.6514,463.128
795,2043.83,16.1158,463.556
796,2048.47,15.6024,433.56
797,2054.79,15.6641,453.976
798,2043.82,15.8524,435.644
799,2031.98,16.6735,465.244
800,2052.13,17.5206,489.466
801,2054.39,14.6217,430.481
802,2031.19,17.4989,490.732
803,2042.54,15.1578,435.865
804,2045.77,17.1794,472.025
805,2045.91,15.4256,442.138
806,2044.67,17.0693,458.148
807,2038.66,14.9821,419.007
808,2049.04,17.7758,488.184
809,2049.9,15.0083,438.626
810,2053.41,16.7417,480.846
811,2052.83,14.9399,442.066
812,2063.75,17.4172,478.252
813,2038.21,15.3573,438.145
814,2052.63,16.3896,461.628
815,2052.86,14.7239,417.094
816,2050.97,17.3189,478.598
817,2037.83,15.1842,434.49
818,2034.77,17.3389,482.841
819,2048.87,14.6582,426.492
820,2049.97,17.5301,479.532
821,2042.57,15.0734,428.689
822,2035.22,17.3974,474.213
823,2041.24,14.7931,421.642
824,2042.09,17.7045,597.784
825,2037.9,15.4254,444.855
826,2057.63,18.218,489.513
827,2042.82,14.739,428.945
828,2048.77,17.838,486.934
829,2043.35,15.4044,441.705
830,2038.84,17.4456,481.983
831,2036.51,15.1384,434.237
832,2044.63,15.5082,434.603
833,2028.03,16.4877,474.757
834,2068.45,15.1201,430.056
835,2038.09,16.4534,478.081
836,2053.83,15.4244,440.077
837,2044.01,16.6703,464.892
838,2059.02,14.7908,418.341
839,2039.85,16.105,472.228
840,2053.65,14.9918,429.708
841,2026.02,16.0183,466.208
842,2061.72,15.4235,447.946
843,2047.37,16.5332,474.707
844,2043.58,15.2412,432.255
845,2038.59,15.9247,459.686
846,2052.08,14.8668,429.606
847,2044.22,16.2803,469.046
848,2037.94,16.9557,492.256
849,2047.51,17.3198,490.76
850,2048.22,16.7137,488.75
851,2036.55,16.6866,484.595
852,2045.21,15.2787,461.602
853,2034.96,17.3716,488.39
854,2028.96,17.1651,482.166
855,2049.14,16.6991,466.657
856,2040.8,16.0837,487.526
857,2043.34,17.2417,494.4
858,2051.05,17.2396,496.364
859,2039.05,16.7178,488.077
860,2049.07,16.406,481.742
861,2053.55,17.1289,485.476
862,2037.27,16.7693,477.018
863,2051.71,19.2462,526.331
864,2041.06,17.3474,497.78
865,2040.54,14.6816,429.303
866,2039.82,17.7766,507.089
867,2042.88,14.1435,418.216
868,2038.08,18.1377,507.44
869,2045.89,13.4831,400.751
870,2045.67,17.7275,505.317
871,2037.17,14.5268,420.601
872,2045.68,17.9926,508.815
873,2046.12,13.7404,415.333
874,2067.63,17.439,503.325
875,2043.75,14.3588,421.969
876,2028.47,17.0622,473.923
877,2056.31,13.6098,405.881
878,2047.38,18.3003,510.453
879,2063.51,14.4428,421.273
880,2052.06,15.0017,445.645
881,2029.62,16.5877,502.614
882,2048.39,16.3589,467.192
883,2043.56,17.1629,507.114
884,2056.73,15.2538,447.82
885,2048.15,17.2931,499.509
886,2050.19,16.2011,461.566
887,2050.36,16.3675,493.879
888,2043.49,15.5622,442.433
889,2037.21,17.1538,498.683
890,2047,15.7632,449.974
891,2034.63,17.2153,506.547
892,2034.82,14.8043,429.722
893,2050.39,16.7651,490.903
894,2031.03,15.1678,431.256
895,2040.67,16.9647,504.814
896,2040.26,18.3003,515.205
897,2052.41,16.9716,486.109
898,2032.88,17.3427,487.701
899,2030.49,16.399,449.714
900,2024.58,17.7079,463.521
901,2042.94,17.6497,474.275
902,2037.09,16.1153,428.643
903,2052.52,16.1419,413.391
904,2043.09,18.4254,536.305
905,2055.7,16.4546,477.115
906,2040.28,17.7428,566.651
907,2042.52,16.5371,477.996
908,2036.71,17.135,503.095
909,2054.7,16.999,476.388
910,2043.28,16.7924,497.145
911,2038.43,16.5306,464.436
912,2045.72,15.6542,456.588
913,2037.44,15.4329,446.927
914,2041.7,16.5212,464.664
915,2042.49,14.7025,430.237
916,2040.34,15.7258,434.19
917,2048.36,14.8021,421.033
918,2053.34,16.1834,449.326
919,2038.86,14.8568,394.59
920,2052.74,16.2141,464.372
921,2039.54,14.8448,437.136
922,2052.98,15.9144,445.907
923,2031.46,14.571,424.484
924,2070.18,15.8411,429.646
925,2042.72,14.8303,415.568
926,2061.42,17.0363,463.586
927,2034.35,15.1193,428.468
928,2053.11,19.4161,529.496
929,2033.79,19.0186,536.479
930,2047.17,19.2696,531.809
931,2043.66,17.7377,514.856
932,2042.19,19.3767,523.301
933,2050.26,18.5729,518.239
934,2041.75,18.5746,469.495
935,2045.11,18.5694,506.823
936,2047.72,18.9881,528.421
937,2047.35,17.2871,497.907
938,2051.27,17.9492,510.548
939,2036.34,17.6065,511.551
940,2036.22,17.9199,509.041
941,2016.17,18.0038,513.612
942,2042.96,18.993,522.103
943,2039.24,18.2942,519.35
944,2052.85,17.2441,502.292
945,2048.16,16.275,484.052
946,2049.87,17.6047,511.571
947,2041.84,16.6146,483.523
948,2031.59,17.9039,476.898
949,2055.45,16.7637,486.182
950,2045.8,18.2626,507.192
951,2049.55,16.9707,475.558
952,2062.61,17.6207,506.706
953,2055,16.2621,483.419
954,2044.03,17.1924,500.265
955,2044.18,16.2384,474.589
956,2052.56,17.6245,494.676
957,2035.71,17.0279,470.073
958,2029.38,18.0739,512.597
959,2047.93,16.6635,468.906
960,2059.45,13.2047,386.362
961,2037.46,15.6165,452.173
962,2046.89,13.8911,404.687
963,2044.49,14.4252,429.935
964,2036.58,14.1993,396.945
965,2036.23,14.6426,431.648
966,2050.68,13.4374,380.211
967,2047.12,14.7807,433.823
968,2024.24,13.7057,396.835
969,2047.49,16.1484,498.979
970,2041.69,13.6854,395.604
971,2041.51,15.0819,454.42
972,2032.63,13.6632,384.587
973,2064.7,14.6663,432.293
974,2061.71,13.8162,396.783
975,2037.27,14.3332,425.907
976,2047.56,13.2721,377.429
977,2045.99,15.2257,440.923
978,2027.92,13.1594,380.198
979,2036.04,14.9552,442.425
980,2036.19,13.5918,377.84
981,2048.87,14.7298,428.577
982,2054.97,13.3066,367.744
983,2044.49,15.1357,438.743
984,2045.81,13.9812,385.544
985,2037.8,14.8079,450.769
986,2043.42,12.7808,368.629
987,2045.59,15.601,452.255
988,2056.19,13.5975,382.068
989,2043.86,14.8826,432.689
990,2041.27,13.1794,370.209
991,2038.88,15.4173,444.259
992,2051.09,13.0811,381.154
993,2032.1,15.4822,441.835
994,2036.35,13.5414,382.63
995,2046.42,15.7959,452.081
996,2045.2,13.7111,384.524
997,2035.28,14.9012,431.414
998,2040.88,13.0734,370.85
999,2055.18,15.3191,438.688
1000,2060.06,13.9053,388.327
1001,2032.58,15.2999,445.619
1002,2054.51,13.2142,379.583
1003,2049.4,15.7943,449.319
1004,2061.26,13.4856,381.119
1005,2036.29,15.7375,439.449
1006,2045.19,13.1035,377.274
1007,2051.26,15.8442,446.869
1008,2055.6,16.7544,476.478
1009,2045.4,18.3987,527.743
1010,2043.48,16.2683,466.063
1011,2046.71,18.1869,529.578
1012,2039.76,16.6874,471.174
1013,2036.13,17.7656,518.708
1014,2056.32,16.8091,472.135
1015,2045.98,17.8933,511.92
1016,2044.47,16.8466,469.627
1017,2058.14,17.1185,511.822
1018,2045.89,16.4311,469.175
1019,2050.78,18.2319,533.061
1020,2034.1,16.6546,467.675
1021,2045.9,17.4729,505.819
1022,2043.2,16.7553,475.552
1023,2048.19,18.4007,517.156
1024,0,-1,-1
1025,2046.59,16.0511,442.623
1026,0,-1,-1
1027,2042.4,16.5043,433.623
1028,0,-1,-1
1029,2049.74,15.8006,423.711
1030,0,-1,-1
1031,2044.33,15.8977,388.323
1032,0,-1,-1
1033,2050.4,16.2022,428.199
1034,0,-1,-1
1035,2051.79,16.1448,438.898
1036,0,-1,-1
1037,2033.69,16.5171,432.187
1038,0,-1,-1
1039,2049.81,16.2771,422.909
1040,0,-1,-1
1041,2033.05,18.4057,509.824
1042,0,-1,-1
1043,2045.56,19.4731,520.207
1044,0,-1,-1
1045,2047.64,18.198,480.097
1046,0,-1,-1
1047,2038.99,18.5401,486.716
1048,0,-1,-1
1049,2015.07,20.4722,552.042
1050,0,-1,-1
1051,2051.05,19.7362,545.905
1052,0,-1,-1
1053,2035.58,18.1275,498.173
1054,0,-1,-1
1055,2037.48,18.621,504.43
1056,0,-1,-1
1057,2032.96,15.2763,409.309
1058,0,-1,-1
1059,2036.21,15.5171,416.903
1060,0,-1,-1
1061,2044.26,15.7735,425.704
1062,0,-1,-1
1063,2032.73,15.1955,380.8
1064,0,-1,-1
1065,2028.09,17.4304,506.829
1066,0,-1,-1
1067,2044.69,18.2438,520.65
1068,0,-1,-1
1069,2036.07,16.7654,480.037
1070,0,-1,-1
1071,2043.78,16.2854,470.616
1072,0,-1,-1
1073,2042.29,15.2596,397.774
1074,0,-1,-1
1075,2035.18,16.1071,427.425
1076,0,-1,-1
1077,2040.88,16.5834,449.395
1078,0,-1,-1
1079,2035.09,15.7162,406.577
1080,0,-1,-1
1081,2033.6,14.6913,412.357
1082,0,-1,-1
1083,2049.56,16.0286,424.485
1084,0,-1,-1
1085,2033.88,16.6423,448.343
1086,0,-1,-1
1087,2045.27,16.1814,439.888
1088,0,-1,-1
1089,2020.09,18.4006,493.238
1090,0,-1,-1
1091,2038.23,19.4272,509.05
1092,0,-1,-1
1093,2048.9,18.3064,488.719
1094,0,-1,-1
1095,2036.18,17.2596,455.815
1096,0,-1,-1
1097,2033.86,18.7827,500.051
1098,0,-1,-1
1099,2048.68,18.1976,490.498
1100,0,-1,-1
1101,2049.02,17.3997,472.052
1102,0,-1,-1
1103,2061.45,19.51,508.424
1104,0,-1,-1
1105,2048.65,19.1068,539.861
1106,0,-1,-1
1107,2051.22,-1,-1
1108,0,-1,-1
1109,2026.27,17.0038,460.804
1110,0,-1,-1
1111,2026.7,16.8031,452.076
1112,0,-1,-1
1113,2036.32,17.398,526.223
1114,0,-1,-1
1115,2033.54,16.9447,479.4
1116,0,-1,-1
1117,2042.68,17.1478,470.2
1118,0,-1,-1
1119,2036.77,16.8943,470.262
1120,0,-1,-1
1121,2035.78,17.2024,461.729
1122,0,-1,-1
1123,2051.78,17.8501,479.729
1124,0,-1,-1
1125,2025.09,16.4958,433.811
1126,0,-1,-1
1127,2061.4,16.4855,456.118
1128,0,-1,-1
1129,2046.54,17.4736,485.488
1130,0,-1,-1
1131,2037.1,17.5495,459.755
1132,0,-1,-1
1133,2036.48,17.3078,455.798
1134,0,-1,-1
1135,2043.99,17.414,464.173
1136,0,-1,-1
1137,2041.43,21.0771,559.248
1138,0,-1,-1
1139,2043.07,19.4114,534.715
1140,0,-1,-1
1141,2044.16,20.8365,550.124
1142,0,-1,-1
1143,2035,20.3682,538.162
1144,0,-1,-1
1145,2044.79,19.4605,530.577
1146,0,-1,-1
1147,2038.63,19.8086,538.093
1148,0,-1,-1
1149,2032.88,20.0029,541.962
1150,0,-1,-1
1151,2039.22,19.5,533.598
1152,0,-1,-1
1153,2024.93,15.1553,418.15
1154,0,-1,-1
1155,2045.54,15.8813,393.451
1156,0,-1,-1
1157,2038.86,15.2498,383.893
1158,0,-1,-1
1159,2048.64,14.131,338.842
1160,0,-1,-1
1161,2050.94,14.9651,421.611
1162,0,-1,-1
1163,2048.84,15.2969,423.911
1164,0,-1,-1
1165,2059.59,15.391,418.853
1166,0,-1,-1
1167,2033.72,16.3156,424.11
1168,0,-1,-1
1169,2030.07,18.0328,524.571
1170,0,-1,-1
1171,2038.49,17.2367,493.844
1172,0,-1,-1
1173,2033.05,17.1442,482.248
1174,0,-1,-1
1175,2039.72,17.1329,467.755
1176,0,-1,-1
1177,2043.3,17.3418,486.031
1178,0,-1,-1
1179,2037.18,18.6199,489.212
1180,0,-1,-1
1181,2036.07,18.9188,536.471
1182,0,-1,-1
1183,2032.82,18.7768,504.611
1184,0,-1,-1
1185,2050.95,16.1567,456.328
1186,0,-1,-1
1187,2048.41,16.6559,457.099
1188,0,-1,-1
1189,2035.37,16.5232,448.992
1190,0,-1,-1
1191,2058.22,16.0269,413.139
1192,0,-1,-1
1193,2050.2,16.884,506.563
1194,0,-1,-1
1195,2044.25,16.4438,468.625
1196,0,-1,-1
1197,2041.35,18.1068,505.111
1198,0,-1,-1
1199,2040.2,18.0621,487.523
1200,0,-1,-1
1201,2034.64,20.4169,624.619
1202,0,-1,-1
1203,2044.99,18.0626,557.873
1204,0,-1,-1
1205,2040.87,17.4997,492.728
1206,0,-1,-1
1207,2036.29,17.7563,512.991
1208,0,-1,-1
1209,2047.73,18.9152,500.551
1210,0,-1,-1
1211,2054.23,17.2292,475.441
1212,0,-1,-1
1213,2038.73,18.7509,494.05
1214,0,-1,-1
1215,2030.07,16.9285,474.019
1216,0,-1,-1
1217,2052.37,17.8206,478.933
1218,0,-1,-1
1219,2035.97,18.291,505.789
1220,0,-1,-1
1221,2054.52,19.4936,517.332
1222,0,-1,-1
1223,2049.45,17.4016,466.989
1224,0,-1,-1
1225,2042.27,19.0535,513.355
1226,0,-1,-1
1227,2029.54,16.7674,474.805
1228,0,-1,-1
1229,2026.99,16.3897,449.247
1230,0,-1,-1
1231,2047.89,16.3024,429.026
1232,0,-1,-1
1233,2026.86,17.3664,558.649
1234,0,-1,-1
1235,2036.18,17.3412,546.12
1236,0,-1,-1
1237,2040.15,17.2874,550.163
1238,0,-1,-1
1239,2034.64,18.5907,530.437
1240,0,-1,-1
1241,2031.2,16.0667,446.184
1242,0,-1,-1
1243,2031.34,17.0377,460.946
1244,0,-1,-1
1245,2065.16,16.926,454.325
1246,0,-1,-1
1247,2040.49,16.6409,455.005
1248,0,-1,-1
1249,2039.23,19.2271,536.519
1250,0,-1,-1
1251,2056.07,18.7371,508.616
1252,0,-1,-1
1253,2055.72,18.4649,494.158
1254,0,-1,-1
1255,2038.16,18.9321,498.828
1256,0,-1,-1
1257,2054.48,19.5008,520.1
1258,0,-1,-1
1259,2028.31,19.4548,518.746
1260,0,-1,-1
1261,2050.14,19.5525,520.142
1262,0,-1,-1
1263,2051.04,19.6388,520.183
1264,0,-1,-1
1265,2054.1,18.5184,517.109
1266,0,-1,-1
1267,2043.19,19.6327,529.166
1268,0,-1,-1
1269,2052.18,19.4394,519.681
1270,0,-1,-1
1271,2052.52,19.035,513.587
1272,0,-1,-1
1273,2036.44,19.7631,545.236
1274,0,-1,-1
1275,2058.16,20.6871,547.021
1276,0,-1,-1
1277,2036.91,20.8867,583.469
1278,0,-1,-1
1279,2031.99,20.8916,585.611
1280,0,-1,-1
1281,2029.79,15.3278,428.041
1282,0,-1,-1
1283,2039.47,14.8794,419.255
1284,0,-1,-1
1285,2051.69,15.6054,423.198
1286,0,-1,-1
1287,2048.43,14.9411,418.951
1288,0,-1,-1
1289,2049.1,15.0532,421.239
1290,0,-1,-1
1291,2046.52,15.2875,425.938
1292,0,-1,-1
1293,2036.88,15.2867,416.279
1294,0,-1,-1
1295,2048.64,15.4497,423.173
1296,0,-1,-1
1297,2066.16,16.8692,468.804
1298,0,-1,-1
1299,2046.05,17.5859,479.857
1300,0,-1,-1
1301,2038.97,17.8062,483.368
1302,0,-1,-1
1303,2045.56,17.8368,480.587
1304,0,-1,-1
1305,2046.08,17.9433,480.476
1306,0,-1,-1
1307,2045.87,17.7345,481.666
1308,0,-1,-1
1309,2026.12,17.1098,470.533
1310,0,-1,-1
1311,2035.67,18.3917,492.863
1312,0,-1,-1
1313,2036.33,18.7423,499.794
1314,0,-1,-1
1315,2064.91,18.5311,498.548
1316,0,-1,-1
1317,2054.98,17.9517,491.544
1318,0,-1,-1
1319,2062.16,18.4717,494.161
1320,0,-1,-1
1321,2063.38,17.9431,484.233
1322,0,-1,-1
1323,2043.96,17.8141,480.268
1324,0,-1,-1
1325,2045.33,17.8513,482.332
1326,0,-1,-1
1327,2045.26,18.3712,494.646
1328,0,-1,-1
1329,2048.11,21.4729,589.408
1330,0,-1,-1
1331,2037.77,21.4484,585.489
1332,0,-1,-1
1333,2043.01,20.5451,567.256
1334,0,-1,-1
1335,2050.79,21.2442,578.64
1336,0,-1,-1
1337,2045.75,20.7065,539.118
1338,0,-1,-1
1339,2065.37,21.0127,575.605
1340,0,-1,-1
1341,2040.6,20.7083,535.203
1342,0,-1,-1
1343,2045.27,20.7832,561.721
1344,0,-1,-1
1345,2030.18,17.0157,471.857
1346,0,-1,-1
1347,2044.31,16.5076,458.865
1348,0,-1,-1
1349,2042.5,17.0294,461.426
1350,0,-1,-1
1351,2046.54,16.86,461.841
1352,0,-1,-1
1353,2044.87,15.9015,439.575
1354,0,-1,-1
1355,2049.82,16.1806,450.745
1356,0,-1,-1
1357,2055.8,16.0572,465.878
1358,0,-1,-1
1359,2043.17,16.2193,466.007
1360,0,-1,-1
1361,2037.92,17.731,466.377
1362,0,-1,-1
1363,2038.53,17.0063,463.038
1364,0,-1,-1
1365,2043.5,16.6676,461.3
1366,0,-1,-1
1367,2038.69,17.2602,485.994
1368,0,-1,-1
1369,2046.3,17.0149,463.011
1370,0,-1,-1
1371,2041.14,16.7985,523.587
1372,0,-1,-1
1373,2046.84,17.0475,473.661
1374,0,-1,-1
1375,2052.09,17.6991,487.147
1376,0,-1,-1
1377,2041.07,18.4697,543.851
1378,0,-1,-1
1379,2054.5,19.084,548.075
1380,0,-1,-1
1381,2049.89,19.2052,565.882
1382,0,-1,-1
1383,2037.6,18.8412,551.041
1384,0,-1,-1
1385,2053.85,18.4822,511.619
1386,0,-1,-1
1387,2048.87,19.4383,523.978
1388,0,-1,-1
1389,2053.71,19.033,529.177
1390,0,-1,-1
1391,2040.09,18.6743,535.403
1392,0,-1,-1
1393,2043.17,15.598,434.666
1394,0,-1,-1
1395,2048.07,15.3674,429.535
1396,0,-1,-1
1397,2060.01,16.5138,449.802
1398,0,-1,-1
1399,2047.08,15.3488,437.436
1400,0,-1,-1
1401,2060.44,15.5796,440.668
1402,0,-1,-1
1403,2051.51,15.3076,411.031
1404,0,-1,-1
1405,2046.61,15.502,446.005
1406,0,-1,-1
1407,2042.74,15.5965,467.681
1408,0,-1,-1
1409,2043.19,19.6227,527.636
1410,0,-1,-1
1411,2045.44,19.1495,505.231
1412,0,-1,-1
1413,2040.62,19.0671,515.06
1414,0,-1,-1
1415,2058.84,18.9942,513.164
1416,0,-1,-1
1417,2046.08,19.2129,504.609
1418,0,-1,-1
1419,2056.24,19.2586,505.872
1420,0,-1,-1
1421,2039.27,19.4278,516.139
1422,0,-1,-1
1423,2030.96,18.9545,515.225
1424,0,-1,-1
1425,2039.25,17.2466,458.577
1426,0,-1,-1
1427,2035.31,17.4415,477.651
1428,0,-1,-1
1429,2050.87,17.985,505.569
1430,0,-1,-1
1431,2055,17.7873,499.356
1432,0,-1,-1
1433,2023.77,17.1805,446.293
1434,0,-1,-1
1435,2051.79,17.3675,475.882
1436,0,-1,-1
1437,2056.3,17.9818,493.091
1438,0,-1,-1
1439,2045.15,17.5523,493.123
1440,0,-1,-1
1441,2044.73,16.7298,459.569
1442,0,-1,-1
1443,2030.87,17.0374,447.987
1444,0,-1,-1
1445,2038.21,17.2184,507.676
1446,0,-1,-1
1447,2052.05,17.7435,540.081
1448,0,-1,-1
1449,2044.63,17.3974,451.632
1450,0,-1,-1
1451,2044.13,16.9603,454.251
1452,0,-1,-1
1453,2040.53,17.3679,465.234
1454,0,-1,-1
1455,2053.37,17.3078,470.919
1456,0,-1,-1
1457,2057.53,18.867,483.318
1458,0,-1,-1
1459,2047.03,18.964,505.661
1460,0,-1,-1
1461,2037.46,20.6886,638.841
1462,0,-1,-1
1463,2038.81,20.0866,612.534
1464,0,-1,-1
1465,2041.82,19.0044,439.256
1466,0,-1,-1
1467,2057.79,18.9355,486.618
1468,0,-1,-1
1469,2044.28,19.027,474.762
1470,0,-1,-1
1471,2044.98,19.0868,511.21
1472,0,-1,-1
1473,2045.51,17.8663,470.666
1474,0,-1,-1
1475,2060.09,17.8346,464.581
1476,0,-1,-1
1477,2060.3,18.349,471.393
1478,0,-1,-1
1479,2033.71,17.937,472.082
1480,0,-1,-1
1481,2047.51,17.886,465.279
1482,0,-1,-1
1483,2050.1,17.8135,455.492
1484,0,-1,-1
1485,2057.01,18.5034,480.169
1486,0,-1,-1
1487,2035.59,17.8557,467.091
1488,0,-1,-1
1489,2055.68,19.3285,509.866
1490,0,-1,-1
1491,2044.03,19.5068,509.092
1492,0,-1,-1
1493,2046.76,19.7735,518.417
1494,0,-1,-1
1495,2046.41,19.124,506.35
1496,0,-1,-1
1497,2053.18,19.8611,515.561
1498,0,-1,-1
1499,2049.27,19.8528,518.159
1500,0,-1,-1
1501,2016.26,19.9843,520.615
1502,0,-1,-1
1503,2047.63,19.9389,526.29
1504,0,-1,-1
1505,2050.22,18.3207,480.352
1506,0,-1,-1
1507,2058.84,18.9246,492.3
1508,0,-1,-1
1509,2043.65,19.0238,494.127
1510,0,-1,-1
1511,2043.25,18.5236,488.323
1512,0,-1,-1
1513,2030.76,18.3352,480.046
1514,0,-1,-1
1515,2044.95,18.482,479.473
1516,0,-1,-1
1517,2034.97,19.0802,494.234
1518,0,-1,-1
1519,2037.42,18.9088,502.089
1520,0,-1,-1
1521,2048.78,19.109,511.661
1522,0,-1,-1
1523,2046.89,20.286,540.812
1524,0,-1,-1
1525,2056.63,20.8941,531.456
1526,0,-1,-1
1527,2047.6,20.0681,539.587
1528,0,-1,-1
1529,2048.96,20.8244,531.177
1530,0,-1,-1
1531,2041.74,19.477,512.915
1532,0,-1,-1
1533,2034.57,20.1228,525.323
1534,0,-1,-1
1535,2031.86,20.5251,533.489
1536,2037.27,15.5475,455.695
1537,2053.45,17.6076,556.762
1538,2058.47,15.0985,432.146
1539,2038.41,18.7437,592.646
1540,2040.11,15.272,425.206
1541,2050.03,18.8851,570.202
1542,2033.25,14.7512,368.817
1543,2035.78,17.4772,472.237
1544,2046.8,16.3557,500.658
1545,2050.81,19.173,651.154
1546,2057.5,16.2513,525.95
1547,2043.66,18.8235,659.956
1548,2047.38,15.5142,465.047
1549,2042.26,18.55,565.792
1550,2045.02,16.0836,449.421
1551,2040,18.7972,577.394
1552,2055.79,17.9983,521.967
1553,2027.12,17.9645,527.231
1554,2061.03,17.667,521.315
1555,2035.53,18.3799,542.651
1556,2044.43,18.3986,520.065
1557,2040.08,18.1313,522.544
1558,2051.37,18.9421,527.866
1559,2046.04,18.0216,498.079
1560,2033.17,18.4325,520.628
1561,2064.85,18.6646,576.578
1562,2048.26,17.9361,518.617
1563,2047.34,18.3142,519.804
1564,2034.84,18.3301,505.015
1565,2040.01,18.5988,528.37
1566,2056.51,18.0849,505.159
1567,2056.03,17.8633,497.891
1568,2050.37,14.9691,440.265
1569,2034.77,18.5436,533.277
1570,2041.47,15.2641,458.27
1571,2057.75,16.4127,481.219
1572,2053.94,14.5086,417.528
1573,2051.97,16.6479,477.675
1574,2041.54,15.9975,454.19
1575,2053.19,17.6796,461.587
1576,2037.1,15.0044,453.318
1577,2035.58,17.5489,495.255
1578,2057.73,16.857,471.33
1579,2048.01,17.2809,491.885
1580,2046.49,14.9686,432.902
1581,2047.72,17.0111,493.591
1582,2052.41,14.4389,415.743
1583,2059.87,16.7255,486.777
1584,2032.5,16.456,491.814
1585,2034.3,16.2471,473.298
1586,2033.27,16.3553,488.107
1587,2050.13,16.6149,478.263
1588,2045.09,16.4371,480.703
1589,2047.8,16.2121,460.902
1590,2028.39,16.4633,481.639
1591,2046.13,17.3015,483.898
1592,2048.54,17.96,511.094
1593,2048.06,18.1275,495.518
1594,2053.27,16.3903,483.158
1595,2041.32,16.6614,475.296
1596,2045.87,18.1327,501.242
1597,2066.74,18.3842,494.16
1598,2058.82,16.9471,479.015
1599,2053.88,16.0528,470.96
1600,2049.33,15.6362,462.703
1601,2033.49,16.6626,484.589
1602,2041.86,15.4354,458.281
1603,2064.01,17.0071,484.913
1604,2051.26,15.1773,451.621
1605,2043.32,16.8966,469.773
1606,2041.16,15.479,435.546
1607,2074.08,16.8365,484.703
1608,2050.67,15.5335,460.234
1609,2022.02,17.4504,493.195
1610,2056.75,15.654,463.193
1611,2042.53,16.8293,489.038
1612,2046.64,14.6193,437.098
1613,2057.69,16.829,489.158
1614,2034.35,15.653,462.448
1615,2043.7,16.7284,478.064
1616,2056.13,15.7507,475.569
1617,2040.12,19.2559,546.851
1618,2036.82,16.1295,481.796
1619,2035.72,17.8182,520.038
1620,2038.76,15.7041,469.048
1621,2052.54,17.1357,505.424
1622,2049.62,18.2342,499.166
1623,2029.33,17.3782,512.958
1624,2053.55,16.8671,490.887
1625,2047.34,17.9677,520.216
1626,2043.48,18.0161,509.907
1627,2041.82,18.6575,526.712
1628,2057.33,15.8792,460.259
1629,2058.03,19.2028,532.256
1630,2039.66,16.1663,478.056
1631,2034.77,18.4288,521.188
1632,2042.13,19.7281,571.768
1633,2058.3,17.489,484.518
1634,2045.63,19.675,561.394
1635,2046.65,17.8789,492.131
1636,2059.83,19.4453,568.925
1637,2050.34,17.4995,470.397
1638,2042.44,20.4003,571.79
1639,2036.99,15.6966,441.86
1640,2047.68,20.02,566.207
1641,2066.96,17.914,488.029
1642,2042.9,18.5132,548.606
1643,2045.41,17.7616,485.477
1644,2053.52,18.4397,530.497
1645,2049.19,18.3674,488.162
1646,2057.46,19.2876,546.817
1647,2056.29,17.9134,483.152
1648,2043.87,18.7064,531.502
1649,2042.43,19.1054,541.946
1650,2058.51,17.3419,520.968
1651,2031.35,19.1573,543.247
1652,2027.02,19.5801,537.652
1653,2043.14,19.1469,537.507
1654,2043.24,17.0132,502.101
1655,2053.44,18.4925,529.225
1656,2050.45,19.1734,544.854
1657,2051.92,18.4797,539.975
1658,2047.19,18.9987,545.982
1659,2069.35,17.7174,525.024
1660,2053.78,18.1456,525.023
1661,2056.32,18.5626,537.284
1662,2047.48,18.7546,535.892
1663,2036.96,17.5576,515.67
1664,2060.36,18.5233,536.051
1665,2058.54,19.1342,534.231
1666,2042.99,18.2854,522.799
1667,2046.68,17.7585,484.893
1668,2037.42,19.0157,539.851
1669,2043.97,19.4308,526.462
1670,2053.78,18.3175,491.179
1671,2050.28,17.1122,428.373
1672,2041.41,18.3607,533.738
1673,2057.42,19.1674,524.621
1674,2050.82,19.0799,542.54
1675,2051.54,17.5302,508.099
1676,2051.81,18.2946,520.348
1677,2040.64,17.9819,502.41
1678,2051.16,18.5267,512.077
1679,2047,17.3912,488.817
1680,2045.45,17.6281,509.614
1681,2040.07,19.8516,554.526
1682,2044.25,18.2986,516.645
1683,2042.02,19.8013,548.038
1684,2054.46,17.9496,509.797
1685,2051.37,19.2644,508.011
1686,2070.9,18.1166,515.753
1687,2047.28,19.0614,502.808
1688,2043.55,18.4988,522.813
1689,2038.15,19.737,549.337
1690,2040.07,17.9929,509.4
1691,2029.01,17.0223,499.587
1692,2049.12,17.8083,504.14
1693,2042.81,19.5834,530.824
1694,2061.53,18.0793,503.392
1695,2045.07,17.3114,505.243
1696,2044.79,16.456,462.265
1697,2043.08,18.6368,538.271
1698,2030.79,16.6498,470.408
1699,2046.7,18.3906,530.469
1700,2043.31,16.2793,435.246
1701,2054.07,18.327,522.856
1702,2048.54,16.3383,421.385
1703,2040.16,18.2561,523.619
1704,2036.08,15.9298,452.698
1705,2058.14,18.467,533.547
1706,2061.86,16.3377,462.627
1707,2049.11,18.8503,541.278
1708,2050.41,16.4591,458.459
1709,2057.52,18.3421,521.839
1710,2043.92,15.4848,435.679
1711,2060.11,18.2254,526.887
1712,2038.87,18.2684,527.892
1713,2038.8,16.2256,458.685
1714,2048.03,18.8408,542.346
1715,2028.66,15.9197,451.776
1716,2060.58,18.1875,521.183
1717,2033.22,16.0591,444.389
1718,2043.7,18.0327,510.498
1719,2046.68,17.2355,463.796
1720,2063.97,19.0243,531.717
1721,2039.21,19.2007,510.568
1722,2037.31,18.9573,534.533
1723,2034.43,18.0212,486.03
1724,2053.47,19.5335,540.914
1725,2051.43,19.5618,515.622
1726,2068.05,19.2769,539.976
1727,2051.98,18.3315,466.046
1728,2043.68,16.98,488.372
1729,2042.68,19.3296,545.531
1730,2048.1,17.2424,489.349
1731,2044.88,18.5488,541.813
1732,2059.44,18.0657,498.562
1733,2041.73,17.811,524.01
1734,2052.63,17.7314,494.226
1735,2046.67,18.6027,529.016
1736,2047.4,17.8473,502.69
1737,2054.97,20.0147,573.149
1738,2051.01,17.1717,491.116
1739,2040.71,20.7103,575.446
1740,2037.65,17.6884,492.151
1741,2058.84,20.4855,571.241
1742,2043.7,17.304,485.057
1743,2043.69,21.4346,591.332
1744,2059.61,18.4501,580.393
1745,2047.13,17.0101,488.842
1746,2044.85,18.9967,638.283
1747,2048.19,16.2776,480.183
1748,2036.65,18.6719,560.218
1749,2063,16.2661,473.45
1750,2039.72,18.137,525.899
1751,2061.7,18.805,504.696
1752,2041.93,18.4511,535.409
1753,2046.18,18.0384,499.007
1754,2036.95,18.0591,514.865
1755,2053.75,17.9304,507.011
1756,2035.05,18.7909,526.37
1757,2055.42,17.7264,498.033
1758,2056.52,19.2528,533.462
1759,2048.95,17.8764,492.076
1760,2062.65,18.8953,525.499
1761,2041.1,15.4557,454.415
1762,2053.65,18.8349,528.817
1763,2044.92,15.5263,455.677
1764,2046.39,17.5052,486.345
1765,2043.22,15.6312,444.606
1766,2040.42,17.9791,511.372
1767,2060.87,17.4556,475.962
1768,2045.57,18.8502,530.421
1769,2062.09,17.1507,486.939
1770,2052.27,19.5733,552.218
1771,2059.26,17.0383,488.516
1772,2041.04,18.1955,509.011
1773,2063.26,16.8579,468.307
1774,2056.67,18.0785,513.985
1775,2033.42,16.4167,464.747
1776,2045.78,15.4995,440.165
1777,2055.43,17.8238,499.321
1778,2044.97,13.9539,415.661
1779,2053.16,16.7438,494.211
1780,2037.91,14.1499,411.681
1781,2031.81,16.0005,467.641
1782,2036.9,14.5831,420.852
1783,2041.86,17.1096,480.899
1784,2055.08,14.4205,447.577
1785,2055.97,18.0518,505.767
1786,2058.06,14.319,433.146
1787,2035.82,18.3961,514.527
1788,2040.11,14.4021,416.675
1789,2041.54,18.3144,507.98
1790,2045.12,14.6829,429.245
1791,2067.24,17.2822,494.901
1792,2049.01,19.1077,604.224
1793,2049.12,15.9447,454.997
1794,2048.9,18.8317,559.377
1795,2052.48,15.8251,442.177
1796,2030.2,19.0398,559.167
1797,2069.75,15.9882,449.524
1798,2046.89,18.4263,500.254
1799,2041.94,15.8129,383.34
1800,2044.3,18.5138,561.604
1801,2054.61,15.9122,457.692
1802,2060.59,19.0766,567.777
1803,2042.97,16.5931,467.809
1804,2060.56,18.6922,526.516
1805,2055.09,15.8071,444.2
1806,2046.23,18.0127,493.284
1807,2050.67,15.7135,430.531
1808,2054.47,17.6233,522.446
1809,2044.04,18.3661,522.203
1810,2039.01,17.5228,518.062
1811,2047.94,17.9138,509.887
1812,2043.24,17.8808,514.143
1813,2038.27,17.7305,496.641
1814,2041.58,18.8173,513.226
1815,2060.26,17.8912,479.804
1816,2045.17,18.9622,544.631
1817,2055.41,18.8037,539.698
1818,2051.61,18.7333,540.67
1819,2054.57,18.8557,530.445
1820,2046.43,19.4096,544.098
1821,2071.69,18.9141,538.035
1822,2053.52,18.1957,518.802
1823,2036.99,17.9206,500.173
1824,2038.16,18.0274,552.288
1825,2048.8,18.3782,529.973
1826,2044.73,18.1337,545.638
1827,2054.71,17.5146,514.266
1828,2035.22,17.8282,491.884
1829,2056.7,18.1418,503.898
1830,2049.58,17.0206,494.255
1831,2048.42,17.607,497.403
1832,2039.92,16.0077,494.569
1833,2052.44,18.944,568.338
1834,2053.09,18.0517,557.445
1835,2040.66,18.9606,541.853
1836,2042.87,17.009,485.885
1837,2045.37,18.027,518.015
1838,2043.98,16.5283,470.604
1839,2049.97,17.2212,501.941
1840,2052.69,17.195,523.003
1841,2048.89,18.502,571.144
1842,2051.32,16.414,470.862
1843,2035.92,18.2961,543.791
1844,2037.84,16.6491,464.196
1845,2049.54,19.163,545.224
1846,2032.05,16.7824,458.099
1847,2049.7,18.7222,535.018
1848,2059.42,16.4096,467.476
1849,2047.45,17.5496,520.781
1850,2061.17,16.2882,475.92
1851,2033.99,18.7794,540.559
1852,2046.32,17.1356,477.259
1853,2055.27,17.4364,506.677
1854,2053.88,16.687,460.207
1855,2037.45,18.9114,527.954
1856,2055,18.7475,554.868
1857,2034.97,17.5544,510.101
1858,2048.2,19.4276,582.595
1859,2043.46,17.6586,525.509
1860,2063.37,18.9642,548.503
1861,2053.73,18.4093,517.595
1862,2059.04,19.4502,555.304
1863,2052.41,18.062,511.283
1864,2042.72,19.4067,549.81
1865,2052.45,17.9354,528.752
1866,2043.47,18.3999,543.59
1867,2035.72,18.3682,534.428
1868,2059.89,18.2939,526.784
1869,2038.12,17.9999,518.686
1870,2041.83,19.1742,536.329
1871,2057.23,18.047,512.115
1872,2029.33,16.8481,504.549
1873,2061.09,15.3754,445.999
1874,2057.16,16.3677,488.472
1875,2035.92,15.3999,445.161
1876,2053.83,17.0256,493.028
1877,2057.06,15.4611,443.979
1878,2049.73,16.6759,488.666
1879,2053.45,14.6072,427.72
1880,2056.25,18.4546,530.806
1881,2052.64,15.5347,456.562
1882,2046.79,18.2798,528.213
1883,2049.42,15.4557,452.831
1884,2039.25,18.5641,529.391
1885,2050.61,14.4472,424.69
1886,2063.44,18.8581,534.658
1887,2047.64,15.4919,442.828
1888,2044.58,17.1212,496.031
1889,2033.08,18.8391,542.02
1890,2057.15,17.4191,511.933
1891,2031.75,18.4932,533.024
1892,2036.98,17.309,496.093
1893,2032.65,17.8386,497.206
1894,2038.97,18.4506,523.416
1895,2050.83,18.8911,546.857
1896,2043.98,19.3386,535.266
1897,2055.11,18.2596,539.794
1898,2062.58,20.0306,561.773
1899,2053.89,18.6353,550.072
1900,2054.47,17.9506,532.184
1901,2060.07,18.7224,539.609
1902,2048.71,19.3794,532.471
1903,2050.89,18.2688,528.452
1904,2038.57,19.2051,540.818
1905,2045.03,17.6812,505.024
1906,2052.5,20.0139,558.519
1907,2037.24,17.2052,494.932
1908,2030.19,19.0312,539.81
1909,2047.78,17.3007,495.849
1910,2048.07,19.1616,535.271
1911,2036.85,16.5505,479.091
1912,2031.46,19.0584,533.742
1913,2038.46,16.5956,482.677
1914,2028.49,19.1325,550.921
1915,2052.64,16.7251,494.334
1916,2039.76,19.9223,547.295
1917,2053.97,16.8545,485.551
1918,2047.67,19.4587,547.88
1919,2053.1,16.8495,490.571
1920,2035.14,17.953,520.68
1921,2044.1,17.0948,500.069
1922,2040.85,18.1929,519.693
1923,2035.7,16.9938,467.791
1924,2055.82,17.7806,513.833
1925,2057.91,17.1361,475.608
1926,2041.81,17.1375,435.026
1927,2050.3,18.7674,457.905
1928,2029.48,15.9972,487.481
1929,2050.07,17.92,512.524
1930,2075.92,17.6453,513.056
1931,2050.33,17.3128,508.523
1932,2045.41,17.7477,479.77
1933,2047.91,18.9264,503.928
1934,2052.9,17.6111,506.723
1935,2049.05,17.3543,478.156
1936,2048.27,14.5418,455.009
1937,2049.85,15.3985,469.609
1938,2043.49,16.4077,493.397
1939,2047.68,15.6829,481.244
1940,2051.53,16.6347,469.791
1941,2040.5,17.1197,475.171
1942,2038.94,16.3672,467.528
1943,2059.19,15.4289,456.866
1944,2039.2,18.0406,607.477
1945,2046.8,15.5853,474.301
1946,2028.59,17.3819,574.333
1947,2060.54,17.2734,501.804
1948,2036.91,16.9405,521.511
1949,2054.27,16.0947,471.514
1950,2039.71,16.541,474.505
1951,2065.61,14.9479,426.055
1952,2048.86,15.5621,470.249
1953,2040.75,20.9868,599.578
1954,2048.31,15.7698,480.545
1955,2044.96,20.7361,590.686
1956,2043.69,14.8307,408.151
1957,2053.17,20.1469,559.65
1958,2030.18,15.7856,441.889
1959,2059.41,19.9183,565.456
1960,2035.76,16.2802,487.324
1961,2045.05,19.9111,610.155
1962,2056.49,16.6761,500.602
1963,2056.57,21.2527,617.619
1964,2039.23,16.3092,464.668
1965,2043.6,20.4441,583.566
1966,2062.26,15.9535,448.702
1967,2044.13,20.8501,598.439
1968,2040.45,16.4449,514.792
1969,2057.88,17.5118,505.22
1970,2043.12,15.5062,473.737
1971,2053.61,16.8592,486.926
1972,2046.31,16.3602,487.95
1973,2044.75,16.087,461.727
1974,2053.81,16.5443,478.646
1975,2031.12,16.9786,464.599
1976,2032.44,17.133,526.971
1977,2052.04,17.6436,521.129
1978,2040.51,17.4679,510.28
1979,2045.63,17.3094,478.321
1980,2043.57,16.8363,487.365
1981,2036.68,16.8811,464.842
1982,2032.04,17.3884,492.85
1983,2042.09,16.9554,461.119
1984,2051.23,17.4001,513.065
1985,2038.57,17.0335,499.367
1986,2038.48,18.0108,519.554
1987,2029.23,17.4182,502.802
1988,2032.04,18.0705,512.254
1989,2049.5,16.7335,483.46
1990,2044.36,17.0029,494.584
1991,2037.36,17.986,507.251
1992,2034.2,18.0669,517.99
1993,2034.06,17.2482,500.37
1994,2047.32,17.1973,513.959
1995,2030.49,17.4069,511.461
1996,2025.88,17.2651,507.278
1997,2055.38,17.678,500.225
1998,2049.54,17.2502,500.633
1999,2037.14,17.373,499.283
2000,2052.32,15.2058,456.462
2001,2056.54,19.4121,555.155
2002,2052.5,15.4887,468.134
2003,2031.81,19.2773,549.625
2004,2041.63,14.9182,440.177
2005,2054.99,18.7893,526.852
2006,2043.82,15.1541,448.766
2007,2046.98,19.4611,546.728
2008,2046.05,15.2975,456.838
2009,2063.17,17.6113,516.842
2010,2043.04,16.1395,471.552
2011,2065.59,17.8877,535.091
2012,2047.4,15.5958,457.147
2013,2048.2,18.9875,527.218
2014,2052.19,16.4321,469.217
2015,2054.57,17.7289,521.547
2016,2047.56,17.4463,518.849
2017,2054.71,18.1238,528.398
2018,2036.96,16.9122,519.554
2019,2046.13,17.3315,501.046
2020,2052.79,16.3381,495.668
2021,2060.05,18.6889,550.563
2022,2037.74,16.5749,494.434
2023,2044.72,17.1375,515.542
2024,2041.29,16.5371,504.158
2025,2066.2,17.4746,503.88
2026,2039.19,16.7512,515.237
2027,2042.9,17.1811,496.074
2028,2044.41,16.686,493.843
2029,2041.87,17.6843,498.184
2030,2042.43,16.6899,498.223
2031,2051.88,17.2653,492.635
2032,2044.28,17.7274,506.051
2033,2039.18,17.7931,530.741
2034,2051.7,16.3038,485.204
2035,2035.54,17.8556,525.396
2036,2031.2,16.2605,484.038
2037,2055.13,17.9519,505.572
2038,2051.25,16.6791,492.666
2039,2049.34,17.2399,492.183
2040,2047.07,18.2007,513.968
2041,2047.16,17.0336,503.513
2042,2038.13,17.6111,508.201
2043,2041.51,17.2915,507.58
2044,2053.42,16.2001,482.936
2045,2057.08,17.6835,499.846
2046,2043.41,16.659,494.299
2047,2048.97,17.3077,503.157
TABLE CRVTime
#channel,timeOffset
0,0
1,-25.7385
2,0
3,-25.7385
4,0
5,-25.7385
6,0
7,-25.7385
8,0
9,-25.7385
10,0
11,-25.7385
12,0
13,-25.7385
14,0
15,-25.7385
16,0
17,-25.7385
18,0
19,-25.7385
20,0
21,-25.7385
22,0
23,-25.7385
24,0
25,-25.7385
26,0
27,-25.7385
28,0
29,-25.7385
30,0
31,-25.7385
32,-0.0736953
33,-26.0914
34,-0.0736953
35,-26.0914
36,-0.0736953
37,-26.0914
38,-0.0736953
39,-26.0914
40,-0.0736953
41,-26.0914
42,-0.0736953
43,-26.0914
44,-0.0736953
45,-26.0914
46,-0.0736953
47,-26.0914
48,-0.0736953
49,-26.0914
50,-0.0736953
51,-26.0914
52,-0.0736953
53,-26.0914
54,-0.0736953
55,-26.0914
56,-0.0736953
57,-26.0914
58,-0.0736953
59,-26.0914
60,-0.0736953
61,-26.0914
62,-0.0736953
63,-26.0914
64,-1.08007
65,-26.4429
66,-1.08007
67,-26.4429
68,-1.08007
69,-26.4429
70,-1.08007
71,-26.4429
72,-1.08007
73,-26.4429
74,-1.08007
75,-26.4429
76,-1.08007
77,-26.4429
78,-1.08007
79,-26.4429
80,-1.08007
81,-26.4429
82,-1.08007
83,-26.4429
84,-1.08007
85,-26.4429
86,-1.08007
87,-26.4429
88,-1.08007
89,-26.4429
90,-1.08007
91,-26.4429
92,-1.08007
93,-26.4429
94,-1.08007
95,-26.4429
96,-1.73141
97,-27.9203
98,-1.73141
99,-27.9203
100,-1.73141
101,-27.9203
102,-1.73141
103,-27.9203
104,-1.73141
105,-27.9203
106,-1.73141
107,-27.9203
108,-1.73141
109,-27.9203
110,-1.73141
111,-27.9203
112,-1.73141
113,-27.9203
114,-1.73141
115,-27.9203
116,-1.73141
117,-27.9203
118,-1.73141
119,-27.9203
120,-1.73141
121,-27.9203
122,-1.73141
123,-27.9203
124,-1.73141
125,-27.9203
126,-1.73141
127,-27.9203
128,-1.91942
129,-25.0117
130,-1.91942
131,-25.0117
132,-1.91942
133,-25.0117
134,-1.91942
135,-25.0117
136,-1.91942
137,-25.0117
138,-1.91942
139,-25.0117
140,-1.91942
141,-25.0117
142,-1.91942
143,-25.0117
144,-1.91942
145,-25.0117
146,-1.91942
147,-25.0117
148,-1.91942
149,-25.0117
150,-1.91942
151,-25.0117
152,-1.91942
153,-25.0117
154,-1.91942
155,-25.0117
156,-1.91942
157,-25.0117
158,-1.91942
159,-25.0117
160,-1.81682
161,-25.7646
162,-1.81682
163,-25.7646
164,-1.81682
165,-25.7646
166,-1.81682
167,-25.7646
168,-1.81682
169,-25.7646
170,-1.81682
171,-25.7646
172,-1.81682
173,-25.7646
174,-1.81682
175,-25.7646
176,-1.81682
177,-25.7646
178,-1.81682
179,-25.7646
180,-1.81682
181,-25.7646
182,-1.81682
183,-25.7646
184,-1.81682
185,-25.7646
186,-1.81682
187,-25.7646
188,-1.81682
189,-25.7646
190,-1.81682
191,-25.7646
192,-7.48413
193,-25.9679
194,-7.48413
195,-25.9679
196,-7.48413
197,-25.9679
198,-7.48413
199,-25.9679
200,-7.48413
201,-25.9679
202,-7.48413
203,-25.9679
204,-7.48413
205,-25.9679
206,-7.48413
207,-25.9679
208,-7.48413
209,-25.9679
210,-7.48413
211,-25.9679
212,-7.48413
213,-25.9679
214,-7.48413
215,-25.9679
216,-7.48413
217,-25.9679
218,-7.48413
219,-25.9679
220,-7.48413
221,-25.9679
222,-7.48413
223,-25.9679
224,-2.71664
225,-26.8578
226,-2.71664
227,-26.8578
228,-2.71664
229,-26.8578
230,-2.71664
231,-26.8578
232,-2.71664
233,-26.8578
234,-2.71664
235,-26.8578
236,-2.71664
237,-26.8578
238,-2.71664
239,-26.8578
240,-2.71664
241,-26.8578
242,-2.71664
243,-26.8578
244,-2.71664
245,-26.8578
246,-2.71664
247,-26.8578
248,-2.71664
249,-26.8578
250,-2.71664
251,-26.8578
252,-2.71664
253,-26.8578
254,-2.71664
255,-26.8578
256,-110.29
257,-27.5495
258,-110.29
259,-27.5495
260,-110.29
261,-27.5495
262,-110.29
263,-27.5495
264,-110.29
265,-27.5495
266,-110.29
267,-27.5495
268,-110.29
269,-27.5495
270,-110.29
271,-27.5495
272,-110.29
273,-27.5495
274,-110.29
275,-27.5495
276,-110.29
277,-27.5495
278,-110.29
279,-27.5495
280,-110.29
281,-27.5495
282,-110.29
283,-27.5495
284,-110.29
285,-27.5495
286,-110.29
287,-27.5495
288,-110.378
289,-27.2442
290,-110.378
291,-27.2442
292,-110.378
293,-27.2442
294,-110.378
295,-27.2442
296,-110.378
297,-27.2442
298,-110.378
299,-27.2442
300,-110.378
301,-27.2442
302,-110.378
303,-27.2442
304,-110.378
305,-27.2442
306,-110.378
307,-27.2442
308,-110.378
309,-27.2442
310,-110.378
311,-27.2442
312,-110.378
313,-27.2442
314,-110.378
315,-27.2442
316,-110.378
317,-27.2442
318,-110.378
319,-27.2442
320,-111.322
321,-27.8841
322,-111.322
323,-27.8841
324,-111.322
325,-27.8841
326,-111.322
327,-27.8841
328,-111.322
329,-27.8841
330,-111.322
331,-27.8841
332,-111.322
333,-27.8841
334,-111.322
335,-27.8841
336,-111.322
337,-27.8841
338,-111.322
339,-27.8841
340,-111.322
341,-27.8841
342,-111.322
343,-27.8841
344,-111.322
345,-27.8841
346,-111.322
347,-27.8841
348,-111.322
349,-27.8841
350,-111.322
351,-27.8841
352,-111.77
353,-28.7986
354,-111.77
355,-28.7986
356,-111.77
357,-28.7986
358,-111.77
359,-28.7986
360,-111.77
361,-28.7986
362,-111.77
363,-28.7986
364,-111.77
365,-28.7986
366,-111.77
367,-28.7986
368,-111.77
369,-28.7986
370,-111.77
371,-28.7986
372,-111.77
373,-28.7986
374,-111.77
375,-28.7986
376,-111.77
377,-28.7986
378,-111.77
379,-28.7986
380,-111.77
381,-28.7986
382,-111.77
383,-28.7986
384,0.859676
385,-27.4195
386,0.859676
387,-27.4195
388,0.859676
389,-27.4195
390,0.859676
391,-27.4195
392,0.859676
393,-27.4195
394,0.859676
395,-27.4195
396,0.859676
397,-27.4195
398,0.859676
399,-27.4195
400,0.859676
401,-27.4195
402,0.859676
403,-27.4195
404,0.859676
405,-27.4195
406,0.859676
407,-27.4195
408,0.859676
409,-27.4195
410,0.859676
411,-27.4195
412,0.859676
413,-27.4195
414,0.859676
415,-27.4195
416,0.307585
417,-28.3016
418,0.307585
419,-28.3016
420,0.307585
421,-28.3016
422,0.307585
423,-28.3016
424,0.307585
425,-28.3016
426,0.307585
427,-28.3016
428,0.307585
429,-28.3016
430,0.307585
431,-28.3016
432,0.307585
433,-28.3016
434,0.307585
435,-28.3016
436,0.307585
437,-28.3016
438,0.307585
439,-28.3016
440,0.307585
441,-28.3016
442,0.307585
443,-28.3016
444,0.307585
445,-28.3016
446,0.307585
447,-28.3016
448,-0.903498
449,-28.254
450,-0.903498
451,-28.254
452,-0.903498
453,-28.254
454,-0.903498
455,-28.254
456,-0.903498
457,-28.254
458,-0.903498
459,-28.254
460,-0.903498
461,-28.254
462,-0.903498
463,-28.254
464,-0.903498
465,-28.254
466,-0.903498
467,-28.254
468,-0.903498
469,-28.254
470,-0.903498
471,-28.254
472,-0.903498
473,-28.254
474,-0.903498
475,-28.254
476,-0.903498
477,-28.254
478,-0.903498
479,-28.254
480,-1.25415
481,-29.2265
482,-1.25415
483,-29.2265
484,-1.25415
485,-29.2265
486,-1.25415
487,-29.2265
488,-1.25415
489,-29.2265
490,-1.25415
491,-29.2265
492,-1.25415
493,-29.2265
494,-1.25415
495,-29.2265
496,-1.25415
497,-29.2265
498,-1.25415
499,-29.2265
500,-1.25415
501,-29.2265
502,-1.25415
503,-29.2265
504,-1.25415
505,-29.2265
506,-1.25415
507,-29.2265
508,-1.25415
509,-29.2265
510,-1.25415
511,-29.2265
512,-11.5618
513,-35.9992
514,-11.5618
515,-35.9992
516,-11.5618
517,-35.9992
518,-11.5618
519,-35.9992
520,-11.5618
521,-35.9992
522,-11.5618
523,-35.9992
524,-11.5618
525,-35.9992
526,-11.5618
527,-35.9992
528,-11.5618
529,-35.9992
530,-11.5618
531,-35.9992
532,-11.5618
533,-35.9992
534,-11.5618
535,-35.9992
536,-11.5618
537,-35.9992
538,-11.5618
539,-35.9992
540,-11.5618
541,-35.9992
542,-11.5618
543,-35.9992
544,-11.5959
545,-36.1518
546,-11.5959
547,-36.1518
548,-11.5959
549,-36.1518
550,-11.5959
551,-36.1518
552,-11.5959
553,-36.1518
554,-11.5959
555,-36.1518
556,-11.5959
557,-36.1518
558,-11.5959
559,-36.1518
560,-11.5959
561,-36.1518
562,-11.5959
563,-36.1518
564,-11.5959
565,-36.1518
566,-11.5959
567,-36.1518
568,-11.5959
569,-36.1518
570,-11.5959
571,-36.1518
572,-11.5959
573,-36.1518
574,-11.5959
575,-36.1518
576,-12.1331
577,-36.8342
578,-12.1331
579,-36.8342
580,-12.1331
581,-36.8342
582,-12.1331
583,-36.8342
584,-12.1331
585,-36.8342
586,-12.1331
587,-36.8342
588,-12.1331
589,-36.8342
590,-12.1331
591,-36.8342
592,-12.1331
593,-36.8342
594,-12.1331
595,-36.8342
596,-12.1331
597,-36.8342
598,-12.1331
599,-36.8342
600,-12.1331
601,-36.8342
602,-12.1331
603,-36.8342
604,-12.1331
605,-36.8342
606,-12.1331
607,-36.8342
608,-12.6312
609,-37.2225
610,-12.6312
611,-37.2225
612,-12.6312
613,-37.2225
614,-12.6312
615,-37.2225
616,-12.6312
617,-37.2225
618,-12.6312
619,-37.2225
620,-12.6312
621,-37.2225
622,-12.6312
623,-37.2225
624,-12.6312
625,-37.2225
626,-12.6312
627,-37.2225
628,-12.6312
629,-37.2225
630,-12.6312
631,-37.2225
632,-12.6312
633,-37.2225
634,-12.6312
635,-37.2225
636,-12.6312
637,-37.2225
638,-12.6312
639,-37.2225
640,-7.65627
641,-34.8577
642,-7.65627
643,-34.8577
644,-7.65627
645,-34.8577
646,-7.65627
647,-34.8577
648,-7.65627
649,-34.8577
650,-7.65627
651,-34.8577
652,-7.65627
653,-34.8577
654,-7.65627
655,-34.8577
656,-7.65627
657,-34.8577
658,-7.65627
659,-34.8577
660,-7.65627
661,-34.8577
662,-7.65627
663,-34.8577
664,-7.65627
665,-34.8577
666,-7.65627
667,-34.8577
668,-7.65627
669,-34.8577
670,-7.65627
671,-34.8577
672,-8.9539
673,-35.6287
674,-8.9539
675,-35.6287
676,-8.9539
677,-35.6287
678,-8.9539
679,-35.6287
680,-8.9539
681,-35.6287
682,-8.9539
683,-35.6287
684,-8.9539
685,-35.6287
686,-8.9539
687,-35.6287
688,-8.9539
689,-35.6287
690,-8.9539
691,-35.6287
692,-8.9539
693,-35.6287
694,-8.9539
695,-35.6287
696,-8.9539
697,-35.6287
698,-8.9539
699,-35.6287
700,-8.9539
701,-35.6287
702,-8.9539
703,-35.6287
704,-8.59396
705,-36.5347
706,-8.59396
707,-36.5347
708,-8.59396
709,-36.5347
710,-8.59396
711,-36.5347
712,-8.59396
713,-36.5347
714,-8.59396
715,-36.5347
716,-8.59396
717,-36.5347
718,-8.59396
719,-36.5347
720,-8.59396
721,-36.5347
722,-8.59396
723,-36.5347
724,-8.59396
725,-36.5347
726,-8.59396
727,-36.5347
728,-8.59396
729,-36.5347
730,-8.59396
731,-36.5347
732,-8.59396
733,-36.5347
734,-8.59396
735,-36.5347
736,-9.72252
737,-36.5938
738,-9.72252
739,-36.5938
740,-9.72252
741,-36.5938
742,-9.72252
743,-36.5938
744,-9.72252
745,-36.5938
746,-9.72252
747,-36.5938
748,-9.72252
749,-36.5938
750,-9.72252
751,-36.5938
752,-9.72252
753,-36.5938
754,-9.72252
755,-36.5938
756,-9.72252
757,-36.5938
758,-9.72252
759,-36.5938
760,-9.72252
761,-36.5938
762,-9.72252
763,-36.5938
764,-9.72252
765,-36.5938
766,-9.72252
767,-36.5938
768,-8.38115
769,-34.9249
770,-8.38115
771,-34.9249
772,-8.38115
773,-34.9249
774,-8.38115
775,-34.9249
776,-8.38115
777,-34.9249
778,-8.38115
779,-34.9249
780,-8.38115
781,-34.9249
782,-8.38115
783,-34.9249
784,-8.38115
785,-34.9249
786,-8.38115
787,-34.9249
788,-8.38115
789,-34.9249
790,-8.38115
791,-34.9249
792,-8.38115
793,-34.9249
794,-8.38115
795,-34.9249
796,-8.38115
797,-34.9249
798,-8.38115
799,-34.9249
800,-9.18488
801,-35.367
802,-9.18488
803,-35.367
804,-9.18488
805,-35.367
806,-9.18488
807,-35.367
808,-9.18488
809,-35.367
810,-9.18488
811,-35.367
812,-9.18488
813,-35.367
814,-9.18488
815,-35.367
816,-9.18488
817,-35.367
818,-9.18488
819,-35.367
820,-9.18488
821,-35.367
822,-9.18488
823,-35.367
824,-9.18488
825,-35.367
826,-9.18488
827,-35.367
828,-9.18488
829,-35.367
830,-9.18488
831,-35.367
832,-8.97302
833,-36.1733
834,-8.97302
835,-36.1733
836,-8.97302
837,-36.1733
838,-8.97302
839,-36.1733
840,-8.97302
841,-36.1733
842,-8.97302
843,-36.1733
844,-8.97302
845,-36.1733
846,-8.97302
847,-36.1733
848,-8.97302
849,-36.1733
850,-8.97302
851,-36.1733
852,-8.97302
853,-36.1733
854,-8.97302
855,-36.1733
856,-8.97302
857,-36.1733
858,-8.97302
859,-36.1733
860,-8.97302
861,-36.1733
862,-8.97302
863,-36.1733
864,-9.92541
865,-36.1389
866,-9.92541
867,-36.1389
868,-9.92541
869,-36.1389
870,-9.92541
871,-36.1389
872,-9.92541
873,-36.1389
874,-9.92541
875,-36.1389
876,-9.92541
877,-36.1389
878,-9.92541
879,-36.1389
880,-9.92541
881,-36.1389
882,-9.92541
883,-36.1389
884,-9.92541
885,-36.1389
886,-9.92541
887,-36.1389
888,-9.92541
889,-36.1389
890,-9.92541
891,-36.1389
892,-9.92541
893,-36.1389
894,-9.92541
895,-36.1389
896,-9.62013
897,-35.3906
898,-9.62013
899,-35.3906
900,-9.62013
901,-35.3906
902,-9.62013
903,-35.3906
904,-9.62013
905,-35.3906
906,-9.62013
907,-35.3906
908,-9.62013
909,-35.3906
910,-9.62013
911,-35.3906
912,-9.62013
913,-35.3906
914,-9.62013
915,-35.3906
916,-9.62013
917,-35.3906
918,-9.62013
919,-35.3906
920,-9.62013
921,-35.3906
922,-9.62013
923,-35.3906
924,-9.62013
925,-35.3906
926,-9.62013
927,-35.3906
928,-10.1141
929,-35.4659
930,-10.1141
931,-35.4659
932,-10.1141
933,-35.4659
934,-10.1141
935,-35.4659
936,-10.1141
937,-35.4659
938,-10.1141
939,-35.4659
940,-10.1141
941,-35.4659
942,-10.1141
943,-35.4659
944,-10.1141
945,-35.4659
946,-10.1141
947,-35.4659
948,-10.1141
949,-35.4659
950,-10.1141
951,-35.4659
952,-10.1141
953,-35.4659
954,-10.1141
955,-35.4659
956,-10.1141
957,-35.4659
958,-10.1141
959,-35.4659
960,-10.9769
961,-36.791
962,-10.9769
963,-36.791
964,-10.9769
965,-36.791
966,-10.9769
967,-36.791
968,-10.9769
969,-36.791
970,-10.9769
971,-36.791
972,-10.9769
973,-36.791
974,-10.9769
975,-36.791
976,-10.9769
977,-36.791
978,-10.9769
979,-36.791
980,-10.9769
981,-36.791
982,-10.9769
983,-36.791
984,-10.9769
985,-36.791
986,-10.9769
987,-36.791
988,-10.9769
989,-36.791
990,-10.9769
991,-36.791
992,-11.1985
993,-36.682
994,-11.1985
995,-36.682
996,-11.1985
997,-36.682
998,-11.1985
999,-36.682
1000,-11.1985
1001,-36.682
1002,-11.1985
1003,-36.682
1004,-11.1985
1005,-36.682
1006,-11.1985
1007,-36.682
1008,-11.1985
1009,-36.682
1010,-11.1985
1011,-36.682
1012,-11.1985
1013,-36.682
1014,-11.1985
1015,-36.682
1016,-11.1985
1017,-36.682
1018,-11.1985
1019,-36.682
1020,-11.1985
1021,-36.682
1022,-11.1985
1023,-36.682
1024,0
1025,-7.8
1026,0
1027,-7.8
1028,0
1029,-7.8
1030,0
1031,-7.8
1032,0
1033,-7.8
1034,0
1035,-7.8
1036,0
1037,-7.8
1038,0
1039,-7.8
1040,0
1041,-7.8
1042,0
1043,-7.8
1044,0
1045,-7.8
1046,0
1047,-7.8
1048,0
1049,-7.8
1050,0
1051,-7.8
1052,0
1053,-7.8
1054,0
1055,-7.8
1056,0
1057,-1.38305
1058,0
1059,-1.38305
1060,0
1061,-1.38305
1062,0
1063,-1.38305
1064,0
1065,-1.38305
1066,0
1067,-1.38305
1068,0
1069,-1.38305
1070,0
1071,-1.38305
1072,0
1073,-1.38305
1074,0
1075,-1.38305
1076,0
1077,-1.38305
1078,0
1079,-1.38305
1080,0
1081,-1.38305
1082,0
1083,-1.38305
1084,0
1085,-1.38305
1086,0
1087,-1.38305
1088,0
1089,-6.87076
1090,0
1091,-6.87076
1092,0
1093,-6.87076
1094,0
1095,-6.87076
1096,0
1097,-6.87076
1098,0
1099,-6.87076
1100,0
1101,-6.87076
1102,0
1103,-6.87076
1104,0
1105,-6.87076
1106,0
1107,-6.87076
1108,0
1109,-6.87076
1110,0
1111,-6.87076
1112,0
1113,-6.87076
1114,0
1115,-6.87076
1116,0
1117,-6.87076
1118,0
1119,-6.87076
1120,0
1121,-7.51252
1122,0
1123,-7.51252
1124,0
1125,-7.51252
1126,0
1127,-7.51252
1128,0
1129,-7.51252
1130,0
1131,-7.51252
1132,0
1133,-7.51252
1134,0
1135,-7.51252
1136,0
1137,-7.51252
1138,0
1139,-7.51252
1140,0
1141,-7.51252
1142,0
1143,-7.51252
1144,0
1145,-7.51252
1146,0
1147,-7.51252
1148,0
1149,-7.51252
1150,0
1151,-7.51252
1152,0
1153,-8.39475
1154,0
1155,-8.39475
1156,0
1157,-8.39475
1158,0
1159,-8.39475
1160,0
1161,-8.39475
1162,0
1163,-8.39475
1164,0
1165,-8.39475
1166,0
1167,-8.39475
1168,0
1169,-8.39475
1170,0
1171,-8.39475
1172,0
1173,-8.39475
1174,0
1175,-8.39475
1176,0
1177,-8.39475
1178,0
1179,-8.39475
1180,0
1181,-8.39475
1182,0
1183,-8.39475
1184,0
1185,-7.46913
1186,0
1187,-7.46913
1188,0
1189,-7.46913
1190,0
1191,-7.46913
1192,0
1193,-7.46913
1194,0
1195,-7.46913
1196,0
1197,-7.46913
1198,0
1199,-7.46913
1200,0
1201,-7.46913
1202,0
1203,-7.46913
1204,0
1205,-7.46913
1206,0
1207,-7.46913
1208,0
1209,-7.46913
1210,0
1211,-7.46913
1212,0
1213,-7.46913
1214,0
1215,-7.46913
1216,0
1217,-7.48525
1218,0
1219,-7.48525
1220,0
1221,-7.48525
1222,0
1223,-7.48525
1224,0
1225,-7.48525
1226,0
1227,-7.48525
1228,0
1229,-7.48525
1230,0
1231,-7.48525
1232,0
1233,-7.48525
1234,0
1235,-7.48525
1236,0
1237,-7.48525
1238,0
1239,-7.48525
1240,0
1241,-7.48525
1242,0
1243,-7.48525
1244,0
1245,-7.48525
1246,0
1247,-7.48525
1248,0
1249,-7.3202
1250,0
1251,-7.3202
1252,0
1253,-7.3202
1254,0
1255,-7.3202
1256,0
1257,-7.3202
1258,0
1259,-7.3202
1260,0
1261,-7.3202
1262,0
1263,-7.3202
1264,0
1265,-7.3202
1266,0
1267,-7.3202
1268,0
1269,-7.3202
1270,0
1271,-7.3202
1272,0
1273,-7.3202
1274,0
1275,-7.3202
1276,0
1277,-7.3202
1278,0
1279,-7.3202
1280,0
1281,-3.41809
1282,0
1283,-3.41809
1284,0
1285,-3.41809
1286,0
1287,-3.41809
1288,0
1289,-3.41809
1290,0
1291,-3.41809
1292,0
1293,-3.41809
1294,0
1295,-3.41809
1296,0
1297,-3.41809
1298,0
1299,-3.41809
1300,0
1301,-3.41809
1302,0
1303,-3.41809
1304,0
1305,-3.41809
1306,0
1307,-3.41809
1308,0
1309,-3.41809
1310,0
1311,-3.41809
1312,0
1313,-10.3223
1314,0
1315,-10.3223
1316,0
1317,-10.3223
1318,0
1319,-10.3223
1320,0
1321,-10.3223
1322,0
1323,-10.3223
1324,0
1325,-10.3223
1326,0
1327,-10.3223
1328,0
1329,-10.3223
1330,0
1331,-10.3223
1332,0
1333,-10.3223
1334,0
1335,-10.3223
1336,0
1337,-10.3223
1338,0
1339,-10.3223
1340,0
1341,-10.3223
1342,0
1343,-10.3223
1344,0
1345,-9.80276
1346,0
1347,-9.80276
1348,0
1349,-9.80276
1350,0
1351,-9.80276
1352,0
1353,-9.80276
1354,0
1355,-9.80276
1356,0
1357,-9.80276
1358,0
1359,-9.80276
1360,0
1361,-9.80276
1362,0
1363,-9.80276
1364,0
1365,-9.80276
1366,0
1367,-9.80276
1368,0
1369,-9.80276
1370,0
1371,-9.80276
1372,0
1373,-9.80276
1374,0
1375,-9.80276
1376,0
1377,-9.00478
1378,0
1379,-9.00478
1380,0
1381,-9.00478
1382,0
1383,-9.00478
1384,0
1385,-9.00478
1386,0
1387,-9.00478
1388,0
1389,-9.00478
1390,0
1391,-9.00478
1392,0
1393,-9.00478
1394,0
1395,-9.00478
1396,0
1397,-9.00478
1398,0
1399,-9.00478
1400,0
1401,-9.00478
1402,0
1403,-9.00478
1404,0
1405,-9.00478
1406,0
1407,-9.00478
1408,0
1409,-3.28825
1410,0
1411,-3.28825
1412,0
1413,-3.28825
1414,0
1415,-3.28825
1416,0
1417,-3.28825
1418,0
1419,-3.28825
1420,0
1421,-3.28825
1422,0
1423,-3.28825
1424,0
1425,-3.28825
1426,0
1427,-3.28825
1428,0
1429,-3.28825
1430,0
1431,-3.28825
1432,0
1433,-3.28825
1434,0
1435,-3.28825
1436,0
1437,-3.28825
1438,0
1439,-3.28825
1440,0
1441,-4.11412
1442,0
1443,-4.11412
1444,0
1445,-4.11412
1446,0
1447,-4.11412
1448,0
1449,-4.11412
1450,0
1451,-4.11412
1452,0
1453,-4.11412
1454,0
1455,-4.11412
1456,0
1457,-4.11412
1458,0
1459,-4.11412
1460,0
1461,-4.11412
1462,0
1463,-4.11412
1464,0
1465,-4.11412
1466,0
1467,-4.11412
1468,0
1469,-4.11412
1470,0
1471,-4.11412
1472,0
1473,-7.54427
1474,0
1475,-7.54427
1476,0
1477,-7.54427
1478,0
1479,-7.54427
1480,0
1481,-7.54427
1482,0
1483,-7.54427
1484,0
1485,-7.54427
1486,0
1487,-7.54427
1488,0
1489,-7.54427
1490,0
1491,-7.54427
1492,0
1493,-7.54427
1494,0
1495,-7.54427
1496,0
1497,-7.54427
1498,0
1499,-7.54427
1500,0
1501,-7.54427
1502,0
1503,-7.54427
1504,0
1505,-7.00764
1506,0
1507,-7.00764
1508,0
1509,-7.00764
1510,0
1511,-7.00764
1512,0
1513,-7.00764
1514,0
1515,-7.00764
1516,0
1517,-7.00764
1518,0
1519,-7.00764
1520,0
1521,-7.00764
1522,0
1523,-7.00764
1524,0
1525,-7.00764
1526,0
1527,-7.00764
1528,0
1529,-7.00764
1530,0
1531,-7.00764
1532,0
1533,-7.00764
1534,0
1535,-7.00764
1536,-112
1537,-24.8543
1538,-112
1539,-24.8543
1540,-112
1541,-24.8543
1542,-112
1543,-24.8543
1544,-112
1545,-24.8543
1546,-112
1547,-24.8543
1548,-112
1549,-24.8543
1550,-112
1551,-24.8543
1552,-112
1553,-24.8543
1554,-112
1555,-24.8543
1556,-112
1557,-24.8543
1558,-112
1559,-24.8543
1560,-112
1561,-24.8543
1562,-112
1563,-24.8543
1564,-112
1565,-24.8543
1566,-112
1567,-24.8543
1568,-112.164
1569,-26.3348
1570,-112.164
1571,-26.3348
1572,-112.164
1573,-26.3348
1574,-112.164
1575,-26.3348
1576,-112.164
1577,-26.3348
1578,-112.164
1579,-26.3348
1580,-112.164
1581,-26.3348
1582,-112.164
1583,-26.3348
1584,-112.164
1585,-26.3348
1586,-112.164
1587,-26.3348
1588,-112.164
1589,-26.3348
1590,-112.164
1591,-26.3348
1592,-112.164
1593,-26.3348
1594,-112.164
1595,-26.3348
1596,-112.164
1597,-26.3348
1598,-112.164
1599,-26.3348
1600,-113.283
1601,-26.3046
1602,-113.283
1603,-26.3046
1604,-113.283
1605,-26.3046
1606,-113.283
1607,-26.3046
1608,-113.283
1609,-26.3046
1610,-113.283
1611,-26.3046
1612,-113.283
1613,-26.3046
1614,-113.283
1615,-26.3046
1616,-113.283
1617,-26.3046
1618,-113.283
1619,-26.3046
1620,-113.283
1621,-26.3046
1622,-113.283
1623,-26.3046
1624,-113.283
1625,-26.3046
1626,-113.283
1627,-26.3046
1628,-113.283
1629,-26.3046
1630,-113.283
1631,-26.3046
1632,-112.659
1633,-26.9387
1634,-112.659
1635,-26.9387
1636,-112.659
1637,-26.9387
1638,-112.659
1639,-26.9387
1640,-112.659
1641,-26.9387
1642,-112.659
1643,-26.9387
1644,-112.659
1645,-26.9387
1646,-112.659
1647,-26.9387
1648,-112.659
1649,-26.9387
1650,-112.659
1651,-26.9387
1652,-112.659
1653,-26.9387
1654,-112.659
1655,-26.9387
1656,-112.659
1657,-26.9387
1658,-112.659
1659,-26.9387
1660,-112.659
1661,-26.9387
1662,-112.659
1663,-26.9387
1664,-110.912
1665,-25.81
1666,-110.912
1667,-25.81
1668,-110.912
1669,-25.81
1670,-110.912
1671,-25.81
1672,-110.912
1673,-25.81
1674,-110.912
1675,-25.81
1676,-110.912
1677,-25.81
1678,-110.912
1679,-25.81
1680,-110.912
1681,-25.81
1682,-110.912
1683,-25.81
1684,-110.912
1685,-25.81
1686,-110.912
1687,-25.81
1688,-110.912
1689,-25.81
1690,-110.912
1691,-25.81
1692,-110.912
1693,-25.81
1694,-110.912
1695,-25.81
1696,-112.207
1697,-26.4228
1698,-112.207
1699,-26.4228
1700,-112.207
1701,-26.4228
1702,-112.207
1703,-26.4228
1704,-112.207
1705,-26.4228
1706,-112.207
1707,-26.4228
1708,-112.207
1709,-26.4228
1710,-112.207
1711,-26.4228
1712,-112.207
1713,-26.4228
1714,-112.207
1715,-26.4228
1716,-112.207
1717,-26.4228
1718,-112.207
1719,-26.4228
1720,-112.207
1721,-26.4228
1722,-112.207
1723,-26.4228
1724,-112.207
1725,-26.4228
1726,-112.207
1727,-26.4228
1728,-112.745
1729,-27.4024
1730,-112.745
1731,-27.4024
1732,-112.745
1733,-27.4024
1734,-112.745
1735,-27.4024
1736,-112.745
1737,-27.4024
1738,-112.745
1739,-27.4024
1740,-112.745
1741,-27.4024
1742,-112.745
1743,-27.4024
1744,-112.745
1745,-27.4024
1746,-112.745
1747,-27.4024
1748,-112.745
1749,-27.4024
1750,-112.745
1751,-27.4024
1752,-112.745
1753,-27.4024
1754,-112.745
1755,-27.4024
1756,-112.745
1757,-27.4024
1758,-112.745
1759,-27.4024
1760,-113.287
1761,-27.6975
1762,-113.287
1763,-27.6975
1764,-113.287
1765,-27.6975
1766,-113.287
1767,-27.6975
1768,-113.287
1769,-27.6975
1770,-113.287
1771,-27.6975
1772,-113.287
1773,-27.6975
1774,-113.287
1775,-27.6975
1776,-113.287
1777,-27.6975
1778,-113.287
1779,-27.6975
1780,-113.287
1781,-27.6975
1782,-113.287
1783,-27.6975
1784,-113.287
1785,-27.6975
1786,-113.287
1787,-27.6975
1788,-113.287
1789,-27.6975
1790,-113.287
1791,-27.6975
1792,-9.39071
1793,-33.7366
1794,-9.39071
1795,-33.7366
1796,-9.39071
1797,-33.7366
1798,-9.39071
1799,-33.7366
1800,-9.39071
1801,-33.7366
1802,-9.39071
1803,-33.7366
1804,-9.39071
1805,-33.7366
1806,-9.39071
1807,-33.7366
1808,-9.39071
1809,-33.7366
1810,-9.39071
1811,-33.7366
1812,-9.39071
1813,-33.7366
1814,-9.39071
1815,-33.7366
1816,-9.39071
1817,-33.7366
1818,-9.39071
1819,-33.7366
1820,-9.39071
1821,-33.7366
1822,-9.39071
1823,-33.7366
1824,-9.68167
1825,-34.3477
1826,-9.68167
1827,-34.3477
1828,-9.68167
1829,-34.3477
1830,-9.68167
1831,-34.3477
1832,-9.68167
1833,-34.3477
1834,-9.68167
1835,-34.3477
1836,-9.68167
1837,-34.3477
1838,-9.68167
1839,-34.3477
1840,-9.68167
1841,-34.3477
1842,-9.68167
1843,-34.3477
1844,-9.68167
1845,-34.3477
1846,-9.68167
1847,-34.3477
1848,-9.68167
1849,-34.3477
1850,-9.68167
1851,-34.3477
1852,-9.68167
1853,-34.3477
1854,-9.68167
1855,-34.3477
1856,-10.2832
1857,-34.198
1858,-10.2832
1859,-34.198
1860,-10.2832
1861,-34.198
1862,-10.2832
1863,-34.198
1864,-10.2832
1865,-34.198
1866,-10.2832
1867,-34.198
1868,-10.2832
1869,-34.198
1870,-10.2832
1871,-34.198
1872,-10.2832
1873,-34.198
1874,-10.2832
1875,-34.198
1876,-10.2832
1877,-34.198
1878,-10.2832
1879,-34.198
1880,-10.2832
1881,-34.198
1882,-10.2832
1883,-34.198
1884,-10.2832
1885,-34.198
1886,-10.2832
1887,-34.198
1888,-11.0998
1889,-34.9693
1890,-11.0998
1891,-34.9693
1892,-11.0998
1893,-34.9693
1894,-11.0998
1895,-34.9693
1896,-11.0998
1897,-34.9693
1898,-11.0998
1899,-34.9693
1900,-11.0998
1901,-34.9693
1902,-11.0998
1903,-34.9693
1904,-11.0998
1905,-34.9693
1906,-11.0998
1907,-34.9693
1908,-11.0998
1909,-34.9693
1910,-11.0998
1911,-34.9693
1912,-11.0998
1913,-34.9693
1914,-11.0998
1915,-34.9693
1916,-11.0998
1917,-34.9693
1918,-11.0998
1919,-34.9693
1920,-9.51745
1921,-33.1018
1922,-9.51745
1923,-33.1018
1924,-9.51745
1925,-33.1018
1926,-9.51745
1927,-33.1018
1928,-9.51745
1929,-33.1018
1930,-9.51745
1931,-33.1018
1932,-9.51745
1933,-33.1018
1934,-9.51745
1935,-33.1018
1936,-9.51745
1937,-33.1018
1938,-9.51745
1939,-33.1018
1940,-9.51745
1941,-33.1018
1942,-9.51745
1943,-33.1018
1944,-9.51745
1945,-33.1018
1946,-9.51745
1947,-33.1018
1948,-9.51745
1949,-33.1018
1950,-9.51745
1951,-33.1018
1952,-8.80054
1953,-35.6314
1954,-8.80054
1955,-35.6314
1956,-8.80054
1957,-35.6314
1958,-8.80054
1959,-35.6314
1960,-8.80054
1961,-35.6314
1962,-8.80054
1963,-35.6314
1964,-8.80054
1965,-35.6314
1966,-8.80054
1967,-35.6314
1968,-8.80054
1969,-35.6314
1970,-8.80054
1971,-35.6314
1972,-8.80054
1973,-35.6314
1974,-8.80054
1975,-35.6314
1976,-8.80054
1977,-35.6314
1978,-8.80054
1979,-35.6314
1980,-8.80054
1981,-35.6314
1982,-8.80054
1983,-35.6314
1984,-10.2604
1985,-33.9637
1986,-10.2604
1987,-33.9637
1988,-10.2604
1989,-33.9637
1990,-10.2604
1991,-33.9637
1992,-10.2604
1993,-33.9637
1994,-10.2604
1995,-33.9637
1996,-10.2604
1997,-33.9637
1998,-10.2604
1999,-33.9637
2000,-10.2604
2001,-33.9637
2002,-10.2604
2003,-33.9637
2004,-10.2604
2005,-33.9637
2006,-10.2604
2007,-33.9637
2008,-10.2604
2009,-33.9637
2010,-10.2604
2011,-33.9637
2012,-10.2604
2013,-33.9637
2014,-10.2604
2015,-33.9637
2016,-10.3946
2017,-35.6793
2018,-10.3946
2019,-35.6793
2020,-10.3946
2021,-35.6793
2022,-10.3946
2023,-35.6793
2024,-10.3946
2025,-35.6793
2026,-10.3946
2027,-35.6793
2028,-10.3946
2029,-35.6793
2030,-10.3946
2031,-35.6793
2032,-10.3946
2033,-35.6793
2034,-10.3946
2035,-35.6793
2036,-10.3946
2037,-35.6793
2038,-10.3946
2039,-35.6793
2040,-10.3946
2041,-35.6793
2042,-10.3946
2043,-35.6793
2044,-10.3946
2045,-35.6793
2046,-10.3946
2047,-35.6793
