TABLE CRVSiPM
#channel, pedestal, calibPulseHeight, calibPulseArea
0,0,-1,-1
1,0,-1,-1
2,0,-1,-1
3,0,-1,-1
4,0,-1,-1
5,0,-1,-1
6,0,-1,-1
7,0,-1,-1
8,0,-1,-1
9,0,-1,-1
10,0,-1,-1
11,0,-1,-1
12,0,-1,-1
13,0,-1,-1
14,0,-1,-1
15,0,-1,-1
16,0,-1,-1
17,0,-1,-1
18,0,-1,-1
19,0,-1,-1
20,0,-1,-1
21,0,-1,-1
22,0,-1,-1
23,0,-1,-1
24,0,-1,-1
25,0,-1,-1
26,0,-1,-1
27,0,-1,-1
28,0,-1,-1
29,0,-1,-1
30,0,-1,-1
31,0,-1,-1
32,0,-1,-1
33,0,-1,-1
34,0,-1,-1
35,0,-1,-1
36,0,-1,-1
37,0,-1,-1
38,0,-1,-1
39,0,-1,-1
40,0,-1,-1
41,-3,18.9954,514.717
42,0,-1,-1
43,-7,19.7449,531.432
44,0,-1,-1
45,5,18.2497,465.947
46,0,-1,-1
47,-4,17.2635,399.511
48,0,-1,-1
49,-5,20.0229,514.862
50,0,-1,-1
51,-7,19.0683,506.698
52,0,-1,-1
53,-5,20.0704,495.8
54,0,-1,-1
55,-1,19.312,537.936
56,0,-1,-1
57,-22,15.0783,393.533
58,0,-1,-1
59,1,14.8834,402.066
60,0,-1,-1
61,-2,16.2166,447.739
62,0,-1,-1
63,9,15.6371,425.853
64,0,-1,-1
65,0,-1,-1
66,0,-1,-1
67,0,-1,-1
68,0,-1,-1
69,0,-1,-1
70,0,-1,-1
71,0,-1,-1
72,0,-1,-1
73,0,-1,-1
74,0,-1,-1
75,0,-1,-1
76,0,-1,-1
77,0,-1,-1
78,0,-1,-1
79,0,-1,-1
80,0,-1,-1
81,0,-1,-1
82,0,-1,-1
83,0,-1,-1
84,0,-1,-1
85,0,-1,-1
86,0,-1,-1
87,0,-1,-1
88,0,-1,-1
89,0,-1,-1
90,0,-1,-1
91,0,-1,-1
92,0,-1,-1
93,0,-1,-1
94,0,-1,-1
95,0,-1,-1
96,0,-1,-1
97,0,-1,-1
98,0,-1,-1
99,0,-1,-1
100,0,-1,-1
101,0,-1,-1
102,0,-1,-1
103,0,-1,-1
104,0,-1,-1
105,-5,17.8202,434.198
106,0,-1,-1
107,5,16.23,408.47
108,0,-1,-1
109,4,17.0653,388.407
110,0,-1,-1
111,-1,17.8872,435.083
112,0,-1,-1
113,9,17.2954,448.531
114,0,-1,-1
115,-10,17.8662,497.097
116,0,-1,-1
117,-9,17.0648,418.247
118,0,-1,-1
119,5,17.9783,541.43
120,0,-1,-1
121,3,18.1458,480.536
122,0,-1,-1
123,-1,16.343,372.345
124,0,-1,-1
125,-1,11.8685,330
126,0,-1,-1
127,-4,12.2962,329
128,0,-1,-1
129,0,-1,-1
130,0,-1,-1
131,0,-1,-1
132,0,-1,-1
133,0,-1,-1
134,0,-1,-1
135,0,-1,-1
136,0,-1,-1
137,0,-1,-1
138,0,-1,-1
139,0,-1,-1
140,0,-1,-1
141,0,-1,-1
142,0,-1,-1
143,0,-1,-1
144,0,-1,-1
145,0,-1,-1
146,0,-1,-1
147,0,-1,-1
148,0,-1,-1
149,0,-1,-1
150,0,-1,-1
151,0,-1,-1
152,0,-1,-1
153,0,-1,-1
154,0,-1,-1
155,0,-1,-1
156,0,-1,-1
157,0,-1,-1
158,0,-1,-1
159,0,-1,-1
160,0,-1,-1
161,0,-1,-1
162,0,-1,-1
163,0,-1,-1
164,0,-1,-1
165,0,-1,-1
166,0,-1,-1
167,0,-1,-1
168,0,-1,-1
169,-9,16.5431,432.891
170,0,-1,-1
171,4,18.0475,573.099
172,0,-1,-1
173,6,12.4647,355.261
174,0,-1,-1
175,-14,18.1008,505.997
176,0,-1,-1
177,9,16.8669,455.359
178,0,-1,-1
179,-4,17.1729,466.346
180,0,-1,-1
181,-5,16.9224,469.063
182,0,-1,-1
183,-11,17.665,468.463
184,0,-1,-1
185,19,19.5834,488.825
186,0,-1,-1
187,6,20.2431,535.166
188,0,-1,-1
189,-10,20.8716,581.67
190,0,-1,-1
191,9,20.3783,546.739
192,0,-1,-1
193,0,-1,-1
194,0,-1,-1
195,0,-1,-1
196,0,-1,-1
197,0,-1,-1
198,0,-1,-1
199,0,-1,-1
200,0,-1,-1
201,0,-1,-1
202,0,-1,-1
203,0,-1,-1
204,0,-1,-1
205,0,-1,-1
206,0,-1,-1
207,0,-1,-1
208,0,-1,-1
209,0,-1,-1
210,0,-1,-1
211,0,-1,-1
212,0,-1,-1
213,0,-1,-1
214,0,-1,-1
215,0,-1,-1
216,0,-1,-1
217,0,-1,-1
218,0,-1,-1
219,0,-1,-1
220,0,-1,-1
221,0,-1,-1
222,0,-1,-1
223,0,-1,-1
224,0,-1,-1
225,0,-1,-1
226,0,-1,-1
227,0,-1,-1
228,0,-1,-1
229,0,-1,-1
230,0,-1,-1
231,0,-1,-1
232,0,-1,-1
233,11,20.3016,493.468
234,0,-1,-1
235,9,18.3365,490.432
236,0,-1,-1
237,-24,18.7161,493.558
238,0,-1,-1
239,-7,18.9029,489.108
240,0,-1,-1
241,12.9125,20.5373,605.244
242,0,-1,-1
243,2.89708,19.3574,588.127
244,0,-1,-1
245,9.29655,20.4283,576.405
246,0,-1,-1
247,-13.7806,21.6992,591.044
248,0,-1,-1
249,11.8209,21.0147,579.943
250,0,-1,-1
251,0.51446,20.3741,587.403
252,0,-1,-1
253,-11.2247,19.9441,581.184
254,0,-1,-1
255,3.41771,20.8575,588.077

TABLE CRVTime
#channel, timeOffset
0,0
1,0
2,0
3,0
4,0
5,0
6,0
7,0
8,0
9,0
10,0
11,0
12,0
13,0
14,0
15,0
16,0
17,0
18,0
19,0
20,0
21,0
22,0
23,0
24,0
25,0
26,0
27,0
28,0
29,0
30,0
31,0
32,0
33,0
34,0
35,0
36,0
37,0
38,0
39,0
40,0
41,0
42,0
43,0
44,0
45,0
46,0
47,0
48,0
49,0
50,0
51,0
52,0
53,0
54,0
55,0
56,0
57,0
58,0
59,0
60,0
61,0
62,0
63,0
64,0
65,0
66,0
67,0
68,0
69,0
70,0
71,0
72,0
73,0
74,0
75,0
76,0
77,0
78,0
79,0
80,0
81,0
82,0
83,0
84,0
85,0
86,0
87,0
88,0
89,0
90,0
91,0
92,0
93,0
94,0
95,0
96,0
97,0
98,0
99,0
100,0
101,0
102,0
103,0
104,0
105,0
106,0
107,0
108,0
109,0
110,0
111,0
112,0
113,0
114,0
115,0
116,0
117,0
118,0
119,0
120,0
121,0
122,0
123,0
124,0
125,0
126,0
127,0
128,0
129,0
130,0
131,0
132,0
133,0
134,0
135,0
136,0
137,0
138,0
139,0
140,0
141,0
142,0
143,0
144,0
145,0
146,0
147,0
148,0
149,0
150,0
151,0
152,0
153,0
154,0
155,0
156,0
157,0
158,0
159,0
160,0
161,0
162,0
163,0
164,0
165,0
166,0
167,0
168,0
169,0
170,0
171,0
172,0
173,0
174,0
175,0
176,0
177,0
178,0
179,0
180,0
181,0
182,0
183,0
184,0
185,0
186,0
187,0
188,0
189,0
190,0
191,0
192,0
193,0
194,0
195,0
196,0
197,0
198,0
199,0
200,0
201,0
202,0
203,0
204,0
205,0
206,0
207,0
208,0
209,0
210,0
211,0
212,0
213,0
214,0
215,0
216,0
217,0
218,0
219,0
220,0
221,0
222,0
223,0
224,0
225,0
226,0
227,0
228,0
229,0
230,0
231,0
232,0
233,0
234,0
235,0
236,0
237,0
238,0
239,0
240,0
241,0
242,0
243,0
244,0
245,0
246,0
247,0
248,0
249,0
250,0
251,0
252,0
253,0
254,0
255,0
