TABLE CRVSiPM
#channel,pedestal,calibPulseHeight,calibPulseArea
0,2037.93,18.9526,547.439
1,2044.15,16.5024,472.526
2,2044.31,19.418,557.752
3,2054.29,17.2825,475.84
4,2055.95,20.5345,549.317
5,2051.45,17.8845,487.655
6,2049.14,18.7132,485.566
7,2040.39,17.1369,433.021
8,2038.35,19.6663,542.704
9,2039.2,17.3518,498.176
10,2052.45,20.0347,578.634
11,2061.5,18.4575,520.179
12,2029.31,20.0313,578.669
13,2042.65,17.6076,496.996
14,2037.7,19.8837,562.091
15,2041.59,16.2456,466.927
16,2045.08,19.7573,573.868
17,2028.14,18.8008,552.257
18,2027.77,20.3923,595.864
19,2048.98,18.2867,541.006
20,2047.76,21.3531,604.445
21,2060.3,18.9102,549.38
22,2053.14,21.4271,574.989
23,2049.34,18.9311,523.392
24,2041.99,21.3269,589.662
25,2046.52,18.0447,516.316
26,2038.41,20.8401,594.187
27,2049.21,18.347,528.458
28,2064.35,20.8903,594.498
29,2048.66,17.7617,513.607
30,2034.22,19.5539,574.194
31,2066.75,18.1422,512.623
32,2035.72,20.6003,599.543
33,2039.05,18.022,505.005
34,2040.27,21.3466,598.933
35,2030.73,18.8823,520.684
36,2050.94,20.4871,590.87
37,2047.76,19.161,522.776
38,2046.18,21.2021,589.127
39,2051.14,17.5369,500.002
40,2030.81,19.8276,573.698
41,2051.4,17.2315,490.607
42,2052.86,19.4669,575.682
43,2046.36,16.9423,475.803
44,2059.71,19.6399,563.342
45,2037.83,17.0476,471.529
46,2044.25,20.2759,560.751
47,2034.56,17.1022,510.957
48,2042.63,18.5342,514.773
49,2044.87,19.4206,536.78
50,2041.38,19.1299,536.031
51,2042.05,18.1498,516.293
52,2038.14,18.1238,523.831
53,2042.42,19.741,543.542
54,2038.7,18.5757,518.898
55,2053.23,18.2827,512.181
56,2053.22,17.6525,515.966
57,2053.94,17.7513,515.134
58,2068.27,17.6305,514.399
59,2040.67,18.652,526.407
60,2035.61,18.6741,526.86
61,2047.6,18.2674,520.48
62,2044.96,18.1981,529.438
63,2045.85,18.0222,508.867
64,2046.9,17.7786,523.622
65,2058.68,19.0902,538.988
66,2040.08,17.9451,517.271
67,2032.76,18.9505,547.256
68,2053.84,18.8568,508.618
69,2054.29,19.2188,526.754
70,2048.81,18.45,513.127
71,2038.21,19.0787,514.823
72,2037.67,19.3087,536.768
73,2049.64,21.1055,595.332
74,2040.69,18.2397,517.357
75,2062.64,20.8556,590.824
76,2054.17,17.9791,510.404
77,2051.98,21.0711,594.775
78,2044.39,18.6457,522.319
79,2056.67,20.2586,582.29
80,2039.78,20.3271,570.18
81,2045.12,16.3202,471.238
82,2058.96,19.3314,569.066
83,2038.75,16.6634,481.233
84,2042.37,20.191,571.107
85,2042,15.6301,462.714
86,2035.15,20.2884,565.285
87,2050.83,15.6685,458.44
88,2036.13,19.752,569.593
89,2061.77,14.9228,433.093
90,2046.16,21.0313,596.297
91,2054.59,15.1346,438.882
92,2038.98,19.2783,564.19
93,2063.18,14.7869,437.582
94,2039.22,21.5143,590.999
95,2049.35,14.6228,424.202
96,2054.02,19.2342,540.552
97,2053.53,17.8603,519.722
98,2047.68,18.7586,540.444
99,2054.18,17.411,505.771
100,2056.17,18.6018,518.826
101,2036.3,18.4406,517.116
102,2068.92,19.6637,548.018
103,2048.56,18.1273,508.446
104,2029.53,17.6873,500.657
105,2030.99,17.924,514.171
106,2047.06,18.8317,539.129
107,2052.69,17.7352,509.859
108,2059.62,17.8082,521.424
109,2038.06,16.9054,492.868
110,2038.54,19.0475,522.474
111,2067.57,17.3411,506.699
112,2054.81,17.9619,504.17
113,2060.82,18.2597,528.911
114,2047.47,18.228,508.753
115,2054.65,18.4378,514.231
116,2049.41,18.4021,509.978
117,2048.23,18.9154,515.675
118,2061.92,18.5881,506.406
119,2061.4,18.6951,521.352
120,2044.69,19.024,514.184
121,2052.63,19.8455,550.846
122,2057.32,18.9851,521.315
123,2047.08,19.5325,552.312
124,2045,17.8066,502.128
125,2043.27,20.1725,564.584
126,2056.67,19.0245,520.38
127,2052.39,18.8217,543.48
128,2047.18,19.4903,551.747
129,2046.44,16.9836,476.532
130,2038.43,20.6077,571.425
131,2045.99,16.6188,468.053
132,2027.81,20.0183,556.87
133,2039.67,16.9142,471.981
134,2043.61,18.6723,476.106
135,2041.95,15.2788,399.535
136,2042.42,19.9405,570.038
137,2020.97,16.7069,497.236
138,2039.57,20.4645,571.249
139,2032.8,16.9325,515.655
140,2054.38,20.1485,555.981
141,2048.83,16.4581,450.214
142,2035.53,20.4154,564.968
143,2035.48,16.6018,456.257
144,2050.91,19.9746,574.681
145,2040.32,18.6423,522.758
146,2049.72,20.8025,576.497
147,2052.18,18.7408,530.261
148,2040.1,19.686,544.606
149,2037.89,16.9456,478.141
150,2055.06,20.4865,539.514
151,2054.73,18.3917,498.82
152,2054.58,19.9092,567.38
153,2051.2,17.0391,497.991
154,2053.01,18.7874,549.497
155,2042.1,17.4246,508.06
156,2047.54,20.5694,571.991
157,2037.69,17.1983,489.529
158,2046.02,21.125,580.831
159,2066.7,17.6311,503.995
160,2043.03,19.0344,538.633
161,2057.91,18.1553,513.627
162,2063.81,19.9811,557.659
163,2050.8,16.4657,483.508
164,2049.76,19.6034,538.5
165,2053.3,17.2556,495.514
166,2049.36,20.4136,529.78
167,2040.42,16.5856,472.824
168,2054.31,20.242,561.991
169,2043.24,17.2946,494.02
170,2038.85,20.3354,562.972
171,2053.55,17.499,497.256
172,2052.99,19.2708,546.411
173,2046.72,17.1693,489.514
174,2057.5,21.1056,573.811
175,2046.42,17.7256,470.286
176,2044.75,17.7739,502.13
177,2024.94,18.4046,521.588
178,2063.4,16.9827,494.273
179,2039.5,18.7065,557.764
180,2047.53,17.7722,499.884
181,2047.59,18.8952,528.908
182,2045.67,18.4413,502.117
183,2061.66,18.8129,520.128
184,2039,19.3014,533.684
185,2033.53,16.4312,485.266
186,2043.45,17.6502,502.962
187,2034.2,17.4066,501.85
188,2052.69,18.5564,516.135
189,2036.73,17.4044,492.954
190,2058.29,18.8069,513.76
191,2064.32,17.9205,500.754
192,2049.58,22.2922,640.941
193,2023.7,17.8385,509.252
194,2039.85,22.0096,637.671
195,2014.8,16.0928,487.524
196,2030.68,23.1836,647.111
197,2032.58,17.3022,496.196
198,2046.06,21.4264,617.347
199,2035.18,16.6989,494.225
200,2049.65,22.9638,646.266
201,2055.51,16.8656,503.536
202,2054.98,21.4237,611.603
203,2048.64,16.8503,503.342
204,2055.21,20.7869,598.452
205,2051.6,17.9965,524.617
206,2062.19,21.3072,623.024
207,2036,16.473,484.657
208,2040.23,19.2178,533.213
209,2048.33,18.8945,557.93
210,2034.35,18.7938,529.002
211,2062.54,19.0358,552.24
212,2055.93,19.6218,531.443
213,2038.86,17.806,536.208
214,2049.48,20.6161,547.042
215,2038.77,17.4974,516.877
216,2054.03,20.4731,545.547
217,2041.88,18.0899,526.994
218,2041.29,20.0666,550.169
219,2050.08,18.5109,537.029
220,2046.46,19.3535,534.722
221,2044.29,17.3185,523.27
222,2048.04,19.5768,536.255
223,2049.54,18.8143,541.256
224,2039.36,17.4243,494.252
225,2034.82,16.4537,468.876
226,2024.73,18.3194,512.269
227,2036.97,16.3615,479.052
228,2035.47,17.1269,494.883
229,2055.31,15.7262,463.48
230,2044.73,17.7586,488.711
231,2041.62,16.4741,466.411
232,2036.98,17.2214,479.805
233,2055.61,16.3318,474.095
234,2054.74,16.6036,474.07
235,2030.06,15.6333,466.49
236,2044.46,18.3841,499.412
237,2035.79,15.3666,450.412
238,2048.65,16.1258,471.255
239,2049.78,16.1717,460.753
240,2043.22,18.5286,524.92
241,2040.15,20.2578,598.385
242,2047.94,18.8895,526.765
243,2061.09,20.9541,602.465
244,2031.2,19.016,525.436
245,2045.08,21.035,596.192
246,2050.17,18.9679,526.214
247,2045.71,20.5111,592.084
248,2036.32,19.2331,532.292
249,2037.48,21.4998,614.827
250,2070.51,18.0527,519.361
251,2045.34,20.5022,606.173
252,2043.6,17.6513,498.627
253,2048.03,20.9434,600.815
254,2060.06,17.4395,500.189
255,2040.64,21.9295,620.17
256,2039.82,17.0211,504.144
257,2058.07,15.6589,431.142
258,2034.94,16.5352,491.778
259,2040.11,15.2356,397.807
260,2046.43,16.4958,463.337
261,2061.96,15.0967,414.026
262,2021.58,16.4014,435.799
263,2039.29,15.4561,370.616
264,2033.37,16.5423,483.541
265,2043.34,15.9284,435.919
266,2055.89,17.2686,525.397
267,2041.39,15.6654,436.484
268,2045.89,16.38,475.387
269,2041.75,14.9581,409.345
270,2050.34,16.9733,474.108
271,2046.98,16.196,432.344
272,2041.69,16.0122,456.281
273,2047.91,16.687,468.289
274,2051.73,15.3986,459.509
275,2031.35,16.4415,464.625
276,2035.59,15.8026,446.787
277,2055.13,16.7437,465.708
278,2031.52,15.783,439.668
279,2039.17,16.5721,460.826
280,2038.22,16.699,482.913
281,2058.92,15.0172,-1
282,2044.73,16.5202,488.706
283,2039.7,16.3521,466.553
284,2033.22,15.6169,440.864
285,2047.38,16.5795,469.226
286,2034.71,15.6376,421.226
287,2042.22,17.6369,480.863
288,2038.19,15.5946,452.172
289,2065.03,17.347,498.161
290,2047.4,15.3781,448.638
291,2042.04,17.3581,498.899
292,2039.39,14.7381,412.737
293,2042.37,17.2755,486.747
294,2060.78,15.5096,447.43
295,2044.22,17.4432,474.352
296,2041.98,-1,-1
297,2059.72,17.6612,515.794
298,2056.83,15.713,465.626
299,2041.68,17.2191,506.123
300,2045.77,15.7195,455.422
301,2045.47,18.0136,526.342
302,2042.29,15.5523,430.043
303,2047.53,17.2578,488.078
304,2047.26,19.0273,546.479
305,2038.06,13.8893,405.785
306,2035.26,18.5136,551.828
307,2025.61,13.6862,409.475
308,2031.64,18.7568,527.282
309,2056.97,13.6823,384.727
310,2058.38,18.087,510.3
311,2048.17,13.8847,395.778
312,2047.95,18.8632,567.922
313,2038.87,14.3196,425.337
314,2045.24,18.7728,587.437
315,2044.92,14.4499,448.847
316,2051.47,18.8762,578.005
317,2041.95,14.1269,415.862
318,2048.42,19.0929,549.635
319,2040.37,15.2551,433.663
320,2035.6,17.3313,519.096
321,2055.67,16.8594,483.549
322,2028.91,17.2883,513.351
323,2060.35,16.8113,482.801
324,2043.13,17.1688,497.124
325,2048.28,16.3617,446.44
326,2050.73,16.7324,482.022
327,2045.08,18.2217,488.325
328,2046.44,17.9312,549.021
329,2039.31,16.508,472.762
330,2050.65,17.9298,579.993
331,2044.63,17.1365,492.562
332,2049.02,16.7878,513.388
333,2047.73,16.0909,459.564
334,2046.53,16.9909,494.976
335,2051.02,17.6935,491.186
336,2044.18,16.7708,517.43
337,2037.8,16.9031,483.033
338,2047.39,16.9061,511.54
339,2047.81,15.6186,455.306
340,2045.04,16.2619,461.162
341,2034.22,16.2558,471.158
342,2046.16,16.361,467.317
343,2046.67,15.9003,462.318
344,2041.95,16.7601,485.669
345,2041.26,15.5534,453.864
346,2050.52,16.4283,503.718
347,2065.85,15.49,455.189
348,2033.7,17.3389,490.071
349,2043.93,15.155,440.834
350,2032.54,17.1331,501.486
351,2044.7,14.8535,432.784
352,2039.14,15.2839,447.094
353,2042.19,16.093,449.194
354,2054.99,16.0392,461.577
355,2050.93,15.8577,454.427
356,2040.76,15.3158,443.906
357,2036.12,16.1508,431.141
358,2035.58,16.0415,459.991
359,2039.99,15.7555,444.249
360,2038.14,16.2543,496.063
361,2053.77,16.1083,464.37
362,2053.7,16.396,548.413
363,2038.12,15.8171,456.408
364,2053.45,15.9982,462.85
365,2035.11,15.5615,447.595
366,2052.93,16.7578,491.162
367,2042.3,15.8372,432.354
368,2050.17,16.4238,472.683
369,2056.21,17.1265,489.02
370,2038.41,15.9239,467.73
371,2045.13,16.6213,474.106
372,2038.01,16.2479,463.514
373,2053.16,16.8832,477.9
374,2011.73,17.2762,479.985
375,2033,17.2107,471.773
376,2034.8,16.9701,481.29
377,2042.45,17.1331,485.143
378,2052.05,16.1723,468.023
379,2051.07,17.6504,493.417
380,2058.37,17.1369,480.417
381,2044.24,16.6515,474.792
382,2033.72,16.5061,473.906
383,2049.69,17.0555,473.765
384,2049.96,16.2631,465.525
385,2051.07,16.4936,460.155
386,2055.28,15.8414,451.566
387,2034.87,17.0331,473.857
388,2052.78,16.0109,441.761
389,2052.8,16.5126,456.395
390,2066.21,15.164,383.311
391,2053.44,16.459,393.764
392,2050.29,16.2778,473.124
393,2040.18,17.0091,479.598
394,2060.93,16.7833,474.9
395,2050.56,17.1355,480.343
396,2027.12,15.4902,445.628
397,2041.23,17.8517,484.532
398,2045.13,16.1121,450.395
399,2045.46,16.8238,443.162
400,2038.31,19.1594,571.773
401,2061.33,20.03,561.472
402,2055.22,19.8917,575.204
403,2043.52,20.0897,564.774
404,2044.68,19.1415,536.897
405,2055.8,20.5316,557.477
406,2061.89,19.48,525.346
407,2057.81,19.5702,542.256
408,2052.59,20.4028,587.523
409,2033.44,19.4965,552.835
410,2060.49,20.051,562.615
411,2049.37,19.6206,556.786
412,2056.66,19.7814,534.487
413,2051.79,19.5587,549.47
414,2047.26,20.228,549.62
415,2051.27,20.8377,568.347
416,2046.41,19.0379,558.668
417,2042.11,16.2018,471.532
418,2050.66,18.6547,547.594
419,2037.77,15.9235,461.725
420,2060.6,18.9238,555.17
421,2041.25,15.9368,455.594
422,2065.3,20.5231,564.568
423,2060.82,16.2046,441.494
424,2046.38,21.2397,601.348
425,2041.95,16.0021,466.054
426,2059.45,21.2037,620.81
427,2050.39,16.1101,475.271
428,2066.01,19.5978,547.385
429,2035.12,15.6575,430.323
430,2040.31,20.2196,543.9
431,2055.14,16.7403,469.689
432,2050.63,15.9721,479.128
433,2050.48,16.4739,482.936
434,2045.64,16.1303,538.481
435,2039.13,16.2643,473.388
436,2051.98,15.4328,453.768
437,2047.73,16.8261,476.134
438,2037.76,17.2439,502.924
439,2039.42,16.5493,447.514
440,2042.61,15.3824,465.335
441,2054.24,18.3101,514.8
442,2038.81,15.8005,456.549
443,2043.3,16.8386,485.247
444,2045.51,15.1473,439.988
445,2040.09,16.948,479.581
446,2059.02,15.8836,460.095
447,2049.09,16.4435,455.03
448,2054.47,17.8968,500.332
449,2048.69,16.8753,482.824
450,2052.26,18.776,518.971
451,2056.55,16.8507,486.381
452,2042.29,18.0017,495.101
453,2056.67,16.7603,477.022
454,2045.38,17.3111,496.714
455,2033.28,16.765,477.016
456,2042.21,17.9388,510.564
457,2057.6,17.2026,488.973
458,2028.68,16.9812,500.712
459,2045.95,16.8742,488.247
460,2056.76,18.5155,514.694
461,2036.63,16.2392,477.359
462,2055.72,17.8533,519.483
463,2060.25,16.4053,466.574
464,2047.83,17.266,499.377
465,2041.66,17.1383,486.236
466,2034.65,18.3677,515.715
467,2053.92,17.8642,503.09
468,2037.58,17.7321,494.455
469,2044.5,17.1635,477.577
470,2044.05,18.2618,485.718
471,2050.05,18.1669,493.782
472,2061.18,18.5992,517.031
473,2054.29,17.4999,495.193
474,2063.26,18.0246,521.727
475,2061.36,18.2005,501.992
476,2065.14,17.5566,485.931
477,2046.86,18.418,506.531
478,2035.58,18.378,504.981
479,2049.54,18.0117,496.79
480,2050.26,17.8644,510.84
481,2052.96,17.7226,501.956
482,2051.3,16.6408,462.832
483,2058.65,18.0173,505.611
484,2056.3,16.5219,462.8
485,2053.81,17.6386,495.987
486,2057.21,16.4919,463.372
487,2048.7,16.8718,483.154
488,2059.13,16.2842,470.597
489,2049.59,16.7816,490.687
490,2036.56,17.3272,476.249
491,2051.71,18.3476,515.564
492,2043.22,17.1311,466.464
493,2047.62,18.6537,512.633
494,2067.55,16.2093,455.87
495,2048.95,17.3149,487.817
496,2053.11,16.3295,473.492
497,2053.32,17.9216,512.233
498,2044.63,16.9237,482.635
499,2058.25,18.054,511.234
500,2042.73,16.6069,468.2
501,2058.21,18.212,513.871
502,2043.09,17.5919,487.608
503,2041.42,17.8612,495.081
504,2032.38,16.7667,482.877
505,2035.26,18.1468,513.106
506,2035.5,16.2987,473.491
507,2037.49,16.9785,499.582
508,2033.25,17.1592,479.928
509,2031.87,18.3166,514.849
510,2039.05,16.4911,470.669
511,2047.88,19.1838,539.637
512,2047.39,16.8154,508.15
513,2048.27,15.6311,434.299
514,2039.7,16.1112,476.874
515,2049.27,14.5978,398.481
516,2031.76,16.2277,462.236
517,2051.35,15.3853,413.244
518,2057.2,15.9415,-1
519,2052.74,15.4968,386.032
520,2042.02,-1,-1
521,2054.79,15.2073,439.384
522,2056.04,15.876,455.22
523,2049.8,15.1097,433.436
524,2052.08,16.0193,450.854
525,2044.01,15.8619,432.289
526,2053.12,16.7332,448.651
527,2047.19,14.6869,400.092
528,2036.7,17.766,507.889
529,2049.73,15.6852,449.489
530,2029.56,18.434,581.792
531,2063.15,16.6055,472.022
532,2037.95,17.5277,499.664
533,2050.48,15.5397,441.731
534,2037.53,17.9849,493.832
535,2039.53,17.0837,462.887
536,2045.53,18.1862,535.952
537,2034.02,17.1826,478.251
538,2065.56,18.7631,598.439
539,2056.98,16.1431,469.899
540,2072.15,18.0707,524.66
541,2060.07,16.3028,441.535
542,2030.91,17.995,530.289
543,2053.2,16.2007,437.263
544,2048.51,16.0893,466.741
545,2058.91,16.6513,467.324
546,2032.44,16.2213,470.114
547,2046.5,15.8301,460.511
548,2028.81,16.0407,443.3
549,2054.08,16.1682,450.578
550,2031.97,16.796,434.349
551,2051.39,16.1984,454.442
552,2054.17,16.7624,530.047
553,2052.14,16.3864,464.262
554,2046.59,17.4248,511.267
555,2056.72,15.445,449.955
556,2036.87,16.273,462.334
557,2050.46,16.6041,469.222
558,2055.69,16.6652,463.312
559,2057.71,16.39,458.266
560,2054.04,18.3268,556.978
561,2047.47,16.3836,464.011
562,2051.35,17.6309,550.542
563,2049.9,16.141,458.361
564,2030.94,18.1503,524.214
565,2054.39,16.1329,460.872
566,2050.52,17.899,499.865
567,2051.95,16.4294,450.907
568,2052.87,19.2965,585.07
569,2046.06,16.6421,466.134
570,2047.79,17.333,544.48
571,2061.09,15.8836,460.012
572,2055.8,17.821,524.111
573,2042.96,15.8491,454.446
574,2056.08,18.2975,569.666
575,2052.57,16.2087,445.88
576,2034.17,16.3376,475.813
577,2049.26,16.4823,482.516
578,2055.17,17.2094,509.585
579,2038.48,17.0261,493.301
580,2041.45,16.8022,469.943
581,2040.77,16.4661,468.128
582,2043.4,16.8809,451.836
583,2066.1,17.1839,471.433
584,2038.52,16.6098,478.543
585,2045.52,16.8641,483.353
586,2060.83,16.231,468.712
587,2045.94,17.2156,493.924
588,2043.33,16.6141,470.21
589,2055.55,16.6382,480.011
590,2023.92,15.7937,454.488
591,2046.47,17.2106,486.028
592,2043.79,16.6649,476.069
593,2056.62,16.4895,475.085
594,2045.55,15.9233,465.218
595,2039.7,16.2163,467.921
596,2054.27,15.9431,462.125
597,2043.66,16.0441,464.634
598,2046.74,16.2582,454.991
599,2042.57,16.3321,458.256
600,2054.59,16.6467,478.532
601,2044.57,16.5519,472.951
602,2059.81,16.4964,474.92
603,2043.31,16.941,482.291
604,2052.85,15.9881,458.03
605,2033.69,15.2495,457.401
606,2035.44,15.1704,432.983
607,2040.03,17.0936,481.73
608,2033.32,13.6912,403.987
609,2039.02,17.6937,518.939
610,2049.6,13.4385,394.29
611,2046.44,17.9187,503.845
612,2022.64,13.4933,383.693
613,2045.71,17.6554,485.549
614,2037.97,13.8295,378.74
615,2065.41,17.7075,495.036
616,2051.82,13.479,384.631
617,2052.3,18.4202,525.903
618,2034.48,13.0839,386.38
619,2039.92,17.0436,497.559
620,2050.86,13.6461,393.786
621,2052.96,17.7703,491.161
622,2041.07,14.0898,401.366
623,2058.96,17.6589,489.153
624,2038.06,13.3874,384.067
625,2045.26,14.2912,421.771
626,2040.5,13.9011,404.435
627,2053.52,13.9862,409.56
628,2045.74,13.1337,372.477
629,2035.48,14.2918,403.345
630,2043.35,14.0831,389.628
631,2039.19,14.1092,400.763
632,2040.15,13.9225,402.827
633,2023.34,13.8982,404.496
634,2045.26,13.3173,383.448
635,2039.13,13.9767,407.957
636,2034.58,13.157,376.451
637,2037.99,13.5086,390.594
638,2044.81,13.0555,371.951
639,2051.55,14.1613,412.718
640,2041.06,17.4673,509.807
641,2046.41,16.048,465.095
642,2047.88,17.662,502.074
643,2041.2,15.4039,420.605
644,2057.01,17.7021,496.906
645,2025.3,15.2912,414.646
646,2051.24,17.9799,456.059
647,2031.15,15.9707,377.823
648,2046.34,18.4777,524.796
649,2044.83,16.7161,494.888
650,2041.6,17.243,508.177
651,2053.92,16.2794,480.615
652,2052.17,16.3853,438.809
653,2035,15.6565,466.952
654,2049.21,16.6623,452.044
655,2041.21,15.06,440.924
656,2058.18,18.1183,583.003
657,2026.84,18.2902,532.031
658,2038.47,16.9958,511.091
659,2045.61,16.4222,496.175
660,2040.01,17.3055,505.516
661,2048.35,17.8676,520.785
662,2056.21,17.4728,496.78
663,2042.56,18.1122,513.188
664,2040.86,17.7238,515.337
665,2040.29,17.089,504.011
666,2043.14,17.4487,513.128
667,2055.06,17.4176,526.314
668,2050.2,17.4161,497.828
669,2031.4,16.2116,491.738
670,2045.99,17.8648,498.225
671,2041.56,16.78,476.918
672,2044.62,16.1907,470.793
673,2043.03,16.6884,479.553
674,2045.31,16.7298,475.543
675,2042.17,15.4993,453.932
676,2044.81,16.6422,456.993
677,2024.2,16.7318,463.298
678,2038.78,16.3484,421.501
679,2060.21,15.3579,425.606
680,2061.05,17.3774,548.124
681,2047.18,16.8393,487.386
682,2051.38,16.3145,475.004
683,2060.42,15.8604,466.151
684,2061.89,15.8793,450.983
685,2046.03,16.6551,477.143
686,2029.97,16.115,461.454
687,2043.13,16.4158,480.951
688,2047.12,15.8593,475.024
689,2044.87,18.0595,512.063
690,2043.05,15.3857,447.446
691,2042.87,17.9167,509.771
692,2066.43,15.8351,450.54
693,2052.71,18.2219,514.738
694,2051.49,15.8892,427.53
695,2052.75,17.5019,497.874
696,2036.53,16.3249,467.454
697,2043.24,17.7482,541.096
698,2051.93,16.314,472.151
699,2038.76,16.9149,500.486
700,2051.63,16.6955,474.175
701,2040.56,18.1693,511.754
702,2056.48,16.1629,450.708
703,2046.71,17.2933,518.944
704,2055.58,15.6849,445.091
705,2039.48,18.7381,531.385
706,2045.59,15.2383,437.667
707,2025.97,17.1059,506.806
708,2046.58,15.4711,427.671
709,2042.74,18.3853,504.144
710,2047.57,14.7393,415.618
711,2049.49,17.2473,484.805
712,2053.08,15.4866,445.823
713,2034.9,18.5195,531.331
714,2047.59,14.3172,422.019
715,2040.09,16.8205,495.14
716,2044.08,15.4385,440.085
717,2061.07,17.962,524.095
718,2043.7,13.5801,396.457
719,2061.58,18.4637,537.571
720,2057.79,16.484,478.674
721,2054.51,17.3424,513.437
722,2037.14,16.3264,470.608
723,2042.83,18.8457,540.251
724,2035.81,15.3732,436.63
725,2046.52,18.2037,521.122
726,2036.76,15.9701,458.222
727,2041.69,18.0517,512.703
728,2054.63,17.3799,538.338
729,2055.28,18.5625,532.547
730,2037,16.7666,505.476
731,2038.85,18.7,533.886
732,2037.42,15.9399,470.297
733,2041.26,17.1929,501.348
734,2039.38,17.0606,498.302
735,2046.57,18.3384,523.143
736,2033.47,12.8,387.608
737,2052.72,15.7695,463.583
738,2053.74,13.0333,388.115
739,2048.78,16.44,480.019
740,2055.95,13.0182,364.72
741,2043.69,15.4067,447.279
742,2037.44,13.6235,379.413
743,2047.77,15.5951,453.546
744,2054.81,13.0825,377.76
745,2063.52,15.9192,441.526
746,2054.93,13.4875,389.791
747,2040.38,15.8289,462.805
748,2055.03,12.2408,348.457
749,2050.42,15.6089,449.035
750,2048.84,13.2673,378.78
751,2070.04,15.4755,455.982
752,2050.38,17.6744,512.084
753,2046.71,14.9493,432.161
754,2038.06,16.2961,478.08
755,2046.53,14.6328,426.941
756,2047.9,16.6794,482.935
757,2044.87,14.222,412.34
758,2044.83,16.6365,470.647
759,2040.56,14.0221,404.339
760,2031.96,17.0254,498.688
761,2047.96,14.8329,429.465
762,2050.49,17.172,500.462
763,2043.78,14.6171,426.819
764,2044.48,16.3751,481.889
765,2037.31,14.9087,431.411
766,2038.21,16.5238,484.872
767,2042.66,14.2992,425.861
768,2047.88,15.3461,447.547
769,2035.24,19.3936,550.23
770,2029.63,14.9797,412.207
771,2040.12,19.3487,543.154
772,2028.03,15.5346,411.87
773,2043.48,18.914,523.437
774,2040.21,13.9449,336.481
775,2037.98,18.1743,452.082
776,2039.94,15.6335,447.438
777,2048.19,18.4306,531.851
778,2046.04,16.0608,471.494
779,2049.17,18.5086,536.012
780,2043.1,14.4407,419.094
781,2045.02,19.7728,554.001
782,2058.48,15.4415,419.106
783,2046.19,18.4234,503.928
784,2062.06,16.9258,470.144
785,2026.39,16.7679,485.302
786,2037.44,17.316,491.773
787,2032.51,17.3157,492.083
788,2041.01,15.7995,442.454
789,2036.28,16.7463,460.088
790,2061.76,16.3456,467.322
791,2052.9,16.8531,470.907
792,2058.3,15.5542,468.822
793,2049.79,17.4201,494.879
794,2034.04,16.3384,479.828
795,2043.47,17.0407,498.704
796,2048.09,16.433,465.324
797,2054.88,16.4036,463.901
798,2043.71,16.5984,463.099
799,2032.04,17.6042,490.193
800,2052.28,18.3991,512.458
801,2054.75,15.4449,454.097
802,2031.21,18.2397,513.398
803,2042.52,15.9917,461.589
804,2045.7,17.9652,494.155
805,2045.84,16.3269,468.011
806,2045.11,17.5418,464.848
807,2038.59,15.8921,444.655
808,2049.01,18.5553,509.964
809,2050.06,15.9141,464.56
810,2053.29,17.5452,503.182
811,2053.1,15.7814,463.684
812,2063.65,18.2753,500.748
813,2038.47,16.0465,455.129
814,2052.44,17.1945,485.852
815,2052.82,15.7277,453.988
816,2051.2,18.1094,497.61
817,2037.93,16.1028,463.561
818,2034.77,18.1803,503.457
819,2048.74,15.5772,455.661
820,2050.03,18.2068,489.886
821,2042.55,15.9499,454.172
822,2035.58,18.1413,474.105
823,2041.63,15.6337,441.514
824,2043.58,18.7749,512.131
825,2037.74,16.3593,471.753
826,2057.59,19.0767,512.884
827,2042.84,15.6539,455.97
828,2049.16,18.6351,507.447
829,2043.6,16.3388,469.251
830,2039.29,18.2712,505.899
831,2036.56,15.961,457.449
832,2044.67,16.3087,455.901
833,2028.38,17.4141,495.293
834,2068.21,15.8922,453.357
835,2038.21,17.3129,506.848
836,2053.55,16.1993,463.169
837,2043.93,17.6707,498.654
838,2059.51,15.3034,411.792
839,2040.14,16.8458,482.503
840,2053.72,15.7423,454.791
841,2026.18,16.906,494.796
842,2061.83,16.2297,470.653
843,2047.33,17.4171,502.035
844,2043.93,16.0664,460.337
845,2038.68,16.8409,485.503
846,2052.05,15.6468,452.332
847,2044.4,17.2319,496.296
848,2037.83,17.9574,518.811
849,2047.59,18.3514,520.211
850,2048.12,17.6584,512.987
851,2036.53,17.5796,510.863
852,2045.37,16.0509,484.014
853,2035.1,18.4127,516.247
854,2028.8,17.9889,511.523
855,2049.04,17.6999,508.987
856,2041.08,16.9663,511.474
857,2043.4,18.4355,523.099
858,2051.01,18.1887,521.852
859,2038.98,17.7665,515.866
860,2049.25,17.1539,489.77
861,2053.84,18.274,514.028
862,2037.38,17.7808,500.357
863,2052.41,-1,-1
864,2041.1,18.2275,520.775
865,2040.57,15.6714,454.741
866,2039.77,18.663,531.039
867,2043.07,15.0119,443.706
868,2037.87,18.9686,528.765
869,2045.87,14.2809,420.473
870,2045.65,18.6205,526.694
871,2037.39,15.4091,442.699
872,2045.75,18.9712,535.328
873,2046.18,14.57,440.408
874,2067.71,18.3487,526.93
875,2044.05,15.325,447.335
876,2028.43,18.0855,512.023
877,2056,14.4513,432.78
878,2047.18,19.2436,535.598
879,2063.52,15.3608,448.655
880,2052.02,16.064,482.125
881,2029.57,17.4492,528.159
882,2048.29,17.3814,508
883,2043.99,18.1295,532.212
884,2056.69,16.1522,480.952
885,2048.42,18.2341,531.107
886,2050.28,17.0306,480.771
887,2050.4,17.2845,521.911
888,2043.58,16.4639,467.852
889,2037.35,18.0839,528.107
890,2047.14,16.706,481.245
891,2034.57,18.1315,536.027
892,2034.76,15.6385,451.51
893,2050.68,17.6866,517.026
894,2030.9,16.0362,462.505
895,2040.31,17.8635,532.888
896,2040.13,19.2831,543.341
897,2052.54,18.2006,522.093
898,2033.14,18.3559,515.534
899,2030.09,17.8609,509.093
900,2024.3,18.7284,495.646
901,2043.6,18.8133,492.059
902,2037.41,16.9344,441.876
903,2053.32,16.9326,407.672
904,2043.27,19.4764,567.941
905,2055.41,17.7485,511.064
906,2039.38,19.3267,661.239
907,2042.56,17.7431,511.114
908,2037.11,17.9876,510.839
909,2055.01,18.1253,493.287
910,2043.15,17.6901,513.443
911,2038.68,17.74,493.119
912,2045.88,16.667,485.237
913,2037.44,16.5314,481.206
914,2041.84,17.5261,488.906
915,2042.53,15.9026,467.125
916,2040.45,16.7476,463.115
917,2048.44,15.9104,447.991
918,2053.48,17.1305,475.587
919,2038.92,16.2297,445.771
920,2052.65,17.2544,494.824
921,2039.58,16.1563,485.148
922,2052.75,16.9538,477.515
923,2031.67,15.6744,457.192
924,2070.14,16.8223,451.709
925,2042.2,16.1463,468.14
926,2061.91,17.9756,476.252
927,2034.01,16.3447,465.435
928,2052.83,20.609,566.821
929,2033.76,20.3974,569.86
930,2046.89,20.4713,571.57
931,2043.67,18.9223,544.714
932,2042.14,20.5536,557.227
933,2050.44,19.855,551.028
934,2041.08,19.9119,539.022
935,2045.29,19.5661,517.006
936,2047.9,20.0757,559.518
937,2047.44,18.4224,528.839
938,2050.97,19.0793,540.035
939,2036.63,18.8487,544.64
940,2036.84,18.7007,506.526
941,2016.32,19.2053,548.252
942,2043.27,20.0949,538.047
943,2039.74,19.2826,526.905
944,2053,18.2946,529.973
945,2048.02,17.5346,519.922
946,2049.99,18.751,539.288
947,2041.88,17.9397,519.661
948,2031.23,19.1088,532.19
949,2055.25,18.0239,524.724
950,2045.58,19.5392,547.671
951,2049.65,18.2054,511.109
952,2062.76,18.7576,540.833
953,2054.93,17.5106,516.867
954,2044.01,18.2906,539.956
955,2044.03,17.4683,508.421
956,2052.83,18.648,519.619
957,2035.29,18.6176,533.403
958,2029.15,19.2088,543.876
959,2047.62,18.0231,514.276
960,2059.28,14.2137,416.171
961,2037.61,16.9074,489.718
962,2046.86,14.9419,434.556
963,2044.49,15.6761,467.419
964,2036.55,15.3104,427.129
965,2036.67,15.6268,436.633
966,2050.55,14.4777,413.473
967,2047.82,15.6429,430.238
968,2024.28,14.7499,425.115
969,2048.04,17.0665,496.435
970,2041.91,14.7494,424.095
971,2041.45,16.2623,486.255
972,2032.92,14.6427,412.984
973,2064.85,15.8703,460.495
974,2061.52,14.8706,426.503
975,2037.33,15.3298,435.43
976,2047.27,14.3219,410.814
977,2045.97,16.4548,478.515
978,2027.77,14.3007,418.494
979,2036,16.1699,478.765
980,2036.19,14.7434,412.58
981,2048.84,15.8827,460.542
982,2055.03,14.4083,396.496
983,2044.59,16.2471,470.292
984,2045.97,15.2217,421.009
985,2037.64,16.0048,488.019
986,2043.43,13.8959,398.935
987,2045.44,16.8156,490.642
988,2056.27,14.7495,415.553
989,2043.83,16.0168,467.833
990,2041.31,14.3129,404.757
991,2038.83,16.547,478.645
992,2051.19,14.2076,411.521
993,2032.3,16.69,476.749
994,2036.52,14.6424,413.034
995,2046.31,16.9526,483.659
996,2045.23,14.841,420.846
997,2035.45,16.0369,464.318
998,2040.99,14.2031,400.743
999,2055.1,16.4916,473.489
1000,2059.94,14.9864,421.177
1001,2032.45,16.4396,477.386
1002,2054.34,14.2601,408.299
1003,2049.4,16.9419,481.254
1004,2061.37,14.5466,410.758
1005,2036.29,16.9789,481.195
1006,2045.3,14.1229,405.899
1007,2051.08,17.0431,481.239
1008,2055.66,17.9182,508.006
1009,2045.46,19.6129,563.761
1010,2043.28,17.3117,495.621
1011,2046.84,19.516,567.537
1012,2039.91,17.7403,497.21
1013,2036.06,18.9715,546.599
1014,2056.55,17.9627,504.947
1015,2046.02,19.2678,553.903
1016,2044.73,17.9769,502.029
1017,2057.93,18.4169,548.218
1018,2045.74,17.5114,502.475
1019,2050.79,19.5602,571.741
1020,2034.14,17.808,499.507
1021,2046.05,18.8155,539.839
1022,2043.18,17.8687,507.986
1023,2047.95,19.8772,571.36
1024,0,-1,-1
1025,2046.73,16.5208,450.378
1026,0,-1,-1
1027,2042.52,16.9992,442.041
1028,0,-1,-1
1029,2049.8,16.4145,444.694
1030,0,-1,-1
1031,2044.28,16.4095,397.826
1032,0,-1,-1
1033,2050.64,16.6501,429.94
1034,0,-1,-1
1035,2052.09,16.5862,443.998
1036,0,-1,-1
1037,2034.04,16.7443,415.651
1038,0,-1,-1
1039,2050.24,16.7167,422.221
1040,0,-1,-1
1041,2033.3,18.9729,515.488
1042,0,-1,-1
1043,2045.74,20.1252,534.659
1044,0,-1,-1
1045,2047.96,18.7592,485.971
1046,0,-1,-1
1047,2039.54,18.9093,472.427
1048,0,-1,-1
1049,2014.7,21.4451,599.742
1050,0,-1,-1
1051,2050.49,20.8546,603.421
1052,0,-1,-1
1053,2034.87,19.2256,563.955
1054,0,-1,-1
1055,2037.28,19.4728,544.177
1056,0,-1,-1
1057,2032.98,15.9009,434.847
1058,0,-1,-1
1059,2036,16.0799,434.229
1060,0,-1,-1
1061,2044.22,16.2922,435.568
1062,0,-1,-1
1063,2032.73,15.6395,388.7
1064,0,-1,-1
1065,2027.8,18.2497,544.856
1066,0,-1,-1
1067,2044.72,18.7389,520.894
1068,0,-1,-1
1069,2036.36,17.2207,479.781
1070,0,-1,-1
1071,2044.09,16.6792,467.792
1072,0,-1,-1
1073,2042.1,16.0019,430.693
1074,0,-1,-1
1075,2035.5,16.6744,438.542
1076,0,-1,-1
1077,2041,17.0322,455.246
1078,0,-1,-1
1079,2035.28,16.1619,415.093
1080,0,-1,-1
1081,2033.73,15.2409,425.276
1082,0,-1,-1
1083,2049.52,16.5995,438.62
1084,0,-1,-1
1085,2033.83,17.21,461.028
1086,0,-1,-1
1087,2045.23,16.7689,453.789
1088,0,-1,-1
1089,2020.03,19.1143,517.092
1090,0,-1,-1
1091,2038.05,20.1006,524.37
1092,0,-1,-1
1093,2048.92,19.0562,512.689
1094,0,-1,-1
1095,2035.65,18.1072,486.175
1096,0,-1,-1
1097,2034.05,19.4319,516.508
1098,0,-1,-1
1099,2048.58,18.8636,507.689
1100,0,-1,-1
1101,2049.28,18.2151,496.861
1102,0,-1,-1
1103,2061.68,20.1925,521.043
1104,0,-1,-1
1105,2048.28,20.0361,578.447
1106,0,-1,-1
1107,2051.07,-1,-1
1108,0,-1,-1
1109,2026.18,17.7483,480.82
1110,0,-1,-1
1111,2026.48,17.4493,469.026
1112,0,-1,-1
1113,2036.87,17.7293,506.135
1114,0,-1,-1
1115,2033.81,17.4599,481.702
1116,0,-1,-1
1117,2043.12,17.7842,478.755
1118,0,-1,-1
1119,2036.95,17.5597,487.992
1120,0,-1,-1
1121,2035.46,17.9283,479.827
1122,0,-1,-1
1123,2052.14,18.573,497.701
1124,0,-1,-1
1125,2024.6,17.2476,456.032
1126,0,-1,-1
1127,2061.43,17.1912,472.653
1128,0,-1,-1
1129,2046.98,18.1216,486.448
1130,0,-1,-1
1131,2037.1,18.3936,478.567
1132,0,-1,-1
1133,2036.15,18.1045,472.189
1134,0,-1,-1
1135,2044.21,18.2605,477.734
1136,0,-1,-1
1137,2041.68,21.9278,576.644
1138,0,-1,-1
1139,2043.33,20.1666,546.666
1140,0,-1,-1
1141,2044.28,21.7031,568.63
1142,0,-1,-1
1143,2035.35,21.0593,547.143
1144,0,-1,-1
1145,2044.86,20.1249,541.232
1146,0,-1,-1
1147,2039,20.6102,546.72
1148,0,-1,-1
1149,2033.35,20.6805,542.316
1150,0,-1,-1
1151,2039.13,20.4139,555.684
1152,0,-1,-1
1153,2024.97,15.6489,420
1154,0,-1,-1
1155,2045.38,16.5322,413.466
1156,0,-1,-1
1157,2039.25,15.7694,387.916
1158,0,-1,-1
1159,2048.57,14.7364,354.001
1160,0,-1,-1
1161,2051.12,15.5204,433.131
1162,0,-1,-1
1163,2048.91,15.8927,439.049
1164,0,-1,-1
1165,2059.91,15.9139,428.928
1166,0,-1,-1
1167,2034.11,16.8309,428.71
1168,0,-1,-1
1169,2030.04,18.6939,537.66
1170,0,-1,-1
1171,2038.57,17.9644,516.087
1172,0,-1,-1
1173,2033.09,17.8698,500.331
1174,0,-1,-1
1175,2039.75,17.7763,478.433
1176,0,-1,-1
1177,2043.35,17.9969,498.773
1178,0,-1,-1
1179,2037.19,19.3787,507.997
1180,0,-1,-1
1181,2036.15,19.6011,550.054
1182,0,-1,-1
1183,2033.02,19.3835,515.029
1184,0,-1,-1
1185,2050.87,16.7498,467.855
1186,0,-1,-1
1187,2048.62,17.3269,472.284
1188,0,-1,-1
1189,2035.54,17.2211,461.707
1190,0,-1,-1
1191,2057.85,16.7656,439.471
1192,0,-1,-1
1193,2050.08,17.8102,547.052
1194,0,-1,-1
1195,2043.74,17.4718,525.425
1196,0,-1,-1
1197,2041.15,18.8811,530.326
1198,0,-1,-1
1199,2040.5,18.6964,497.044
1200,0,-1,-1
1201,2033.85,21.729,695.414
1202,0,-1,-1
1203,2044.55,19.2203,622.499
1204,0,-1,-1
1205,2040.35,18.4642,548.375
1206,0,-1,-1
1207,2035.65,18.7515,561.565
1208,0,-1,-1
1209,2047.45,19.7061,524.829
1210,0,-1,-1
1211,2054.3,17.9834,496.45
1212,0,-1,-1
1213,2038.03,19.823,549.237
1214,0,-1,-1
1215,2029.8,17.9036,517.997
1216,0,-1,-1
1217,2052.19,18.5172,494.708
1218,0,-1,-1
1219,2036.83,18.822,500.181
1220,0,-1,-1
1221,2054.84,20.0551,521.967
1222,0,-1,-1
1223,2049.24,18.1429,481.283
1224,0,-1,-1
1225,2042.55,19.6466,515.567
1226,0,-1,-1
1227,2029.93,17.3127,477.132
1228,0,-1,-1
1229,2027.16,16.875,446.955
1230,0,-1,-1
1231,2047.7,17.0585,454.31
1232,0,-1,-1
1233,2028.06,17.2638,497.179
1234,0,-1,-1
1235,2037.1,17.4582,508.025
1236,0,-1,-1
1237,2041.53,17.0258,477.595
1238,0,-1,-1
1239,2035.65,18.8005,496.1
1240,0,-1,-1
1241,2031.32,16.7616,467.531
1242,0,-1,-1
1243,2031.13,17.7648,478.899
1244,0,-1,-1
1245,2065.02,17.5831,472.297
1246,0,-1,-1
1247,2040.74,17.2569,471.845
1248,0,-1,-1
1249,2039.5,19.927,546.642
1250,0,-1,-1
1251,2056.09,19.5983,536.682
1252,0,-1,-1
1253,2055.75,19.3025,516.605
1254,0,-1,-1
1255,2038.31,19.7806,520.063
1256,0,-1,-1
1257,2054.51,20.3723,542.111
1258,0,-1,-1
1259,2028.1,20.3674,539.145
1260,0,-1,-1
1261,2050.38,20.1795,525.066
1262,0,-1,-1
1263,2051.24,20.4197,523.819
1264,0,-1,-1
1265,2053.97,19.2394,532.134
1266,0,-1,-1
1267,2043.06,20.4924,547.971
1268,0,-1,-1
1269,2052.25,20.1625,538.33
1270,0,-1,-1
1271,2052.33,19.8348,532.713
1272,0,-1,-1
1273,2036.8,20.4096,543.762
1274,0,-1,-1
1275,2058.2,21.5276,562.594
1276,0,-1,-1
1277,2037.38,21.4734,576.073
1278,0,-1,-1
1279,2032.39,21.4763,571.557
1280,0,-1,-1
1281,2030.15,15.8101,443.23
1282,0,-1,-1
1283,2039.48,15.3946,430.494
1284,0,-1,-1
1285,2051.94,16.0983,430.899
1286,0,-1,-1
1287,2048.48,15.3355,413.198
1288,0,-1,-1
1289,2049.05,15.6207,436.2
1290,0,-1,-1
1291,2046.48,15.7969,437.541
1292,0,-1,-1
1293,2036.95,15.8453,430.477
1294,0,-1,-1
1295,2048.81,15.9505,435.214
1296,0,-1,-1
1297,2066.26,17.414,482.822
1298,0,-1,-1
1299,2046.13,18.1927,489.223
1300,0,-1,-1
1301,2039.12,18.3862,498.9
1302,0,-1,-1
1303,2045.51,18.399,495.139
1304,0,-1,-1
1305,2046.23,18.4114,487.263
1306,0,-1,-1
1307,2045.91,18.3341,495.883
1308,0,-1,-1
1309,2026.14,17.6465,480.853
1310,0,-1,-1
1311,2035.63,18.9556,506.512
1312,0,-1,-1
1313,2036.69,19.3323,514.596
1314,0,-1,-1
1315,2065.36,19.1013,513.614
1316,0,-1,-1
1317,2054.88,18.5469,505.717
1318,0,-1,-1
1319,2062.09,19.0764,510.955
1320,0,-1,-1
1321,2063.68,18.5523,500.291
1322,0,-1,-1
1323,2043.9,18.4205,495.999
1324,0,-1,-1
1325,2045.3,18.4506,495.584
1326,0,-1,-1
1327,2045.06,18.9566,509.39
1328,0,-1,-1
1329,2048.24,22.1621,605.998
1330,0,-1,-1
1331,2037.86,22.1501,603.303
1332,0,-1,-1
1333,2043.34,21.2207,581.639
1334,0,-1,-1
1335,2050.86,21.9874,597.217
1336,0,-1,-1
1337,2045.74,21.4204,552.843
1338,0,-1,-1
1339,2065.5,21.7586,595.099
1340,0,-1,-1
1341,2040.71,21.42,548.806
1342,0,-1,-1
1343,2044.99,21.5109,581.941
1344,0,-1,-1
1345,2030.3,17.7006,487.979
1346,0,-1,-1
1347,2044.34,17.1222,474.134
1348,0,-1,-1
1349,2042.74,17.6867,478.294
1350,0,-1,-1
1351,2046.56,17.4753,475.372
1352,0,-1,-1
1353,2044.74,16.3991,447.559
1354,0,-1,-1
1355,2050.04,16.6656,457.035
1356,0,-1,-1
1357,2055.57,16.8332,499.696
1358,0,-1,-1
1359,2043.01,16.8683,488.803
1360,0,-1,-1
1361,2037.85,18.4578,496.337
1362,0,-1,-1
1363,2038.11,17.8851,507.933
1364,0,-1,-1
1365,2043.34,17.4138,496.706
1366,0,-1,-1
1367,2038.46,18.122,525.953
1368,0,-1,-1
1369,2046.51,17.5548,471.556
1370,0,-1,-1
1371,2040.84,17.3851,541.648
1372,0,-1,-1
1373,2046.87,17.5811,484.762
1374,0,-1,-1
1375,2052.17,18.2776,502.671
1376,0,-1,-1
1377,2041.2,19.1698,561.237
1378,0,-1,-1
1379,2054.64,19.8044,563.997
1380,0,-1,-1
1381,2050.15,19.9938,589.151
1382,0,-1,-1
1383,2037.54,19.7042,580.49
1384,0,-1,-1
1385,2054.08,19.2942,539.446
1386,0,-1,-1
1387,2048.79,20.3301,550.831
1388,0,-1,-1
1389,2053.9,19.8261,549.943
1390,0,-1,-1
1391,2040,19.3934,553.848
1392,0,-1,-1
1393,2043.1,16.1482,447.885
1394,0,-1,-1
1395,2048.17,15.9402,444.274
1396,0,-1,-1
1397,2059.99,17.1673,466.513
1398,0,-1,-1
1399,2046.7,15.916,452.168
1400,0,-1,-1
1401,2060.27,16.2907,468.837
1402,0,-1,-1
1403,2051.33,16.0635,445.194
1404,0,-1,-1
1405,2046.32,16.2495,476.964
1406,0,-1,-1
1407,2042.67,16.2145,482.521
1408,0,-1,-1
1409,2043.29,20.414,544.555
1410,0,-1,-1
1411,2045.23,19.9501,526.289
1412,0,-1,-1
1413,2040.5,19.9642,554.541
1414,0,-1,-1
1415,2057.99,20.3354,590.686
1416,0,-1,-1
1417,2045.91,19.8738,519.277
1418,0,-1,-1
1419,2056.39,19.9521,523.884
1420,0,-1,-1
1421,2039.08,20.3846,547.692
1422,0,-1,-1
1423,2030.9,19.7091,536.159
1424,0,-1,-1
1425,2039.08,18.0344,478.651
1426,0,-1,-1
1427,2035.09,18.27,498.947
1428,0,-1,-1
1429,2051.25,18.733,523.741
1430,0,-1,-1
1431,2054.8,18.5256,516.363
1432,0,-1,-1
1433,2024.18,17.8507,453.558
1434,0,-1,-1
1435,2052.05,18.1118,492.923
1436,0,-1,-1
1437,2056.26,18.7896,513.378
1438,0,-1,-1
1439,2045.35,18.3456,513.785
1440,0,-1,-1
1441,2044.55,17.5378,479.515
1442,0,-1,-1
1443,2030.79,17.8505,466.48
1444,0,-1,-1
1445,2038.37,17.8792,513.813
1446,0,-1,-1
1447,2052.05,18.7139,582.977
1448,0,-1,-1
1449,2044.88,18.0531,462.105
1450,0,-1,-1
1451,2044.28,17.7117,470.295
1452,0,-1,-1
1453,2040.61,18.1871,482.97
1454,0,-1,-1
1455,2053.26,18.0794,490.381
1456,0,-1,-1
1457,2057.77,19.7177,502.293
1458,0,-1,-1
1459,2047.11,19.7836,522.248
1460,0,-1,-1
1461,2037.79,21.2672,631.189
1462,0,-1,-1
1463,2039.39,20.5206,594.935
1464,0,-1,-1
1465,2042.03,19.6726,452.27
1466,0,-1,-1
1467,2058.01,19.7071,499.701
1468,0,-1,-1
1469,2044.38,19.9021,498.573
1470,0,-1,-1
1471,2044.96,20.021,538.774
1472,0,-1,-1
1473,2044.87,18.9881,524.698
1474,0,-1,-1
1475,2059.74,18.8102,508.303
1476,0,-1,-1
1477,2060.28,19.1447,492.118
1478,0,-1,-1
1479,2033.49,18.7536,493.809
1480,0,-1,-1
1481,2047.47,18.7118,482.902
1482,0,-1,-1
1483,2049.94,18.5997,473.639
1484,0,-1,-1
1485,2057.16,19.3484,500.513
1486,0,-1,-1
1487,2035.5,18.5851,485.151
1488,0,-1,-1
1489,2056.12,20.045,520.157
1490,0,-1,-1
1491,2043.81,20.5417,536.621
1492,0,-1,-1
1493,2046.93,20.776,543.94
1494,0,-1,-1
1495,2046.52,20.0082,528.589
1496,0,-1,-1
1497,2053.68,20.8306,531.701
1498,0,-1,-1
1499,2049.01,20.8093,538.6
1500,0,-1,-1
1501,2016.48,20.943,544.754
1502,0,-1,-1
1503,2047.63,20.8914,547.709
1504,0,-1,-1
1505,2050.26,19.1499,500.715
1506,0,-1,-1
1507,2058.76,19.8235,517.773
1508,0,-1,-1
1509,2043.81,19.9191,516.139
1510,0,-1,-1
1511,2043.43,19.3868,509.392
1512,0,-1,-1
1513,2030.92,19.1359,499.335
1514,0,-1,-1
1515,2044.86,19.3749,506.299
1516,0,-1,-1
1517,2035.16,20.0139,514.486
1518,0,-1,-1
1519,2037.22,19.77,525.141
1520,0,-1,-1
1521,2048.94,19.9684,531.55
1522,0,-1,-1
1523,2047.03,21.2832,570.298
1524,0,-1,-1
1525,2056.76,21.8967,554.819
1526,0,-1,-1
1527,2047.63,21.0501,559.272
1528,0,-1,-1
1529,2049.22,21.7266,550.644
1530,0,-1,-1
1531,2041.37,20.6019,551.679
1532,0,-1,-1
1533,2034.24,21.205,555.685
1534,0,-1,-1
1535,2031.54,21.5403,569.187
1536,2037.21,16.7739,490.321
1537,2053.77,18.7314,576.289
1538,2058.91,15.9713,438.496
1539,2038.75,20.1006,619.458
1540,2040.09,16.3698,453.895
1541,2050.41,20.2291,589.062
1542,2033.08,16.0828,411.889
1543,2036.41,18.7813,486.285
1544,2047.55,17.2692,494.864
1545,2051.66,19.9471,625.21
1546,2058.5,16.8916,502.61
1547,2044.65,19.4155,621.922
1548,2048.63,16.2426,438.707
1549,2042.77,19.7061,570.268
1550,2045.48,17.0333,455.18
1551,2041.03,19.8505,573.578
1552,2055.78,19.2885,559.02
1553,2027.08,19.6269,580.791
1554,2061.04,18.8758,555.997
1555,2035.5,19.9699,586.91
1556,2044.51,19.7161,556.092
1557,2040.18,19.7621,567.586
1558,2051.64,20.2574,558.727
1559,2045.8,19.6381,545.571
1560,2033.2,19.7491,566.515
1561,2064.58,20.2888,625.703
1562,2048.52,19.2029,555.779
1563,2047.48,19.937,565.731
1564,2034.86,19.6248,538.734
1565,2039.99,20.2161,574.796
1566,2056.58,19.4172,539.833
1567,2055.88,19.4943,551.585
1568,2050.51,16.2107,476.139
1569,2034.63,19.8826,562.02
1570,2041.51,16.387,489.792
1571,2057.77,17.7241,518.997
1572,2053.6,15.7951,462.167
1573,2052.37,17.8636,496.901
1574,2042.08,16.9407,463.042
1575,2053.52,18.9772,482.992
1576,2037.27,16.2242,479.628
1577,2035.67,19.0878,537.37
1578,2058.02,18.2463,506.225
1579,2047.82,18.7197,531.731
1580,2046.45,16.2382,470.981
1581,2047.52,18.4546,534.793
1582,2052.85,15.5195,430.898
1583,2060.54,17.7911,493.023
1584,2032.61,17.7223,529.545
1585,2034.25,17.6119,509.382
1586,2033.19,17.6327,522.931
1587,0,-1,-1
1588,2045.12,17.7066,518.402
1589,2047.79,17.557,499.228
1590,2028.8,17.7302,516.054
1591,2045.93,18.7443,524.905
1592,2048.55,19.2921,545.567
1593,2047.9,19.6925,537.635
1594,2053.49,17.688,520.589
1595,2041.51,18.1165,516.511
1596,2046.01,19.5146,545.502
1597,2066.95,19.8587,530.956
1598,2059.02,18.2407,513.999
1599,2053.92,17.3929,510.877
1600,2049.65,16.8222,488.552
1601,2033.68,18.1584,526.2
1602,2041.44,16.6629,496.537
1603,2063.96,18.5292,526.133
1604,2051.16,16.3371,485.559
1605,2043.2,18.5076,522.977
1606,2041.47,16.6398,453.68
1607,2074.06,18.2733,525.208
1608,2050.95,16.76,495.806
1609,2022.08,18.969,533.567
1610,2056.73,16.9001,499.197
1611,2042.67,18.3129,532.635
1612,2046.44,15.8414,473.225
1613,2057.61,18.2104,522.368
1614,2034.28,16.7104,478.63
1615,2043.97,18.1016,513.76
1616,2056.08,16.9694,512.413
1617,2039.94,20.7547,587.939
1618,2036.99,17.4119,520.122
1619,2035.89,19.239,560.118
1620,2038.79,16.9111,501.483
1621,2052.58,18.5325,543.945
1622,2049.7,19.7595,537.195
1623,2029.28,18.7287,549.37
1624,2053.18,18.6144,570.849
1625,2047.42,19.4408,563.373
1626,2043.4,19.6273,567.081
1627,2041.65,20.1587,570.522
1628,2057.08,17.3674,513.843
1629,2057.84,20.7797,575.434
1630,2039.58,17.5308,524.682
1631,2034.86,19.9176,568.572
1632,2042.11,21.1131,609.926
1633,2058.56,19.2456,531.395
1634,2045.42,21.0737,600.25
1635,2046.77,19.5671,536.709
1636,2060.04,20.9266,609.887
1637,2050.53,19.2309,513.875
1638,2042.56,21.8971,612.254
1639,2037.26,17.0253,465.887
1640,2047.66,21.4133,604.196
1641,2067.2,19.5644,532.138
1642,2042.66,19.8423,585.291
1643,2045.11,19.3656,527.642
1644,2053.35,19.8954,587.489
1645,2049.44,19.995,529.359
1646,2057.86,20.8928,585.856
1647,2056.39,19.5169,526.357
1648,2043.88,20.0421,568.533
1649,2042.26,20.6543,585.182
1650,2058.66,18.6163,553.736
1651,2031.71,20.6655,583.54
1652,2026.99,20.9923,571.182
1653,2043.04,20.6969,580.174
1654,2043.6,18.0612,522.797
1655,2053.62,20.0099,568.539
1656,2050.26,20.5395,583.947
1657,2052.2,19.9669,582.488
1658,2047.41,20.3709,581.755
1659,2069.53,19.1866,562.551
1660,2053.83,19.4693,560.439
1661,2056.43,20.0177,579.68
1662,2047.44,20.1627,573.195
1663,2037.26,18.8671,545.07
1664,2060.3,19.8367,571.779
1665,2058.71,20.7268,578.297
1666,2043.04,19.5909,561.81
1667,2046.8,19.2714,531.679
1668,2037.47,20.3536,572.947
1669,2044.21,21.0308,565.771
1670,2054.36,19.2829,488.03
1671,2050.44,18.4726,459.078
1672,2041.5,19.7265,573.347
1673,2057.56,20.73,566.935
1674,2050.91,20.4665,583.09
1675,2051.56,19.0873,549.103
1676,2051.73,19.6367,556.902
1677,2041.21,19.185,518.404
1678,2050.98,19.8295,547.974
1679,2047.57,18.692,509.007
1680,2045.16,18.9533,544.773
1681,2040.2,21.6116,599.8
1682,2044.38,19.676,555.895
1683,2042.01,21.5239,597.966
1684,2054.26,19.344,548.206
1685,2051.57,20.804,541.756
1686,2071.37,19.4327,547.889
1687,2047.21,20.8935,564.546
1688,2043.62,19.7989,564.37
1689,2038.26,21.4846,593.427
1690,2040.33,19.3426,546.481
1691,2029.05,18.6204,542.953
1692,2048.78,19.1406,541.305
1693,2042.71,21.4455,587.335
1694,2061.48,19.5425,543.412
1695,2045.55,18.7969,535.133
1696,2044.69,17.7989,502.857
1697,2043.25,20.2466,579.782
1698,2030.9,18.0577,506.499
1699,2046.81,19.9374,574.806
1700,2042.93,17.8495,496.097
1701,2054.89,19.32,531.747
1702,2048.95,17.7182,451.2
1703,2040.46,19.7217,557.591
1704,2036.49,17.2313,489.732
1705,2058.37,20.0404,579.949
1706,2062.06,17.741,502.112
1707,2049.16,20.4329,585.829
1708,2050.57,17.75,475.514
1709,2057.64,19.8735,562.957
1710,2043.74,16.9298,482.573
1711,2060.45,19.7281,563.215
1712,2039.11,19.5296,559.643
1713,2038.52,17.6899,499.336
1714,2048.14,20.3126,584.818
1715,2028.67,17.3081,489.455
1716,2060.49,19.4721,559.172
1717,2033.42,17.503,484.284
1718,2043.52,19.4545,551.558
1719,2046.96,18.7296,493.799
1720,2064.14,20.4291,570.484
1721,2039.22,20.906,557.018
1722,2037.59,20.3705,574.102
1723,2034.52,19.61,529.69
1724,2053.5,20.9206,580.58
1725,2051.65,21.2224,554.8
1726,2068.27,20.6841,580.453
1727,2052,20.0925,524.542
1728,2043.79,18.4027,528.296
1729,2042.94,20.9773,591.669
1730,2048.12,18.6717,529.003
1731,2045.14,19.9376,584.231
1732,2059.5,19.5555,539.178
1733,2041.85,19.2364,565.209
1734,2052.54,19.2353,538.583
1735,2046.47,20.136,573.167
1736,2047.21,19.3274,546.509
1737,2055.08,21.5828,616.448
1738,2051.07,18.6538,535.324
1739,2040.84,22.464,621.834
1740,2037.68,19.1591,535.536
1741,2059.08,22.1851,621.573
1742,2043.36,18.8008,528.679
1743,2043.92,23.1671,640.996
1744,2060.28,19.2453,560.982
1745,2046.74,18.7174,535.385
1746,2046.48,19.2056,565.602
1747,2047.94,17.8496,523.141
1748,2037.43,19.6814,553.162
1749,2063.75,17.6015,493.839
1750,2039.58,19.4904,559.264
1751,2061.76,20.5234,551.501
1752,2041.04,20.5035,638.075
1753,2046.33,19.6528,544.768
1754,2036.62,19.6793,573.565
1755,2053.94,19.5793,557.859
1756,2034.79,20.3776,574.108
1757,2055.19,19.4532,547.143
1758,2056.47,20.7956,573.576
1759,2048.95,19.5842,547.242
1760,2062.61,20.4463,569.339
1761,2041.11,16.8605,492.06
1762,2053.98,20.3642,568.902
1763,2045.01,16.9553,493.844
1764,2046.1,19.1689,547.334
1765,2043.57,16.9451,479.277
1766,2040.54,19.4289,551.181
1767,2061.05,19.0698,517.572
1768,2045.6,20.4018,571.42
1769,2062.01,18.6322,526.739
1770,2052.52,21.2401,593.097
1771,2059,18.664,531.071
1772,2040.98,19.8659,557.797
1773,2063.44,18.5153,525.356
1774,2056.63,19.6385,556.311
1775,2033.49,17.8838,505.56
1776,2045.63,17.121,481.889
1777,2055.55,19.4425,541.861
1778,2044.84,15.2842,453.756
1779,2053.3,18.2625,532.391
1780,2038.02,15.4978,449.348
1781,2032.02,17.4959,511.714
1782,2036.93,15.8919,457.957
1783,2041.9,18.7804,531.353
1784,2055.29,15.6916,472.752
1785,2055.74,19.7293,549.317
1786,2058.36,15.659,470.115
1787,2035.85,20.0076,558.745
1788,2040.11,15.8857,468.204
1789,2041.67,19.9353,550.188
1790,2045.22,16.0975,470.705
1791,2067,18.8836,540.169
1792,2050.1,19.8692,573.642
1793,2049.17,17.3238,496.091
1794,2050.16,19.6303,531.191
1795,2052.46,17.1376,477.504
1796,2030.86,19.8889,540.081
1797,2070.06,17.1114,461.221
1798,2048.02,19.3289,489.541
1799,2042.17,17.2474,419.263
1800,2045.23,19.5634,563.142
1801,2054.88,17.3544,498.84
1802,2060.89,20.2827,587.265
1803,2042.98,18.1018,509.424
1804,2060.6,19.9741,560.33
1805,2054.72,17.3754,499.362
1806,2046.38,19.3029,529.922
1807,2050.48,17.2865,487.528
1808,2054.52,18.9663,556.64
1809,2043.98,19.8013,564.473
1810,2039.23,18.9428,555.776
1811,2047.68,19.3362,551.04
1812,2043.02,19.2137,555.706
1813,2038.23,19.2157,539.306
1814,2042.12,20.0903,542.641
1815,2060.66,19.2353,511.35
1816,2045.41,20.4076,581.944
1817,2055.52,20.2666,580.043
1818,2051.46,20.0883,579.168
1819,2054.67,20.4013,577.059
1820,2046.51,20.8504,583.448
1821,2072.39,20.0665,551.897
1822,2053.61,19.5076,554.858
1823,2037.17,19.3254,539.726
1824,2039.12,18.87,529.391
1825,2049,19.8714,566.208
1826,2045.56,19.0903,528.084
1827,2054.86,18.9395,549.859
1828,2035.42,19.1571,523.989
1829,2056.78,19.6385,545.895
1830,2050.7,17.7838,465.705
1831,2048.76,18.7997,511.121
1832,2040.15,17.1266,521.495
1833,2052.92,20.3261,577.826
1834,2053.57,19.2078,576.085
1835,2040.84,20.5205,575.245
1836,2042.93,18.4021,528.811
1837,2045.32,19.5274,561.29
1838,2044.3,17.6749,487.007
1839,2050.24,18.6766,534.808
1840,2053.55,18.3097,515.735
1841,2049.42,19.8348,585.005
1842,2051.5,17.7523,505.39
1843,2036.23,19.7819,578.271
1844,2037.52,18.0799,505.532
1845,2049.62,20.687,585.567
1846,2032.58,17.9988,482.45
1847,2050.01,20.4033,579.761
1848,2059.31,17.8691,503.783
1849,2047.42,19.1309,564.742
1850,2061.43,17.8454,511.596
1851,2034.16,20.3545,583.494
1852,2046.58,18.6148,517.988
1853,2055.26,19.2754,567.842
1854,2053.81,18.0949,502.987
1855,2037.13,20.7435,579.745
1856,2054.96,20.4504,598.221
1857,2034.83,19.1634,554.502
1858,2048.71,21.2405,609.348
1859,2043.36,19.1167,569.499
1860,2063.31,20.9757,591.852
1861,2053.44,19.9847,566.436
1862,2059.34,20.0572,585.618
1863,2052.57,19.5852,554.678
1864,2042.82,21.396,605.528
1865,2052.62,19.4567,569.869
1866,2043.44,19.9584,594.543
1867,2035.76,19.8943,577.748
1868,2060.02,20.0335,579.723
1869,2038.23,19.5805,567.207
1870,2041.46,20.3411,593.25
1871,2057.21,19.6784,570.552
1872,2029.27,18.2154,539.843
1873,2060.9,16.8781,490.4
1874,2057.16,17.8732,530.688
1875,2035.87,16.8597,489.823
1876,2053.87,18.3845,540.948
1877,2057.23,16.8958,484.311
1878,2049.81,18.3595,538.08
1879,2053.43,15.9592,467.402
1880,2056,18.9593,563.136
1881,2052.96,16.8857,490.188
1882,2046.76,19.6827,566.682
1883,2049.33,16.9253,495.594
1884,2038.99,19.039,555.164
1885,2050.59,15.9009,464.022
1886,2063.57,20.1965,569.843
1887,2047.73,16.9979,483.882
1888,2044.59,18.3857,535.337
1889,2033.06,20.5849,590.091
1890,2057.42,18.8368,547.65
1891,2031.83,20.17,582.559
1892,2036.92,18.5741,533.16
1893,2032.29,19.7419,571.434
1894,2039.17,19.7451,558.598
1895,2050.85,20.6928,596.019
1896,2043.83,20.7252,574.866
1897,2055.17,19.9681,582.198
1898,2062.63,21.493,600.108
1899,2054.35,20.3293,599.067
1900,2054.65,18.9915,562.109
1901,2060.18,20.4143,586.131
1902,2049.01,20.7165,566.912
1903,2050.88,19.9258,578.46
1904,2038.73,20.6505,580.54
1905,2045.08,19.25,553.623
1906,2052.3,21.5202,597.766
1907,2037.43,18.793,538.823
1908,2030.36,20.2753,561.502
1909,2047.89,18.8857,541.743
1910,2048.03,20.6022,575.433
1911,2036.81,18.221,535.291
1912,2031.42,20.5851,575.577
1913,2038.64,18.165,526.867
1914,2028.57,20.6034,588.94
1915,2052.67,18.3514,538.003
1916,2039.78,21.6279,588.256
1917,2054.28,18.4528,532.61
1918,2047.62,21.2213,587.651
1919,2052.92,18.6161,537.873
1920,2035.48,19.3262,558.781
1921,2044.04,18.5276,541.964
1922,2040.86,19.6151,562.23
1923,2035.38,18.7296,533.034
1924,2056.02,18.9132,531.828
1925,2058.12,18.5256,510.87
1926,2042.34,18.467,463.235
1927,2050.91,19.9718,473.826
1928,2029.48,17.2837,527.733
1929,2050.09,19.4672,558
1930,2075.9,19.0046,551.219
1931,2050.37,18.8204,553.936
1932,2045.34,19.4577,551.314
1933,2047.75,20.7478,567.489
1934,2053.03,19.0152,546.091
1935,2049.19,18.7536,513.488
1936,2048.12,15.6767,487.976
1937,2050.3,16.3901,493.943
1938,2043.57,17.7221,529.927
1939,2047.85,16.9978,517.804
1940,2051.67,17.9881,508.325
1941,2040.45,18.7682,515.868
1942,2038.83,17.6752,508.746
1943,2060.19,16.4191,459.029
1944,2040.64,18.3466,542.529
1945,2046.72,16.9502,517.662
1946,2029.92,17.8869,529.347
1947,2060.82,18.9593,545.585
1948,2037.44,17.9269,521.696
1949,2054.63,17.4808,500.188
1950,2039.87,17.8714,507.292
1951,2065.52,16.4956,484.141
1952,2049.06,16.8018,509.147
1953,2041.04,22.6789,641.693
1954,2048.31,17.0014,517.163
1955,2045.01,22.4331,638.262
1956,2043.38,16.4022,481.728
1957,2052.74,21.9882,623.961
1958,2029.67,17.2917,508.519
1959,2059.23,21.5323,613.434
1960,2035.88,17.5394,525.302
1961,2046.03,21.2892,626.672
1962,2056.38,17.9319,538.322
1963,2056.71,22.9712,667.4
1964,2039.19,17.7976,518.698
1965,2043.47,22.0459,627.872
1966,2062.12,17.282,484.929
1967,2044.26,22.4734,641.102
1968,2040.95,17.5093,531.217
1969,2057.75,19.3209,560.516
1970,2043.36,16.6449,505.774
1971,2052.9,19.0879,584.983
1972,2046.83,17.4567,501.86
1973,2044.34,17.8988,529.498
1974,2054.36,17.3928,472.008
1975,2031.22,18.673,511.891
1976,2032.77,18.3642,550.851
1977,2052.37,19.3695,561.163
1978,2040.46,18.9105,551.97
1979,2045.39,19.1436,540.339
1980,2043.49,18.2393,533.313
1981,2036.82,18.5718,512.257
1982,2031.38,18.9155,550.145
1983,2042.47,18.4998,500.015
1984,2051.05,18.4633,543.98
1985,2038.59,18.6662,544.873
1986,2038.2,19.0017,554.369
1987,2029.27,19.0385,546.428
1988,2031.99,18.9914,550.155
1989,2049.77,18.2586,525.491
1990,2044.33,19.0373,538.306
1991,2037.12,19.8062,556.35
1992,2034.2,19.0621,544.871
1993,2034.22,18.8682,547.921
1994,2047.49,18.334,536.195
1995,2030.75,19.0372,553.065
1996,2026.19,18.2877,531.026
1997,2055.74,19.0157,524.067
1998,2049.49,18.9652,538.568
1999,2037.3,18.9196,546.135
2000,2052.24,16.4403,491.668
2001,2056.71,20.9682,591.108
2002,2052.84,16.6658,494.285
2003,2032.16,20.912,588.212
2004,2041.46,16.3649,480.81
2005,2055.5,20.3802,576.246
2006,2044.08,15.9942,463.769
2007,2047.12,21.0983,584.465
2008,2045.99,17.5069,509.24
2009,2063.29,19.1992,562.328
2010,2043.32,17.4988,512.975
2011,2065.59,19.456,581.214
2012,2047.78,17.7564,510.19
2013,2048.28,20.8291,587.603
2014,2052.11,18.0256,517.836
2015,2054.83,19.2134,562.203
2016,2047.67,18.9604,554.228
2017,2054.82,19.384,552.614
2018,2037.07,18.3379,559.022
2019,2046.17,18.6918,537.839
2020,2053.1,17.6903,538.62
2021,2060.66,19.9604,555.748
2022,2037.36,18.0136,539.401
2023,2045.64,18.2495,515.231
2024,2041.46,17.9542,543.661
2025,2066.12,19.1965,548.955
2026,2038.97,18.2035,562.047
2027,2043.08,18.8213,537.513
2028,2044.15,18.1102,540.729
2029,2041.71,19.2816,547.265
2030,2042.43,18.0799,539.54
2031,2051.98,18.9315,534.112
2032,2044.84,19.1571,552.134
2033,2039.13,19.3985,576.149
2034,2051.64,17.621,532.086
2035,2035.89,19.5934,568.45
2036,2031.18,17.4701,517.816
2037,2055.07,19.7707,561.343
2038,2051.31,18.0207,531.611
2039,2049.25,19.2036,561.513
2040,2047.24,19.459,552.219
2041,2047.12,18.6806,550.76
2042,2038.05,18.9561,550.27
2043,2041.69,18.9227,552.427
2044,2053.36,17.444,519.705
2045,2057.32,19.4643,558.608
2046,2043.56,17.9121,529.615
2047,2049.32,18.9751,549.814
2048,2044.59,17.646,492.973
2049,0,-1,-1
2050,2040.75,16.7143,457.079
2051,0,-1,-1
2052,2065.08,16.4703,440.437
2053,0,-1,-1
2054,2048.36,16.5144,394.341
2055,0,-1,-1
2056,2040.1,18.5079,518.375
2057,0,-1,-1
2058,2045.22,17.6417,495.817
2059,0,-1,-1
2060,2044.87,16.6074,469.566
2061,0,-1,-1
2062,2039.46,17.2287,479.984
2063,0,-1,-1
2064,2052.12,17.2725,492.047
2065,0,-1,-1
2066,2033.82,18.2218,502.844
2067,0,-1,-1
2068,2045.11,24.5958,1015.31
2069,0,-1,-1
2070,2043.14,17.8963,491.57
2071,0,-1,-1
2072,2042.48,15.4657,434.801
2073,0,-1,-1
2074,2048.05,15.693,443.405
2075,0,-1,-1
2076,2053.66,16.1771,442.147
2077,0,-1,-1
2078,2049.07,16.4304,453.007
2079,0,-1,-1
2080,2045.16,17.7343,503.163
2081,0,-1,-1
2082,2059.88,16.878,485.852
2083,0,-1,-1
2084,2049.73,17.4216,489.807
2085,0,-1,-1
2086,2048.26,18.2373,508.128
2087,0,-1,-1
2088,2053.09,17.9645,498.7
2089,0,-1,-1
2090,2053.41,18.0544,507.271
2091,0,-1,-1
2092,2052.74,17.728,491.926
2093,0,-1,-1
2094,2046.27,17.2719,494.906
2095,0,-1,-1
2096,2045.66,18.6342,531
2097,0,-1,-1
2098,2036.63,19.4001,533.81
2099,0,-1,-1
2100,2052.33,20.0575,544.87
2101,0,-1,-1
2102,2050.4,18.641,523.562
2103,0,-1,-1
2104,2044.15,18.2079,516.782
2105,0,-1,-1
2106,2030.99,16.8652,482.716
2107,0,-1,-1
2108,2034.19,17.6142,488.349
2109,0,-1,-1
2110,2040.31,17.8829,502.835
2111,0,-1,-1
2112,2053.09,18.3771,494.841
2113,0,-1,-1
2114,2051.6,17.7061,487.078
2115,0,-1,-1
2116,2043.06,16.9923,465.706
2117,0,-1,-1
2118,2037.75,18.6809,493.314
2119,0,-1,-1
2120,2036.67,17.6506,486.32
2121,0,-1,-1
2122,2049.21,17.403,475.8
2123,0,-1,-1
2124,2055.46,16.7611,463.25
2125,0,-1,-1
2126,2030.14,17.864,479.29
2127,0,-1,-1
2128,2041.86,18.1739,523.985
2129,0,-1,-1
2130,2051.56,18.0038,516.06
2131,0,-1,-1
2132,2038.45,19.151,531.841
2133,0,-1,-1
2134,2055.75,18.6624,518.651
2135,0,-1,-1
2136,2057.87,16.7272,478.341
2137,0,-1,-1
2138,2060.11,16.1465,460.909
2139,0,-1,-1
2140,2047.04,15.687,451.717
2141,0,-1,-1
2142,2054.45,16.2874,464.223
2143,0,-1,-1
2144,2037.09,15.0215,437.397
2145,0,-1,-1
2146,2039.81,14.7794,428.386
2147,0,-1,-1
2148,2057.87,15.0931,433.138
2149,0,-1,-1
2150,2043.39,15.2006,431.804
2151,0,-1,-1
2152,2062.15,18.0273,507.344
2153,0,-1,-1
2154,2063,17.3548,495.762
2155,0,-1,-1
2156,2045.97,17.6761,495.047
2157,0,-1,-1
2158,2053.61,16.5672,476.589
2159,0,-1,-1
2160,2047.04,17.6357,493.544
2161,0,-1,-1
2162,2047.09,18.1387,510.508
2163,0,-1,-1
2164,2040.34,17.8266,498.738
2165,0,-1,-1
2166,2053.69,17.6607,494.824
2167,0,-1,-1
2168,2045.82,17.4822,486.251
2169,0,-1,-1
2170,2036.51,15.4628,462.039
2171,0,-1,-1
2172,2038.37,17.9509,495.261
2173,0,-1,-1
2174,2041.45,17.0587,481.48
2175,0,-1,-1
2176,2034.12,16.4135,460.757
2177,0,-1,-1
2178,2052.44,15.2685,432.11
2179,0,-1,-1
2180,2057.59,15.1344,427.209
2181,0,-1,-1
2182,2045.19,15.226,363.276
2183,0,-1,-1
2184,2051.89,14.8711,433.907
2185,0,-1,-1
2186,2044.23,13.9719,420.903
2187,0,-1,-1
2188,2055.03,14.6093,397.238
2189,0,-1,-1
2190,2047.35,14.3096,407.43
2191,0,-1,-1
2192,2053.26,16.4772,479.892
2193,0,-1,-1
2194,2053.98,16.0013,470.811
2195,0,-1,-1
2196,2046.86,15.7551,423.165
2197,0,-1,-1
2198,2049.05,16.0603,461.529
2199,0,-1,-1
2200,2042.11,16.8866,508.145
2201,0,-1,-1
2202,2042.95,17.7197,514.436
2203,0,-1,-1
2204,2064.92,16.8967,504.264
2205,0,-1,-1
2206,2049.18,18.2851,517.433
2207,0,-1,-1
2208,2038.01,17.3515,506.899
2209,0,-1,-1
2210,2057.73,16.7889,501.7
2211,0,-1,-1
2212,2047.57,17.0514,478.12
2213,0,-1,-1
2214,2043.56,16.4882,441.386
2215,0,-1,-1
2216,2049.81,18.1678,536.725
2217,0,-1,-1
2218,2020.31,17.6614,534.77
2219,0,-1,-1
2220,2050.92,17.3578,521.227
2221,0,-1,-1
2222,2053.96,18.5502,551.027
2223,0,-1,-1
2224,2042.34,16.6623,478.857
2225,0,-1,-1
2226,2040.48,16.46,480.691
2227,0,-1,-1
2228,2045.96,15.6968,440.727
2229,0,-1,-1
2230,2048.68,16.2762,467.933
2231,0,-1,-1
2232,2055.23,15.4096,455.337
2233,0,-1,-1
2234,2048.19,15.7964,464.962
2235,0,-1,-1
2236,2037.64,15.6315,449.32
2237,0,-1,-1
2238,2046.53,15.8123,454.164
2239,0,-1,-1
2240,2042.16,18.2655,522.38
2241,0,-1,-1
2242,2032.75,19.0961,544.752
2243,0,-1,-1
2244,2044.45,18.6258,526.933
2245,0,-1,-1
2246,2050.41,-1,-1
2247,0,-1,-1
2248,2050.19,17.6273,506.965
2249,0,-1,-1
2250,2052.51,18.2795,522.187
2251,0,-1,-1
2252,2055.1,17.3771,505.979
2253,0,-1,-1
2254,2056.39,17.8846,508.898
2255,0,-1,-1
2256,2048.89,16.0182,467.188
2257,0,-1,-1
2258,2041.96,17.9936,503.26
2259,0,-1,-1
2260,2036.11,17.2222,486.281
2261,0,-1,-1
2262,2032.15,17.2297,488.107
2263,0,-1,-1
2264,2058.9,19.4555,540.765
2265,0,-1,-1
2266,2038.8,19.5748,545.133
2267,0,-1,-1
2268,2034.18,19.7993,541.082
2269,0,-1,-1
2270,2045.49,19.3069,544.426
2271,0,-1,-1
2272,2049.7,17.6234,495.599
2273,0,-1,-1
2274,2054.31,16.007,474.368
2275,0,-1,-1
2276,2046.03,16.0923,471.613
2277,0,-1,-1
2278,2057.68,17.0233,478.83
2279,0,-1,-1
2280,2044.53,18.2829,520.912
2281,0,-1,-1
2282,2036.45,17.2463,514.092
2283,0,-1,-1
2284,2025.92,18.2631,518.033
2285,0,-1,-1
2286,2044.63,17.3753,502.185
2287,0,-1,-1
2288,2050.47,17.5563,497.169
2289,0,-1,-1
2290,2051.79,16.9107,483.668
2291,0,-1,-1
2292,2047.12,17.7663,491.203
2293,0,-1,-1
2294,2049.31,16.6259,483.044
2295,0,-1,-1
2296,2034.39,15.4115,443.255
2297,0,-1,-1
2298,2043.16,14.7068,431.036
2299,0,-1,-1
2300,2052.79,14.9705,426.118
2301,0,-1,-1
2302,2059.73,15.7277,443.369
2303,0,-1,-1
TABLE CRVTime
#channel,timeOffset
0,0
1,26.2415
2,0
3,26.2415
4,0
5,26.2415
6,0
7,26.2415
8,0
9,26.2415
10,0
11,26.2415
12,0
13,26.2415
14,0
15,26.2415
16,0
17,26.2415
18,0
19,26.2415
20,0
21,26.2415
22,0
23,26.2415
24,0
25,26.2415
26,0
27,26.2415
28,0
29,26.2415
30,0
31,26.2415
32,-0.00433266
33,27.1811
34,-0.00433266
35,27.1811
36,-0.00433266
37,27.1811
38,-0.00433266
39,27.1811
40,-0.00433266
41,27.1811
42,-0.00433266
43,27.1811
44,-0.00433266
45,27.1811
46,-0.00433266
47,27.1811
48,-0.00433266
49,27.1811
50,-0.00433266
51,27.1811
52,-0.00433266
53,27.1811
54,-0.00433266
55,27.1811
56,-0.00433266
57,27.1811
58,-0.00433266
59,27.1811
60,-0.00433266
61,27.1811
62,-0.00433266
63,27.1811
64,1.12033
65,26.9665
66,1.12033
67,26.9665
68,1.12033
69,26.9665
70,1.12033
71,26.9665
72,1.12033
73,26.9665
74,1.12033
75,26.9665
76,1.12033
77,26.9665
78,1.12033
79,26.9665
80,1.12033
81,26.9665
82,1.12033
83,26.9665
84,1.12033
85,26.9665
86,1.12033
87,26.9665
88,1.12033
89,26.9665
90,1.12033
91,26.9665
92,1.12033
93,26.9665
94,1.12033
95,26.9665
96,1.83664
97,28.0968
98,1.83664
99,28.0968
100,1.83664
101,28.0968
102,1.83664
103,28.0968
104,1.83664
105,28.0968
106,1.83664
107,28.0968
108,1.83664
109,28.0968
110,1.83664
111,28.0968
112,1.83664
113,28.0968
114,1.83664
115,28.0968
116,1.83664
117,28.0968
118,1.83664
119,28.0968
120,1.83664
121,28.0968
122,1.83664
123,28.0968
124,1.83664
125,28.0968
126,1.83664
127,28.0968
128,-0.358527
129,26.2495
130,-0.358527
131,26.2495
132,-0.358527
133,26.2495
134,-0.358527
135,26.2495
136,-0.358527
137,26.2495
138,-0.358527
139,26.2495
140,-0.358527
141,26.2495
142,-0.358527
143,26.2495
144,-0.358527
145,26.2495
146,-0.358527
147,26.2495
148,-0.358527
149,26.2495
150,-0.358527
151,26.2495
152,-0.358527
153,26.2495
154,-0.358527
155,26.2495
156,-0.358527
157,26.2495
158,-0.358527
159,26.2495
160,0.636016
161,26.4099
162,0.636016
163,26.4099
164,0.636016
165,26.4099
166,0.636016
167,26.4099
168,0.636016
169,26.4099
170,0.636016
171,26.4099
172,0.636016
173,26.4099
174,0.636016
175,26.4099
176,0.636016
177,26.4099
178,0.636016
179,26.4099
180,0.636016
181,26.4099
182,0.636016
183,26.4099
184,0.636016
185,26.4099
186,0.636016
187,26.4099
188,0.636016
189,26.4099
190,0.636016
191,26.4099
192,1.15991
193,26.6636
194,1.15991
195,26.6636
196,1.15991
197,26.6636
198,1.15991
199,26.6636
200,1.15991
201,26.6636
202,1.15991
203,26.6636
204,1.15991
205,26.6636
206,1.15991
207,26.6636
208,1.15991
209,26.6636
210,1.15991
211,26.6636
212,1.15991
213,26.6636
214,1.15991
215,26.6636
216,1.15991
217,26.6636
218,1.15991
219,26.6636
220,1.15991
221,26.6636
222,1.15991
223,26.6636
224,2.08804
225,27.5282
226,2.08804
227,27.5282
228,2.08804
229,27.5282
230,2.08804
231,27.5282
232,2.08804
233,27.5282
234,2.08804
235,27.5282
236,2.08804
237,27.5282
238,2.08804
239,27.5282
240,2.08804
241,27.5282
242,2.08804
243,27.5282
244,2.08804
245,27.5282
246,2.08804
247,27.5282
248,2.08804
249,27.5282
250,2.08804
251,27.5282
252,2.08804
253,27.5282
254,2.08804
255,27.5282
256,110.391
257,27.9991
258,110.391
259,27.9991
260,110.391
261,27.9991
262,110.391
263,27.9991
264,110.391
265,27.9991
266,110.391
267,27.9991
268,110.391
269,27.9991
270,110.391
271,27.9991
272,110.391
273,27.9991
274,110.391
275,27.9991
276,110.391
277,27.9991
278,110.391
279,27.9991
280,110.391
281,27.9991
282,110.391
283,27.9991
284,110.391
285,27.9991
286,110.391
287,27.9991
288,110.578
289,28.6625
290,110.578
291,28.6625
292,110.578
293,28.6625
294,110.578
295,28.6625
296,110.578
297,28.6625
298,110.578
299,28.6625
300,110.578
301,28.6625
302,110.578
303,28.6625
304,110.578
305,28.6625
306,110.578
307,28.6625
308,110.578
309,28.6625
310,110.578
311,28.6625
312,110.578
313,28.6625
314,110.578
315,28.6625
316,110.578
317,28.6625
318,110.578
319,28.6625
320,111.389
321,28.1945
322,111.389
323,28.1945
324,111.389
325,28.1945
326,111.389
327,28.1945
328,111.389
329,28.1945
330,111.389
331,28.1945
332,111.389
333,28.1945
334,111.389
335,28.1945
336,111.389
337,28.1945
338,111.389
339,28.1945
340,111.389
341,28.1945
342,111.389
343,28.1945
344,111.389
345,28.1945
346,111.389
347,28.1945
348,111.389
349,28.1945
350,111.389
351,28.1945
352,112.496
353,29.2663
354,112.496
355,29.2663
356,112.496
357,29.2663
358,112.496
359,29.2663
360,112.496
361,29.2663
362,112.496
363,29.2663
364,112.496
365,29.2663
366,112.496
367,29.2663
368,112.496
369,29.2663
370,112.496
371,29.2663
372,112.496
373,29.2663
374,112.496
375,29.2663
376,112.496
377,29.2663
378,112.496
379,29.2663
380,112.496
381,29.2663
382,112.496
383,29.2663
384,-0.301496
385,28.4229
386,-0.301496
387,28.4229
388,-0.301496
389,28.4229
390,-0.301496
391,28.4229
392,-0.301496
393,28.4229
394,-0.301496
395,28.4229
396,-0.301496
397,28.4229
398,-0.301496
399,28.4229
400,-0.301496
401,28.4229
402,-0.301496
403,28.4229
404,-0.301496
405,28.4229
406,-0.301496
407,28.4229
408,-0.301496
409,28.4229
410,-0.301496
411,28.4229
412,-0.301496
413,28.4229
414,-0.301496
415,28.4229
416,0.220212
417,28.8763
418,0.220212
419,28.8763
420,0.220212
421,28.8763
422,0.220212
423,28.8763
424,0.220212
425,28.8763
426,0.220212
427,28.8763
428,0.220212
429,28.8763
430,0.220212
431,28.8763
432,0.220212
433,28.8763
434,0.220212
435,28.8763
436,0.220212
437,28.8763
438,0.220212
439,28.8763
440,0.220212
441,28.8763
442,0.220212
443,28.8763
444,0.220212
445,28.8763
446,0.220212
447,28.8763
448,1.08206
449,28.6475
450,1.08206
451,28.6475
452,1.08206
453,28.6475
454,1.08206
455,28.6475
456,1.08206
457,28.6475
458,1.08206
459,28.6475
460,1.08206
461,28.6475
462,1.08206
463,28.6475
464,1.08206
465,28.6475
466,1.08206
467,28.6475
468,1.08206
469,28.6475
470,1.08206
471,28.6475
472,1.08206
473,28.6475
474,1.08206
475,28.6475
476,1.08206
477,28.6475
478,1.08206
479,28.6475
480,1.84557
481,29.8666
482,1.84557
483,29.8666
484,1.84557
485,29.8666
486,1.84557
487,29.8666
488,1.84557
489,29.8666
490,1.84557
491,29.8666
492,1.84557
493,29.8666
494,1.84557
495,29.8666
496,1.84557
497,29.8666
498,1.84557
499,29.8666
500,1.84557
501,29.8666
502,1.84557
503,29.8666
504,1.84557
505,29.8666
506,1.84557
507,29.8666
508,1.84557
509,29.8666
510,1.84557
511,29.8666
512,11.7033
513,37.6145
514,11.7033
515,37.6145
516,11.7033
517,37.6145
518,11.7033
519,37.6145
520,11.7033
521,37.6145
522,11.7033
523,37.6145
524,11.7033
525,37.6145
526,11.7033
527,37.6145
528,11.7033
529,37.6145
530,11.7033
531,37.6145
532,11.7033
533,37.6145
534,11.7033
535,37.6145
536,11.7033
537,37.6145
538,11.7033
539,37.6145
540,11.7033
541,37.6145
542,11.7033
543,37.6145
544,11.8774
545,38.6284
546,11.8774
547,38.6284
548,11.8774
549,38.6284
550,11.8774
551,38.6284
552,11.8774
553,38.6284
554,11.8774
555,38.6284
556,11.8774
557,38.6284
558,11.8774
559,38.6284
560,11.8774
561,38.6284
562,11.8774
563,38.6284
564,11.8774
565,38.6284
566,11.8774
567,38.6284
568,11.8774
569,38.6284
570,11.8774
571,38.6284
572,11.8774
573,38.6284
574,11.8774
575,38.6284
576,12.4136
577,40.1053
578,12.4136
579,40.1053
580,12.4136
581,40.1053
582,12.4136
583,40.1053
584,12.4136
585,40.1053
586,12.4136
587,40.1053
588,12.4136
589,40.1053
590,12.4136
591,40.1053
592,12.4136
593,40.1053
594,12.4136
595,40.1053
596,12.4136
597,40.1053
598,12.4136
599,40.1053
600,12.4136
601,40.1053
602,12.4136
603,40.1053
604,12.4136
605,40.1053
606,12.4136
607,40.1053
608,12.9632
609,39.2965
610,12.9632
611,39.2965
612,12.9632
613,39.2965
614,12.9632
615,39.2965
616,12.9632
617,39.2965
618,12.9632
619,39.2965
620,12.9632
621,39.2965
622,12.9632
623,39.2965
624,12.9632
625,39.2965
626,12.9632
627,39.2965
628,12.9632
629,39.2965
630,12.9632
631,39.2965
632,12.9632
633,39.2965
634,12.9632
635,39.2965
636,12.9632
637,39.2965
638,12.9632
639,39.2965
640,7.95763
641,35.9664
642,7.95763
643,35.9664
644,7.95763
645,35.9664
646,7.95763
647,35.9664
648,7.95763
649,35.9664
650,7.95763
651,35.9664
652,7.95763
653,35.9664
654,7.95763
655,35.9664
656,7.95763
657,35.9664
658,7.95763
659,35.9664
660,7.95763
661,35.9664
662,7.95763
663,35.9664
664,7.95763
665,35.9664
666,7.95763
667,35.9664
668,7.95763
669,35.9664
670,7.95763
671,35.9664
672,9.78149
673,36.8213
674,9.78149
675,36.8213
676,9.78149
677,36.8213
678,9.78149
679,36.8213
680,9.78149
681,36.8213
682,9.78149
683,36.8213
684,9.78149
685,36.8213
686,9.78149
687,36.8213
688,9.78149
689,36.8213
690,9.78149
691,36.8213
692,9.78149
693,36.8213
694,9.78149
695,36.8213
696,9.78149
697,36.8213
698,9.78149
699,36.8213
700,9.78149
701,36.8213
702,9.78149
703,36.8213
704,9.26596
705,37.3655
706,9.26596
707,37.3655
708,9.26596
709,37.3655
710,9.26596
711,37.3655
712,9.26596
713,37.3655
714,9.26596
715,37.3655
716,9.26596
717,37.3655
718,9.26596
719,37.3655
720,9.26596
721,37.3655
722,9.26596
723,37.3655
724,9.26596
725,37.3655
726,9.26596
727,37.3655
728,9.26596
729,37.3655
730,9.26596
731,37.3655
732,9.26596
733,37.3655
734,9.26596
735,37.3655
736,10.1723
737,38.2412
738,10.1723
739,38.2412
740,10.1723
741,38.2412
742,10.1723
743,38.2412
744,10.1723
745,38.2412
746,10.1723
747,38.2412
748,10.1723
749,38.2412
750,10.1723
751,38.2412
752,10.1723
753,38.2412
754,10.1723
755,38.2412
756,10.1723
757,38.2412
758,10.1723
759,38.2412
760,10.1723
761,38.2412
762,10.1723
763,38.2412
764,10.1723
765,38.2412
766,10.1723
767,38.2412
768,9.15713
769,35.4534
770,9.15713
771,35.4534
772,9.15713
773,35.4534
774,9.15713
775,35.4534
776,9.15713
777,35.4534
778,9.15713
779,35.4534
780,9.15713
781,35.4534
782,9.15713
783,35.4534
784,9.15713
785,35.4534
786,9.15713
787,35.4534
788,9.15713
789,35.4534
790,9.15713
791,35.4534
792,9.15713
793,35.4534
794,9.15713
795,35.4534
796,9.15713
797,35.4534
798,9.15713
799,35.4534
800,9.83072
801,36.6462
802,9.83072
803,36.6462
804,9.83072
805,36.6462
806,9.83072
807,36.6462
808,9.83072
809,36.6462
810,9.83072
811,36.6462
812,9.83072
813,36.6462
814,9.83072
815,36.6462
816,9.83072
817,36.6462
818,9.83072
819,36.6462
820,9.83072
821,36.6462
822,9.83072
823,36.6462
824,9.83072
825,36.6462
826,9.83072
827,36.6462
828,9.83072
829,36.6462
830,9.83072
831,36.6462
832,9.94845
833,37.3037
834,9.94845
835,37.3037
836,9.94845
837,37.3037
838,9.94845
839,37.3037
840,9.94845
841,37.3037
842,9.94845
843,37.3037
844,9.94845
845,37.3037
846,9.94845
847,37.3037
848,9.94845
849,37.3037
850,9.94845
851,37.3037
852,9.94845
853,37.3037
854,9.94845
855,37.3037
856,9.94845
857,37.3037
858,9.94845
859,37.3037
860,9.94845
861,37.3037
862,9.94845
863,37.3037
864,10.1238
865,37.3888
866,10.1238
867,37.3888
868,10.1238
869,37.3888
870,10.1238
871,37.3888
872,10.1238
873,37.3888
874,10.1238
875,37.3888
876,10.1238
877,37.3888
878,10.1238
879,37.3888
880,10.1238
881,37.3888
882,10.1238
883,37.3888
884,10.1238
885,37.3888
886,10.1238
887,37.3888
888,10.1238
889,37.3888
890,10.1238
891,37.3888
892,10.1238
893,37.3888
894,10.1238
895,37.3888
896,10.3523
897,36.2445
898,10.3523
899,36.2445
900,10.3523
901,36.2445
902,10.3523
903,36.2445
904,10.3523
905,36.2445
906,10.3523
907,36.2445
908,10.3523
909,36.2445
910,10.3523
911,36.2445
912,10.3523
913,36.2445
914,10.3523
915,36.2445
916,10.3523
917,36.2445
918,10.3523
919,36.2445
920,10.3523
921,36.2445
922,10.3523
923,36.2445
924,10.3523
925,36.2445
926,10.3523
927,36.2445
928,10.989
929,36.5154
930,10.989
931,36.5154
932,10.989
933,36.5154
934,10.989
935,36.5154
936,10.989
937,36.5154
938,10.989
939,36.5154
940,10.989
941,36.5154
942,10.989
943,36.5154
944,10.989
945,36.5154
946,10.989
947,36.5154
948,10.989
949,36.5154
950,10.989
951,36.5154
952,10.989
953,36.5154
954,10.989
955,36.5154
956,10.989
957,36.5154
958,10.989
959,36.5154
960,12.407
961,37.5093
962,12.407
963,37.5093
964,12.407
965,37.5093
966,12.407
967,37.5093
968,12.407
969,37.5093
970,12.407
971,37.5093
972,12.407
973,37.5093
974,12.407
975,37.5093
976,12.407
977,37.5093
978,12.407
979,37.5093
980,12.407
981,37.5093
982,12.407
983,37.5093
984,12.407
985,37.5093
986,12.407
987,37.5093
988,12.407
989,37.5093
990,12.407
991,37.5093
992,11.9693
993,38.0564
994,11.9693
995,38.0564
996,11.9693
997,38.0564
998,11.9693
999,38.0564
1000,11.9693
1001,38.0564
1002,11.9693
1003,38.0564
1004,11.9693
1005,38.0564
1006,11.9693
1007,38.0564
1008,11.9693
1009,38.0564
1010,11.9693
1011,38.0564
1012,11.9693
1013,38.0564
1014,11.9693
1015,38.0564
1016,11.9693
1017,38.0564
1018,11.9693
1019,38.0564
1020,11.9693
1021,38.0564
1022,11.9693
1023,38.0564
1024,0
1025,7.8
1026,0
1027,7.8
1028,0
1029,7.8
1030,0
1031,7.8
1032,0
1033,7.8
1034,0
1035,7.8
1036,0
1037,7.8
1038,0
1039,7.8
1040,0
1041,7.8
1042,0
1043,7.8
1044,0
1045,7.8
1046,0
1047,7.8
1048,0
1049,7.8
1050,0
1051,7.8
1052,0
1053,7.8
1054,0
1055,7.8
1056,0
1057,9.19842
1058,0
1059,9.19842
1060,0
1061,9.19842
1062,0
1063,9.19842
1064,0
1065,9.19842
1066,0
1067,9.19842
1068,0
1069,9.19842
1070,0
1071,9.19842
1072,0
1073,9.19842
1074,0
1075,9.19842
1076,0
1077,9.19842
1078,0
1079,9.19842
1080,0
1081,9.19842
1082,0
1083,9.19842
1084,0
1085,9.19842
1086,0
1087,9.19842
1088,0
1089,9.36105
1090,0
1091,9.36105
1092,0
1093,9.36105
1094,0
1095,9.36105
1096,0
1097,9.36105
1098,0
1099,9.36105
1100,0
1101,9.36105
1102,0
1103,9.36105
1104,0
1105,9.36105
1106,0
1107,9.36105
1108,0
1109,9.36105
1110,0
1111,9.36105
1112,0
1113,9.36105
1114,0
1115,9.36105
1116,0
1117,9.36105
1118,0
1119,9.36105
1120,0
1121,9.96185
1122,0
1123,9.96185
1124,0
1125,9.96185
1126,0
1127,9.96185
1128,0
1129,9.96185
1130,0
1131,9.96185
1132,0
1133,9.96185
1134,0
1135,9.96185
1136,0
1137,9.96185
1138,0
1139,9.96185
1140,0
1141,9.96185
1142,0
1143,9.96185
1144,0
1145,9.96185
1146,0
1147,9.96185
1148,0
1149,9.96185
1150,0
1151,9.96185
1152,0
1153,9.16178
1154,0
1155,9.16178
1156,0
1157,9.16178
1158,0
1159,9.16178
1160,0
1161,9.16178
1162,0
1163,9.16178
1164,0
1165,9.16178
1166,0
1167,9.16178
1168,0
1169,9.16178
1170,0
1171,9.16178
1172,0
1173,9.16178
1174,0
1175,9.16178
1176,0
1177,9.16178
1178,0
1179,9.16178
1180,0
1181,9.16178
1182,0
1183,9.16178
1184,0
1185,9.26815
1186,0
1187,9.26815
1188,0
1189,9.26815
1190,0
1191,9.26815
1192,0
1193,9.26815
1194,0
1195,9.26815
1196,0
1197,9.26815
1198,0
1199,9.26815
1200,0
1201,9.26815
1202,0
1203,9.26815
1204,0
1205,9.26815
1206,0
1207,9.26815
1208,0
1209,9.26815
1210,0
1211,9.26815
1212,0
1213,9.26815
1214,0
1215,9.26815
1216,0
1217,10.0089
1218,0
1219,10.0089
1220,0
1221,10.0089
1222,0
1223,10.0089
1224,0
1225,10.0089
1226,0
1227,10.0089
1228,0
1229,10.0089
1230,0
1231,10.0089
1232,0
1233,10.0089
1234,0
1235,10.0089
1236,0
1237,10.0089
1238,0
1239,10.0089
1240,0
1241,10.0089
1242,0
1243,10.0089
1244,0
1245,10.0089
1246,0
1247,10.0089
1248,0
1249,9.88366
1250,0
1251,9.88366
1252,0
1253,9.88366
1254,0
1255,9.88366
1256,0
1257,9.88366
1258,0
1259,9.88366
1260,0
1261,9.88366
1262,0
1263,9.88366
1264,0
1265,9.88366
1266,0
1267,9.88366
1268,0
1269,9.88366
1270,0
1271,9.88366
1272,0
1273,9.88366
1274,0
1275,9.88366
1276,0
1277,9.88366
1278,0
1279,9.88366
1280,0
1281,12.8236
1282,0
1283,12.8236
1284,0
1285,12.8236
1286,0
1287,12.8236
1288,0
1289,12.8236
1290,0
1291,12.8236
1292,0
1293,12.8236
1294,0
1295,12.8236
1296,0
1297,12.8236
1298,0
1299,12.8236
1300,0
1301,12.8236
1302,0
1303,12.8236
1304,0
1305,12.8236
1306,0
1307,12.8236
1308,0
1309,12.8236
1310,0
1311,12.8236
1312,0
1313,12.0691
1314,0
1315,12.0691
1316,0
1317,12.0691
1318,0
1319,12.0691
1320,0
1321,12.0691
1322,0
1323,12.0691
1324,0
1325,12.0691
1326,0
1327,12.0691
1328,0
1329,12.0691
1330,0
1331,12.0691
1332,0
1333,12.0691
1334,0
1335,12.0691
1336,0
1337,12.0691
1338,0
1339,12.0691
1340,0
1341,12.0691
1342,0
1343,12.0691
1344,0
1345,13.3742
1346,0
1347,13.3742
1348,0
1349,13.3742
1350,0
1351,13.3742
1352,0
1353,13.3742
1354,0
1355,13.3742
1356,0
1357,13.3742
1358,0
1359,13.3742
1360,0
1361,13.3742
1362,0
1363,13.3742
1364,0
1365,13.3742
1366,0
1367,13.3742
1368,0
1369,13.3742
1370,0
1371,13.3742
1372,0
1373,13.3742
1374,0
1375,13.3742
1376,0
1377,12.8699
1378,0
1379,12.8699
1380,0
1381,12.8699
1382,0
1383,12.8699
1384,0
1385,12.8699
1386,0
1387,12.8699
1388,0
1389,12.8699
1390,0
1391,12.8699
1392,0
1393,12.8699
1394,0
1395,12.8699
1396,0
1397,12.8699
1398,0
1399,12.8699
1400,0
1401,12.8699
1402,0
1403,12.8699
1404,0
1405,12.8699
1406,0
1407,12.8699
1408,0
1409,12.4363
1410,0
1411,12.4363
1412,0
1413,12.4363
1414,0
1415,12.4363
1416,0
1417,12.4363
1418,0
1419,12.4363
1420,0
1421,12.4363
1422,0
1423,12.4363
1424,0
1425,12.4363
1426,0
1427,12.4363
1428,0
1429,12.4363
1430,0
1431,12.4363
1432,0
1433,12.4363
1434,0
1435,12.4363
1436,0
1437,12.4363
1438,0
1439,12.4363
1440,0
1441,12.6728
1442,0
1443,12.6728
1444,0
1445,12.6728
1446,0
1447,12.6728
1448,0
1449,12.6728
1450,0
1451,12.6728
1452,0
1453,12.6728
1454,0
1455,12.6728
1456,0
1457,12.6728
1458,0
1459,12.6728
1460,0
1461,12.6728
1462,0
1463,12.6728
1464,0
1465,12.6728
1466,0
1467,12.6728
1468,0
1469,12.6728
1470,0
1471,12.6728
1472,0
1473,11.2417
1474,0
1475,11.2417
1476,0
1477,11.2417
1478,0
1479,11.2417
1480,0
1481,11.2417
1482,0
1483,11.2417
1484,0
1485,11.2417
1486,0
1487,11.2417
1488,0
1489,11.2417
1490,0
1491,11.2417
1492,0
1493,11.2417
1494,0
1495,11.2417
1496,0
1497,11.2417
1498,0
1499,11.2417
1500,0
1501,11.2417
1502,0
1503,11.2417
1504,0
1505,10.939
1506,0
1507,10.939
1508,0
1509,10.939
1510,0
1511,10.939
1512,0
1513,10.939
1514,0
1515,10.939
1516,0
1517,10.939
1518,0
1519,10.939
1520,0
1521,10.939
1522,0
1523,10.939
1524,0
1525,10.939
1526,0
1527,10.939
1528,0
1529,10.939
1530,0
1531,10.939
1532,0
1533,10.939
1534,0
1535,10.939
1536,112
1537,24.0015
1538,112
1539,24.0015
1540,112
1541,24.0015
1542,112
1543,24.0015
1544,112
1545,24.0015
1546,112
1547,24.0015
1548,112
1549,24.0015
1550,112
1551,24.0015
1552,112
1553,24.0015
1554,112
1555,24.0015
1556,112
1557,24.0015
1558,112
1559,24.0015
1560,112
1561,24.0015
1562,112
1563,24.0015
1564,112
1565,24.0015
1566,112
1567,24.0015
1568,111.973
1569,26.0911
1570,111.973
1571,26.0911
1572,111.973
1573,26.0911
1574,111.973
1575,26.0911
1576,111.973
1577,26.0911
1578,111.973
1579,26.0911
1580,111.973
1581,26.0911
1582,111.973
1583,26.0911
1584,111.973
1585,26.0911
1586,111.973
1587,26.0911
1588,111.973
1589,26.0911
1590,111.973
1591,26.0911
1592,111.973
1593,26.0911
1594,111.973
1595,26.0911
1596,111.973
1597,26.0911
1598,111.973
1599,26.0911
1600,112.754
1601,25.793
1602,112.754
1603,25.793
1604,112.754
1605,25.793
1606,112.754
1607,25.793
1608,112.754
1609,25.793
1610,112.754
1611,25.793
1612,112.754
1613,25.793
1614,112.754
1615,25.793
1616,112.754
1617,25.793
1618,112.754
1619,25.793
1620,112.754
1621,25.793
1622,112.754
1623,25.793
1624,112.754
1625,25.793
1626,112.754
1627,25.793
1628,112.754
1629,25.793
1630,112.754
1631,25.793
1632,112.983
1633,26.768
1634,112.983
1635,26.768
1636,112.983
1637,26.768
1638,112.983
1639,26.768
1640,112.983
1641,26.768
1642,112.983
1643,26.768
1644,112.983
1645,26.768
1646,112.983
1647,26.768
1648,112.983
1649,26.768
1650,112.983
1651,26.768
1652,112.983
1653,26.768
1654,112.983
1655,26.768
1656,112.983
1657,26.768
1658,112.983
1659,26.768
1660,112.983
1661,26.768
1662,112.983
1663,26.768
1664,111.422
1665,25.0085
1666,111.422
1667,25.0085
1668,111.422
1669,25.0085
1670,111.422
1671,25.0085
1672,111.422
1673,25.0085
1674,111.422
1675,25.0085
1676,111.422
1677,25.0085
1678,111.422
1679,25.0085
1680,111.422
1681,25.0085
1682,111.422
1683,25.0085
1684,111.422
1685,25.0085
1686,111.422
1687,25.0085
1688,111.422
1689,25.0085
1690,111.422
1691,25.0085
1692,111.422
1693,25.0085
1694,111.422
1695,25.0085
1696,112.164
1697,25.9832
1698,112.164
1699,25.9832
1700,112.164
1701,25.9832
1702,112.164
1703,25.9832
1704,112.164
1705,25.9832
1706,112.164
1707,25.9832
1708,112.164
1709,25.9832
1710,112.164
1711,25.9832
1712,112.164
1713,25.9832
1714,112.164
1715,25.9832
1716,112.164
1717,25.9832
1718,112.164
1719,25.9832
1720,112.164
1721,25.9832
1722,112.164
1723,25.9832
1724,112.164
1725,25.9832
1726,112.164
1727,25.9832
1728,112.562
1729,26.8298
1730,112.562
1731,26.8298
1732,112.562
1733,26.8298
1734,112.562
1735,26.8298
1736,112.562
1737,26.8298
1738,112.562
1739,26.8298
1740,112.562
1741,26.8298
1742,112.562
1743,26.8298
1744,112.562
1745,26.8298
1746,112.562
1747,26.8298
1748,112.562
1749,26.8298
1750,112.562
1751,26.8298
1752,112.562
1753,26.8298
1754,112.562
1755,26.8298
1756,112.562
1757,26.8298
1758,112.562
1759,26.8298
1760,113.378
1761,26.9557
1762,113.378
1763,26.9557
1764,113.378
1765,26.9557
1766,113.378
1767,26.9557
1768,113.378
1769,26.9557
1770,113.378
1771,26.9557
1772,113.378
1773,26.9557
1774,113.378
1775,26.9557
1776,113.378
1777,26.9557
1778,113.378
1779,26.9557
1780,113.378
1781,26.9557
1782,113.378
1783,26.9557
1784,113.378
1785,26.9557
1786,113.378
1787,26.9557
1788,113.378
1789,26.9557
1790,113.378
1791,26.9557
1792,9.81714
1793,33.8996
1794,9.81714
1795,33.8996
1796,9.81714
1797,33.8996
1798,9.81714
1799,33.8996
1800,9.81714
1801,33.8996
1802,9.81714
1803,33.8996
1804,9.81714
1805,33.8996
1806,9.81714
1807,33.8996
1808,9.81714
1809,33.8996
1810,9.81714
1811,33.8996
1812,9.81714
1813,33.8996
1814,9.81714
1815,33.8996
1816,9.81714
1817,33.8996
1818,9.81714
1819,33.8996
1820,9.81714
1821,33.8996
1822,9.81714
1823,33.8996
1824,9.83408
1825,34.7398
1826,9.83408
1827,34.7398
1828,9.83408
1829,34.7398
1830,9.83408
1831,34.7398
1832,9.83408
1833,34.7398
1834,9.83408
1835,34.7398
1836,9.83408
1837,34.7398
1838,9.83408
1839,34.7398
1840,9.83408
1841,34.7398
1842,9.83408
1843,34.7398
1844,9.83408
1845,34.7398
1846,9.83408
1847,34.7398
1848,9.83408
1849,34.7398
1850,9.83408
1851,34.7398
1852,9.83408
1853,34.7398
1854,9.83408
1855,34.7398
1856,10.2111
1857,34.5047
1858,10.2111
1859,34.5047
1860,10.2111
1861,34.5047
1862,10.2111
1863,34.5047
1864,10.2111
1865,34.5047
1866,10.2111
1867,34.5047
1868,10.2111
1869,34.5047
1870,10.2111
1871,34.5047
1872,10.2111
1873,34.5047
1874,10.2111
1875,34.5047
1876,10.2111
1877,34.5047
1878,10.2111
1879,34.5047
1880,10.2111
1881,34.5047
1882,10.2111
1883,34.5047
1884,10.2111
1885,34.5047
1886,10.2111
1887,34.5047
1888,11.555
1889,35.1558
1890,11.555
1891,35.1558
1892,11.555
1893,35.1558
1894,11.555
1895,35.1558
1896,11.555
1897,35.1558
1898,11.555
1899,35.1558
1900,11.555
1901,35.1558
1902,11.555
1903,35.1558
1904,11.555
1905,35.1558
1906,11.555
1907,35.1558
1908,11.555
1909,35.1558
1910,11.555
1911,35.1558
1912,11.555
1913,35.1558
1914,11.555
1915,35.1558
1916,11.555
1917,35.1558
1918,11.555
1919,35.1558
1920,9.61911
1921,32.4569
1922,9.61911
1923,32.4569
1924,9.61911
1925,32.4569
1926,9.61911
1927,32.4569
1928,9.61911
1929,32.4569
1930,9.61911
1931,32.4569
1932,9.61911
1933,32.4569
1934,9.61911
1935,32.4569
1936,9.61911
1937,32.4569
1938,9.61911
1939,32.4569
1940,9.61911
1941,32.4569
1942,9.61911
1943,32.4569
1944,9.61911
1945,32.4569
1946,9.61911
1947,32.4569
1948,9.61911
1949,32.4569
1950,9.61911
1951,32.4569
1952,9.15453
1953,35.4643
1954,9.15453
1955,35.4643
1956,9.15453
1957,35.4643
1958,9.15453
1959,35.4643
1960,9.15453
1961,35.4643
1962,9.15453
1963,35.4643
1964,9.15453
1965,35.4643
1966,9.15453
1967,35.4643
1968,9.15453
1969,35.4643
1970,9.15453
1971,35.4643
1972,9.15453
1973,35.4643
1974,9.15453
1975,35.4643
1976,9.15453
1977,35.4643
1978,9.15453
1979,35.4643
1980,9.15453
1981,35.4643
1982,9.15453
1983,35.4643
1984,10.5428
1985,33.5406
1986,10.5428
1987,33.5406
1988,10.5428
1989,33.5406
1990,10.5428
1991,33.5406
1992,10.5428
1993,33.5406
1994,10.5428
1995,33.5406
1996,10.5428
1997,33.5406
1998,10.5428
1999,33.5406
2000,10.5428
2001,33.5406
2002,10.5428
2003,33.5406
2004,10.5428
2005,33.5406
2006,10.5428
2007,33.5406
2008,10.5428
2009,33.5406
2010,10.5428
2011,33.5406
2012,10.5428
2013,33.5406
2014,10.5428
2015,33.5406
2016,10.4681
2017,35.1006
2018,10.4681
2019,35.1006
2020,10.4681
2021,35.1006
2022,10.4681
2023,35.1006
2024,10.4681
2025,35.1006
2026,10.4681
2027,35.1006
2028,10.4681
2029,35.1006
2030,10.4681
2031,35.1006
2032,10.4681
2033,35.1006
2034,10.4681
2035,35.1006
2036,10.4681
2037,35.1006
2038,10.4681
2039,35.1006
2040,10.4681
2041,35.1006
2042,10.4681
2043,35.1006
2044,10.4681
2045,35.1006
2046,10.4681
2047,35.1006
2048,34
2049,0
2050,34
2051,0
2052,34
2053,0
2054,34
2055,0
2056,34
2057,0
2058,34
2059,0
2060,34
2061,0
2062,34
2063,0
2064,34
2065,0
2066,34
2067,0
2068,34
2069,0
2070,34
2071,0
2072,34
2073,0
2074,34
2075,0
2076,34
2077,0
2078,34
2079,0
2080,36.4833
2081,0
2082,36.4833
2083,0
2084,36.4833
2085,0
2086,36.4833
2087,0
2088,36.4833
2089,0
2090,36.4833
2091,0
2092,36.4833
2093,0
2094,36.4833
2095,0
2096,36.4833
2097,0
2098,36.4833
2099,0
2100,36.4833
2101,0
2102,36.4833
2103,0
2104,36.4833
2105,0
2106,36.4833
2107,0
2108,36.4833
2109,0
2110,36.4833
2111,0
2112,36.6451
2113,0
2114,36.6451
2115,0
2116,36.6451
2117,0
2118,36.6451
2119,0
2120,36.6451
2121,0
2122,36.6451
2123,0
2124,36.6451
2125,0
2126,36.6451
2127,0
2128,36.6451
2129,0
2130,36.6451
2131,0
2132,36.6451
2133,0
2134,36.6451
2135,0
2136,36.6451
2137,0
2138,36.6451
2139,0
2140,36.6451
2141,0
2142,36.6451
2143,0
2144,36.8491
2145,0
2146,36.8491
2147,0
2148,36.8491
2149,0
2150,36.8491
2151,0
2152,36.8491
2153,0
2154,36.8491
2155,0
2156,36.8491
2157,0
2158,36.8491
2159,0
2160,36.8491
2161,0
2162,36.8491
2163,0
2164,36.8491
2165,0
2166,36.8491
2167,0
2168,36.8491
2169,0
2170,36.8491
2171,0
2172,36.8491
2173,0
2174,36.8491
2175,0
2176,34.6493
2177,0
2178,34.6493
2179,0
2180,34.6493
2181,0
2182,34.6493
2183,0
2184,34.6493
2185,0
2186,34.6493
2187,0
2188,34.6493
2189,0
2190,34.6493
2191,0
2192,34.6493
2193,0
2194,34.6493
2195,0
2196,34.6493
2197,0
2198,34.6493
2199,0
2200,34.6493
2201,0
2202,34.6493
2203,0
2204,34.6493
2205,0
2206,34.6493
2207,0
2208,34.496
2209,0
2210,34.496
2211,0
2212,34.496
2213,0
2214,34.496
2215,0
2216,34.496
2217,0
2218,34.496
2219,0
2220,34.496
2221,0
2222,34.496
2223,0
2224,34.496
2225,0
2226,34.496
2227,0
2228,34.496
2229,0
2230,34.496
2231,0
2232,34.496
2233,0
2234,34.496
2235,0
2236,34.496
2237,0
2238,34.496
2239,0
2240,36.7668
2241,0
2242,36.7668
2243,0
2244,36.7668
2245,0
2246,36.7668
2247,0
2248,36.7668
2249,0
2250,36.7668
2251,0
2252,36.7668
2253,0
2254,36.7668
2255,0
2256,36.7668
2257,0
2258,36.7668
2259,0
2260,36.7668
2261,0
2262,36.7668
2263,0
2264,36.7668
2265,0
2266,36.7668
2267,0
2268,36.7668
2269,0
2270,36.7668
2271,0
2272,36.9212
2273,0
2274,36.9212
2275,0
2276,36.9212
2277,0
2278,36.9212
2279,0
2280,36.9212
2281,0
2282,36.9212
2283,0
2284,36.9212
2285,0
2286,36.9212
2287,0
2288,36.9212
2289,0
2290,36.9212
2291,0
2292,36.9212
2293,0
2294,36.9212
2295,0
2296,36.9212
2297,0
2298,36.9212
2299,0
2300,36.9212
2301,0
2302,36.9212
2303,0
