TABLE CRVTime
#2304 channels, sigma: 1.0, limitlow: -3.0, limithigh: 3.0
#channel,timeOffset
0,-0.053
1,0.738
2,-0.053
3,0.738
4,-0.053
5,0.738
6,-0.053
7,0.738
8,-0.053
9,0.738
10,-0.053
11,0.738
12,-0.053
13,0.738
14,-0.053
15,0.738
16,-0.053
17,0.738
18,-0.053
19,0.738
20,-0.053
21,0.738
22,-0.053
23,0.738
24,-0.053
25,0.738
26,-0.053
27,0.738
28,-0.053
29,0.738
30,-0.053
31,0.738
32,-0.053
33,0.738
34,-0.053
35,0.738
36,-0.053
37,0.738
38,-0.053
39,0.738
40,-0.053
41,0.738
42,-0.053
43,0.738
44,-0.053
45,0.738
46,-0.053
47,0.738
48,-0.053
49,0.738
50,-0.053
51,0.738
52,-0.053
53,0.738
54,-0.053
55,0.738
56,-0.053
57,0.738
58,-0.053
59,0.738
60,-0.053
61,0.738
62,-0.053
63,0.738
64,-0.053
65,0.738
66,-0.053
67,0.738
68,-0.053
69,0.738
70,-0.053
71,0.738
72,-0.053
73,0.738
74,-0.053
75,0.738
76,-0.053
77,0.738
78,-0.053
79,0.738
80,-0.053
81,0.738
82,-0.053
83,0.738
84,-0.053
85,0.738
86,-0.053
87,0.738
88,-0.053
89,0.738
90,-0.053
91,0.738
92,-0.053
93,0.738
94,-0.053
95,0.738
96,-0.053
97,0.738
98,-0.053
99,0.738
100,-0.053
101,0.738
102,-0.053
103,0.738
104,-0.053
105,0.738
106,-0.053
107,0.738
108,-0.053
109,0.738
110,-0.053
111,0.738
112,-0.053
113,0.738
114,-0.053
115,0.738
116,-0.053
117,0.738
118,-0.053
119,0.738
120,-0.053
121,0.738
122,-0.053
123,0.738
124,-0.053
125,0.738
126,-0.053
127,0.738
128,0.355
129,0.007
130,0.355
131,0.007
132,0.355
133,0.007
134,0.355
135,0.007
136,0.355
137,0.007
138,0.355
139,0.007
140,0.355
141,0.007
142,0.355
143,0.007
144,0.355
145,0.007
146,0.355
147,0.007
148,0.355
149,0.007
150,0.355
151,0.007
152,0.355
153,0.007
154,0.355
155,0.007
156,0.355
157,0.007
158,0.355
159,0.007
160,0.355
161,0.007
162,0.355
163,0.007
164,0.355
165,0.007
166,0.355
167,0.007
168,0.355
169,0.007
170,0.355
171,0.007
172,0.355
173,0.007
174,0.355
175,0.007
176,0.355
177,0.007
178,0.355
179,0.007
180,0.355
181,0.007
182,0.355
183,0.007
184,0.355
185,0.007
186,0.355
187,0.007
188,0.355
189,0.007
190,0.355
191,0.007
192,0.355
193,0.007
194,0.355
195,0.007
196,0.355
197,0.007
198,0.355
199,0.007
200,0.355
201,0.007
202,0.355
203,0.007
204,0.355
205,0.007
206,0.355
207,0.007
208,0.355
209,0.007
210,0.355
211,0.007
212,0.355
213,0.007
214,0.355
215,0.007
216,0.355
217,0.007
218,0.355
219,0.007
220,0.355
221,0.007
222,0.355
223,0.007
224,0.355
225,0.007
226,0.355
227,0.007
228,0.355
229,0.007
230,0.355
231,0.007
232,0.355
233,0.007
234,0.355
235,0.007
236,0.355
237,0.007
238,0.355
239,0.007
240,0.355
241,0.007
242,0.355
243,0.007
244,0.355
245,0.007
246,0.355
247,0.007
248,0.355
249,0.007
250,0.355
251,0.007
252,0.355
253,0.007
254,0.355
255,0.007
256,0.355
257,-0.967
258,0.355
259,-0.967
260,0.355
261,-0.967
262,0.355
263,-0.967
264,0.355
265,-0.967
266,0.355
267,-0.967
268,0.355
269,-0.967
270,0.355
271,-0.967
272,0.355
273,-0.967
274,0.355
275,-0.967
276,0.355
277,-0.967
278,0.355
279,-0.967
280,0.355
281,-0.967
282,0.355
283,-0.967
284,0.355
285,-0.967
286,0.355
287,-0.967
288,0.355
289,-0.967
290,0.355
291,-0.967
292,0.355
293,-0.967
294,0.355
295,-0.967
296,0.355
297,-0.967
298,0.355
299,-0.967
300,0.355
301,-0.967
302,0.355
303,-0.967
304,0.355
305,-0.967
306,0.355
307,-0.967
308,0.355
309,-0.967
310,0.355
311,-0.967
312,0.355
313,-0.967
314,0.355
315,-0.967
316,0.355
317,-0.967
318,0.355
319,-0.967
320,0.355
321,-0.967
322,0.355
323,-0.967
324,0.355
325,-0.967
326,0.355
327,-0.967
328,0.355
329,-0.967
330,0.355
331,-0.967
332,0.355
333,-0.967
334,0.355
335,-0.967
336,0.355
337,-0.967
338,0.355
339,-0.967
340,0.355
341,-0.967
342,0.355
343,-0.967
344,0.355
345,-0.967
346,0.355
347,-0.967
348,0.355
349,-0.967
350,0.355
351,-0.967
352,0.355
353,-0.967
354,0.355
355,-0.967
356,0.355
357,-0.967
358,0.355
359,-0.967
360,0.355
361,-0.967
362,0.355
363,-0.967
364,0.355
365,-0.967
366,0.355
367,-0.967
368,0.355
369,-0.967
370,0.355
371,-0.967
372,0.355
373,-0.967
374,0.355
375,-0.967
376,0.355
377,-0.967
378,0.355
379,-0.967
380,0.355
381,-0.967
382,0.355
383,-0.967
384,-0.216
385,0.495
386,-0.216
387,0.495
388,-0.216
389,0.495
390,-0.216
391,0.495
392,-0.216
393,0.495
394,-0.216
395,0.495
396,-0.216
397,0.495
398,-0.216
399,0.495
400,-0.216
401,0.495
402,-0.216
403,0.495
404,-0.216
405,0.495
406,-0.216
407,0.495
408,-0.216
409,0.495
410,-0.216
411,0.495
412,-0.216
413,0.495
414,-0.216
415,0.495
416,-0.216
417,0.495
418,-0.216
419,0.495
420,-0.216
421,0.495
422,-0.216
423,0.495
424,-0.216
425,0.495
426,-0.216
427,0.495
428,-0.216
429,0.495
430,-0.216
431,0.495
432,-0.216
433,0.495
434,-0.216
435,0.495
436,-0.216
437,0.495
438,-0.216
439,0.495
440,-0.216
441,0.495
442,-0.216
443,0.495
444,-0.216
445,0.495
446,-0.216
447,0.495
448,-0.216
449,0.495
450,-0.216
451,0.495
452,-0.216
453,0.495
454,-0.216
455,0.495
456,-0.216
457,0.495
458,-0.216
459,0.495
460,-0.216
461,0.495
462,-0.216
463,0.495
464,-0.216
465,0.495
466,-0.216
467,0.495
468,-0.216
469,0.495
470,-0.216
471,0.495
472,-0.216
473,0.495
474,-0.216
475,0.495
476,-0.216
477,0.495
478,-0.216
479,0.495
480,-0.216
481,0.495
482,-0.216
483,0.495
484,-0.216
485,0.495
486,-0.216
487,0.495
488,-0.216
489,0.495
490,-0.216
491,0.495
492,-0.216
493,0.495
494,-0.216
495,0.495
496,-0.216
497,0.495
498,-0.216
499,0.495
500,-0.216
501,0.495
502,-0.216
503,0.495
504,-0.216
505,0.495
506,-0.216
507,0.495
508,-0.216
509,0.495
510,-0.216
511,0.495
512,0.058
513,1.161
514,0.058
515,1.161
516,0.058
517,1.161
518,0.058
519,1.161
520,0.058
521,1.161
522,0.058
523,1.161
524,0.058
525,1.161
526,0.058
527,1.161
528,0.058
529,1.161
530,0.058
531,1.161
532,0.058
533,1.161
534,0.058
535,1.161
536,0.058
537,1.161
538,0.058
539,1.161
540,0.058
541,1.161
542,0.058
543,1.161
544,0.058
545,1.161
546,0.058
547,1.161
548,0.058
549,1.161
550,0.058
551,1.161
552,0.058
553,1.161
554,0.058
555,1.161
556,0.058
557,1.161
558,0.058
559,1.161
560,0.058
561,1.161
562,0.058
563,1.161
564,0.058
565,1.161
566,0.058
567,1.161
568,0.058
569,1.161
570,0.058
571,1.161
572,0.058
573,1.161
574,0.058
575,1.161
576,0.058
577,1.161
578,0.058
579,1.161
580,0.058
581,1.161
582,0.058
583,1.161
584,0.058
585,1.161
586,0.058
587,1.161
588,0.058
589,1.161
590,0.058
591,1.161
592,0.058
593,1.161
594,0.058
595,1.161
596,0.058
597,1.161
598,0.058
599,1.161
600,0.058
601,1.161
602,0.058
603,1.161
604,0.058
605,1.161
606,0.058
607,1.161
608,0.058
609,1.161
610,0.058
611,1.161
612,0.058
613,1.161
614,0.058
615,1.161
616,0.058
617,1.161
618,0.058
619,1.161
620,0.058
621,1.161
622,0.058
623,1.161
624,0.058
625,1.161
626,0.058
627,1.161
628,0.058
629,1.161
630,0.058
631,1.161
632,0.058
633,1.161
634,0.058
635,1.161
636,0.058
637,1.161
638,0.058
639,1.161
640,-0.131
641,-1.227
642,-0.131
643,-1.227
644,-0.131
645,-1.227
646,-0.131
647,-1.227
648,-0.131
649,-1.227
650,-0.131
651,-1.227
652,-0.131
653,-1.227
654,-0.131
655,-1.227
656,-0.131
657,-1.227
658,-0.131
659,-1.227
660,-0.131
661,-1.227
662,-0.131
663,-1.227
664,-0.131
665,-1.227
666,-0.131
667,-1.227
668,-0.131
669,-1.227
670,-0.131
671,-1.227
672,-0.131
673,-1.227
674,-0.131
675,-1.227
676,-0.131
677,-1.227
678,-0.131
679,-1.227
680,-0.131
681,-1.227
682,-0.131
683,-1.227
684,-0.131
685,-1.227
686,-0.131
687,-1.227
688,-0.131
689,-1.227
690,-0.131
691,-1.227
692,-0.131
693,-1.227
694,-0.131
695,-1.227
696,-0.131
697,-1.227
698,-0.131
699,-1.227
700,-0.131
701,-1.227
702,-0.131
703,-1.227
704,-0.131
705,-1.227
706,-0.131
707,-1.227
708,-0.131
709,-1.227
710,-0.131
711,-1.227
712,-0.131
713,-1.227
714,-0.131
715,-1.227
716,-0.131
717,-1.227
718,-0.131
719,-1.227
720,-0.131
721,-1.227
722,-0.131
723,-1.227
724,-0.131
725,-1.227
726,-0.131
727,-1.227
728,-0.131
729,-1.227
730,-0.131
731,-1.227
732,-0.131
733,-1.227
734,-0.131
735,-1.227
736,-0.131
737,-1.227
738,-0.131
739,-1.227
740,-0.131
741,-1.227
742,-0.131
743,-1.227
744,-0.131
745,-1.227
746,-0.131
747,-1.227
748,-0.131
749,-1.227
750,-0.131
751,-1.227
752,-0.131
753,-1.227
754,-0.131
755,-1.227
756,-0.131
757,-1.227
758,-0.131
759,-1.227
760,-0.131
761,-1.227
762,-0.131
763,-1.227
764,-0.131
765,-1.227
766,-0.131
767,-1.227
768,2.712
769,-0.960
770,2.712
771,-0.960
772,2.712
773,-0.960
774,2.712
775,-0.960
776,2.712
777,-0.960
778,2.712
779,-0.960
780,2.712
781,-0.960
782,2.712
783,-0.960
784,2.712
785,-0.960
786,2.712
787,-0.960
788,2.712
789,-0.960
790,2.712
791,-0.960
792,2.712
793,-0.960
794,2.712
795,-0.960
796,2.712
797,-0.960
798,2.712
799,-0.960
800,2.712
801,-0.960
802,2.712
803,-0.960
804,2.712
805,-0.960
806,2.712
807,-0.960
808,2.712
809,-0.960
810,2.712
811,-0.960
812,2.712
813,-0.960
814,2.712
815,-0.960
816,2.712
817,-0.960
818,2.712
819,-0.960
820,2.712
821,-0.960
822,2.712
823,-0.960
824,2.712
825,-0.960
826,2.712
827,-0.960
828,2.712
829,-0.960
830,2.712
831,-0.960
832,2.712
833,-0.960
834,2.712
835,-0.960
836,2.712
837,-0.960
838,2.712
839,-0.960
840,2.712
841,-0.960
842,2.712
843,-0.960
844,2.712
845,-0.960
846,2.712
847,-0.960
848,2.712
849,-0.960
850,2.712
851,-0.960
852,2.712
853,-0.960
854,2.712
855,-0.960
856,2.712
857,-0.960
858,2.712
859,-0.960
860,2.712
861,-0.960
862,2.712
863,-0.960
864,2.712
865,-0.960
866,2.712
867,-0.960
868,2.712
869,-0.960
870,2.712
871,-0.960
872,2.712
873,-0.960
874,2.712
875,-0.960
876,2.712
877,-0.960
878,2.712
879,-0.960
880,2.712
881,-0.960
882,2.712
883,-0.960
884,2.712
885,-0.960
886,2.712
887,-0.960
888,2.712
889,-0.960
890,2.712
891,-0.960
892,2.712
893,-0.960
894,2.712
895,-0.960
896,-0.191
897,-2.174
898,-0.191
899,-2.174
900,-0.191
901,-2.174
902,-0.191
903,-2.174
904,-0.191
905,-2.174
906,-0.191
907,-2.174
908,-0.191
909,-2.174
910,-0.191
911,-2.174
912,-0.191
913,-2.174
914,-0.191
915,-2.174
916,-0.191
917,-2.174
918,-0.191
919,-2.174
920,-0.191
921,-2.174
922,-0.191
923,-2.174
924,-0.191
925,-2.174
926,-0.191
927,-2.174
928,-0.191
929,-2.174
930,-0.191
931,-2.174
932,-0.191
933,-2.174
934,-0.191
935,-2.174
936,-0.191
937,-2.174
938,-0.191
939,-2.174
940,-0.191
941,-2.174
942,-0.191
943,-2.174
944,-0.191
945,-2.174
946,-0.191
947,-2.174
948,-0.191
949,-2.174
950,-0.191
951,-2.174
952,-0.191
953,-2.174
954,-0.191
955,-2.174
956,-0.191
957,-2.174
958,-0.191
959,-2.174
960,-0.191
961,-2.174
962,-0.191
963,-2.174
964,-0.191
965,-2.174
966,-0.191
967,-2.174
968,-0.191
969,-2.174
970,-0.191
971,-2.174
972,-0.191
973,-2.174
974,-0.191
975,-2.174
976,-0.191
977,-2.174
978,-0.191
979,-2.174
980,-0.191
981,-2.174
982,-0.191
983,-2.174
984,-0.191
985,-2.174
986,-0.191
987,-2.174
988,-0.191
989,-2.174
990,-0.191
991,-2.174
992,-0.191
993,-2.174
994,-0.191
995,-2.174
996,-0.191
997,-2.174
998,-0.191
999,-2.174
1000,-0.191
1001,-2.174
1002,-0.191
1003,-2.174
1004,-0.191
1005,-2.174
1006,-0.191
1007,-2.174
1008,-0.191
1009,-2.174
1010,-0.191
1011,-2.174
1012,-0.191
1013,-2.174
1014,-0.191
1015,-2.174
1016,-0.191
1017,-2.174
1018,-0.191
1019,-2.174
1020,-0.191
1021,-2.174
1022,-0.191
1023,-2.174
1024,0.000
1025,-0.053
1026,0.000
1027,-0.053
1028,0.000
1029,-0.053
1030,0.000
1031,-0.053
1032,0.000
1033,-0.053
1034,0.000
1035,-0.053
1036,0.000
1037,-0.053
1038,0.000
1039,-0.053
1040,0.000
1041,-0.053
1042,0.000
1043,-0.053
1044,0.000
1045,-0.053
1046,0.000
1047,-0.053
1048,0.000
1049,-0.053
1050,0.000
1051,-0.053
1052,0.000
1053,-0.053
1054,0.000
1055,-0.053
1056,0.000
1057,-0.053
1058,0.000
1059,-0.053
1060,0.000
1061,-0.053
1062,0.000
1063,-0.053
1064,0.000
1065,-0.053
1066,0.000
1067,-0.053
1068,0.000
1069,-0.053
1070,0.000
1071,-0.053
1072,0.000
1073,-0.053
1074,0.000
1075,-0.053
1076,0.000
1077,-0.053
1078,0.000
1079,-0.053
1080,0.000
1081,-0.053
1082,0.000
1083,-0.053
1084,0.000
1085,-0.053
1086,0.000
1087,-0.053
1088,0.000
1089,-0.053
1090,0.000
1091,-0.053
1092,0.000
1093,-0.053
1094,0.000
1095,-0.053
1096,0.000
1097,-0.053
1098,0.000
1099,-0.053
1100,0.000
1101,-0.053
1102,0.000
1103,-0.053
1104,0.000
1105,-0.053
1106,0.000
1107,-0.053
1108,0.000
1109,-0.053
1110,0.000
1111,-0.053
1112,0.000
1113,-0.053
1114,0.000
1115,-0.053
1116,0.000
1117,-0.053
1118,0.000
1119,-0.053
1120,0.000
1121,-0.053
1122,0.000
1123,-0.053
1124,0.000
1125,-0.053
1126,0.000
1127,-0.053
1128,0.000
1129,-0.053
1130,0.000
1131,-0.053
1132,0.000
1133,-0.053
1134,0.000
1135,-0.053
1136,0.000
1137,-0.053
1138,0.000
1139,-0.053
1140,0.000
1141,-0.053
1142,0.000
1143,-0.053
1144,0.000
1145,-0.053
1146,0.000
1147,-0.053
1148,0.000
1149,-0.053
1150,0.000
1151,-0.053
1152,0.000
1153,-0.284
1154,0.000
1155,-0.284
1156,0.000
1157,-0.284
1158,0.000
1159,-0.284
1160,0.000
1161,-0.284
1162,0.000
1163,-0.284
1164,0.000
1165,-0.284
1166,0.000
1167,-0.284
1168,0.000
1169,-0.284
1170,0.000
1171,-0.284
1172,0.000
1173,-0.284
1174,0.000
1175,-0.284
1176,0.000
1177,-0.284
1178,0.000
1179,-0.284
1180,0.000
1181,-0.284
1182,0.000
1183,-0.284
1184,0.000
1185,-0.284
1186,0.000
1187,-0.284
1188,0.000
1189,-0.284
1190,0.000
1191,-0.284
1192,0.000
1193,-0.284
1194,0.000
1195,-0.284
1196,0.000
1197,-0.284
1198,0.000
1199,-0.284
1200,0.000
1201,-0.284
1202,0.000
1203,-0.284
1204,0.000
1205,-0.284
1206,0.000
1207,-0.284
1208,0.000
1209,-0.284
1210,0.000
1211,-0.284
1212,0.000
1213,-0.284
1214,0.000
1215,-0.284
1216,0.000
1217,-0.284
1218,0.000
1219,-0.284
1220,0.000
1221,-0.284
1222,0.000
1223,-0.284
1224,0.000
1225,-0.284
1226,0.000
1227,-0.284
1228,0.000
1229,-0.284
1230,0.000
1231,-0.284
1232,0.000
1233,-0.284
1234,0.000
1235,-0.284
1236,0.000
1237,-0.284
1238,0.000
1239,-0.284
1240,0.000
1241,-0.284
1242,0.000
1243,-0.284
1244,0.000
1245,-0.284
1246,0.000
1247,-0.284
1248,0.000
1249,-0.284
1250,0.000
1251,-0.284
1252,0.000
1253,-0.284
1254,0.000
1255,-0.284
1256,0.000
1257,-0.284
1258,0.000
1259,-0.284
1260,0.000
1261,-0.284
1262,0.000
1263,-0.284
1264,0.000
1265,-0.284
1266,0.000
1267,-0.284
1268,0.000
1269,-0.284
1270,0.000
1271,-0.284
1272,0.000
1273,-0.284
1274,0.000
1275,-0.284
1276,0.000
1277,-0.284
1278,0.000
1279,-0.284
1280,0.000
1281,0.738
1282,0.000
1283,0.738
1284,0.000
1285,0.738
1286,0.000
1287,0.738
1288,0.000
1289,0.738
1290,0.000
1291,0.738
1292,0.000
1293,0.738
1294,0.000
1295,0.738
1296,0.000
1297,0.738
1298,0.000
1299,0.738
1300,0.000
1301,0.738
1302,0.000
1303,0.738
1304,0.000
1305,0.738
1306,0.000
1307,0.738
1308,0.000
1309,0.738
1310,0.000
1311,0.738
1312,0.000
1313,0.738
1314,0.000
1315,0.738
1316,0.000
1317,0.738
1318,0.000
1319,0.738
1320,0.000
1321,0.738
1322,0.000
1323,0.738
1324,0.000
1325,0.738
1326,0.000
1327,0.738
1328,0.000
1329,0.738
1330,0.000
1331,0.738
1332,0.000
1333,0.738
1334,0.000
1335,0.738
1336,0.000
1337,0.738
1338,0.000
1339,0.738
1340,0.000
1341,0.738
1342,0.000
1343,0.738
1344,0.000
1345,0.738
1346,0.000
1347,0.738
1348,0.000
1349,0.738
1350,0.000
1351,0.738
1352,0.000
1353,0.738
1354,0.000
1355,0.738
1356,0.000
1357,0.738
1358,0.000
1359,0.738
1360,0.000
1361,0.738
1362,0.000
1363,0.738
1364,0.000
1365,0.738
1366,0.000
1367,0.738
1368,0.000
1369,0.738
1370,0.000
1371,0.738
1372,0.000
1373,0.738
1374,0.000
1375,0.738
1376,0.000
1377,0.738
1378,0.000
1379,0.738
1380,0.000
1381,0.738
1382,0.000
1383,0.738
1384,0.000
1385,0.738
1386,0.000
1387,0.738
1388,0.000
1389,0.738
1390,0.000
1391,0.738
1392,0.000
1393,0.738
1394,0.000
1395,0.738
1396,0.000
1397,0.738
1398,0.000
1399,0.738
1400,0.000
1401,0.738
1402,0.000
1403,0.738
1404,0.000
1405,0.738
1406,0.000
1407,0.738
1408,0.000
1409,0.007
1410,0.000
1411,0.007
1412,0.000
1413,0.007
1414,0.000
1415,0.007
1416,0.000
1417,0.007
1418,0.000
1419,0.007
1420,0.000
1421,0.007
1422,0.000
1423,0.007
1424,0.000
1425,0.007
1426,0.000
1427,0.007
1428,0.000
1429,0.007
1430,0.000
1431,0.007
1432,0.000
1433,0.007
1434,0.000
1435,0.007
1436,0.000
1437,0.007
1438,0.000
1439,0.007
1440,0.000
1441,0.007
1442,0.000
1443,0.007
1444,0.000
1445,0.007
1446,0.000
1447,0.007
1448,0.000
1449,0.007
1450,0.000
1451,0.007
1452,0.000
1453,0.007
1454,0.000
1455,0.007
1456,0.000
1457,0.007
1458,0.000
1459,0.007
1460,0.000
1461,0.007
1462,0.000
1463,0.007
1464,0.000
1465,0.007
1466,0.000
1467,0.007
1468,0.000
1469,0.007
1470,0.000
1471,0.007
1472,0.000
1473,0.007
1474,0.000
1475,0.007
1476,0.000
1477,0.007
1478,0.000
1479,0.007
1480,0.000
1481,0.007
1482,0.000
1483,0.007
1484,0.000
1485,0.007
1486,0.000
1487,0.007
1488,0.000
1489,0.007
1490,0.000
1491,0.007
1492,0.000
1493,0.007
1494,0.000
1495,0.007
1496,0.000
1497,0.007
1498,0.000
1499,0.007
1500,0.000
1501,0.007
1502,0.000
1503,0.007
1504,0.000
1505,0.007
1506,0.000
1507,0.007
1508,0.000
1509,0.007
1510,0.000
1511,0.007
1512,0.000
1513,0.007
1514,0.000
1515,0.007
1516,0.000
1517,0.007
1518,0.000
1519,0.007
1520,0.000
1521,0.007
1522,0.000
1523,0.007
1524,0.000
1525,0.007
1526,0.000
1527,0.007
1528,0.000
1529,0.007
1530,0.000
1531,0.007
1532,0.000
1533,0.007
1534,0.000
1535,0.007
1536,0.600
1537,-1.627
1538,0.600
1539,-1.627
1540,0.600
1541,-1.627
1542,0.600
1543,-1.627
1544,0.600
1545,-1.627
1546,0.600
1547,-1.627
1548,0.600
1549,-1.627
1550,0.600
1551,-1.627
1552,0.600
1553,-1.627
1554,0.600
1555,-1.627
1556,0.600
1557,-1.627
1558,0.600
1559,-1.627
1560,0.600
1561,-1.627
1562,0.600
1563,-1.627
1564,0.600
1565,-1.627
1566,0.600
1567,-1.627
1568,0.600
1569,-1.627
1570,0.600
1571,-1.627
1572,0.600
1573,-1.627
1574,0.600
1575,-1.627
1576,0.600
1577,-1.627
1578,0.600
1579,-1.627
1580,0.600
1581,-1.627
1582,0.600
1583,-1.627
1584,0.600
1585,-1.627
1586,0.600
1587,-1.627
1588,0.600
1589,-1.627
1590,0.600
1591,-1.627
1592,0.600
1593,-1.627
1594,0.600
1595,-1.627
1596,0.600
1597,-1.627
1598,0.600
1599,-1.627
1600,0.600
1601,-1.627
1602,0.600
1603,-1.627
1604,0.600
1605,-1.627
1606,0.600
1607,-1.627
1608,0.600
1609,-1.627
1610,0.600
1611,-1.627
1612,0.600
1613,-1.627
1614,0.600
1615,-1.627
1616,0.600
1617,-1.627
1618,0.600
1619,-1.627
1620,0.600
1621,-1.627
1622,0.600
1623,-1.627
1624,0.600
1625,-1.627
1626,0.600
1627,-1.627
1628,0.600
1629,-1.627
1630,0.600
1631,-1.627
1632,0.600
1633,-1.627
1634,0.600
1635,-1.627
1636,0.600
1637,-1.627
1638,0.600
1639,-1.627
1640,0.600
1641,-1.627
1642,0.600
1643,-1.627
1644,0.600
1645,-1.627
1646,0.600
1647,-1.627
1648,0.600
1649,-1.627
1650,0.600
1651,-1.627
1652,0.600
1653,-1.627
1654,0.600
1655,-1.627
1656,0.600
1657,-1.627
1658,0.600
1659,-1.627
1660,0.600
1661,-1.627
1662,0.600
1663,-1.627
1664,1.152
1665,2.024
1666,1.152
1667,2.024
1668,1.152
1669,2.024
1670,1.152
1671,2.024
1672,1.152
1673,2.024
1674,1.152
1675,2.024
1676,1.152
1677,2.024
1678,1.152
1679,2.024
1680,1.152
1681,2.024
1682,1.152
1683,2.024
1684,1.152
1685,2.024
1686,1.152
1687,2.024
1688,1.152
1689,2.024
1690,1.152
1691,2.024
1692,1.152
1693,2.024
1694,1.152
1695,2.024
1696,1.152
1697,2.024
1698,1.152
1699,2.024
1700,1.152
1701,2.024
1702,1.152
1703,2.024
1704,1.152
1705,2.024
1706,1.152
1707,2.024
1708,1.152
1709,2.024
1710,1.152
1711,2.024
1712,1.152
1713,2.024
1714,1.152
1715,2.024
1716,1.152
1717,2.024
1718,1.152
1719,2.024
1720,1.152
1721,2.024
1722,1.152
1723,2.024
1724,1.152
1725,2.024
1726,1.152
1727,2.024
1728,1.152
1729,2.024
1730,1.152
1731,2.024
1732,1.152
1733,2.024
1734,1.152
1735,2.024
1736,1.152
1737,2.024
1738,1.152
1739,2.024
1740,1.152
1741,2.024
1742,1.152
1743,2.024
1744,1.152
1745,2.024
1746,1.152
1747,2.024
1748,1.152
1749,2.024
1750,1.152
1751,2.024
1752,1.152
1753,2.024
1754,1.152
1755,2.024
1756,1.152
1757,2.024
1758,1.152
1759,2.024
1760,1.152
1761,2.024
1762,1.152
1763,2.024
1764,1.152
1765,2.024
1766,1.152
1767,2.024
1768,1.152
1769,2.024
1770,1.152
1771,2.024
1772,1.152
1773,2.024
1774,1.152
1775,2.024
1776,1.152
1777,2.024
1778,1.152
1779,2.024
1780,1.152
1781,2.024
1782,1.152
1783,2.024
1784,1.152
1785,2.024
1786,1.152
1787,2.024
1788,1.152
1789,2.024
1790,1.152
1791,2.024
1792,1.347
1793,0.146
1794,1.347
1795,0.146
1796,1.347
1797,0.146
1798,1.347
1799,0.146
1800,1.347
1801,0.146
1802,1.347
1803,0.146
1804,1.347
1805,0.146
1806,1.347
1807,0.146
1808,1.347
1809,0.146
1810,1.347
1811,0.146
1812,1.347
1813,0.146
1814,1.347
1815,0.146
1816,1.347
1817,0.146
1818,1.347
1819,0.146
1820,1.347
1821,0.146
1822,1.347
1823,0.146
1824,1.347
1825,0.146
1826,1.347
1827,0.146
1828,1.347
1829,0.146
1830,1.347
1831,0.146
1832,1.347
1833,0.146
1834,1.347
1835,0.146
1836,1.347
1837,0.146
1838,1.347
1839,0.146
1840,1.347
1841,0.146
1842,1.347
1843,0.146
1844,1.347
1845,0.146
1846,1.347
1847,0.146
1848,1.347
1849,0.146
1850,1.347
1851,0.146
1852,1.347
1853,0.146
1854,1.347
1855,0.146
1856,1.347
1857,0.146
1858,1.347
1859,0.146
1860,1.347
1861,0.146
1862,1.347
1863,0.146
1864,1.347
1865,0.146
1866,1.347
1867,0.146
1868,1.347
1869,0.146
1870,1.347
1871,0.146
1872,1.347
1873,0.146
1874,1.347
1875,0.146
1876,1.347
1877,0.146
1878,1.347
1879,0.146
1880,1.347
1881,0.146
1882,1.347
1883,0.146
1884,1.347
1885,0.146
1886,1.347
1887,0.146
1888,1.347
1889,0.146
1890,1.347
1891,0.146
1892,1.347
1893,0.146
1894,1.347
1895,0.146
1896,1.347
1897,0.146
1898,1.347
1899,0.146
1900,1.347
1901,0.146
1902,1.347
1903,0.146
1904,1.347
1905,0.146
1906,1.347
1907,0.146
1908,1.347
1909,0.146
1910,1.347
1911,0.146
1912,1.347
1913,0.146
1914,1.347
1915,0.146
1916,1.347
1917,0.146
1918,1.347
1919,0.146
1920,-1.393
1921,-0.429
1922,-1.393
1923,-0.429
1924,-1.393
1925,-0.429
1926,-1.393
1927,-0.429
1928,-1.393
1929,-0.429
1930,-1.393
1931,-0.429
1932,-1.393
1933,-0.429
1934,-1.393
1935,-0.429
1936,-1.393
1937,-0.429
1938,-1.393
1939,-0.429
1940,-1.393
1941,-0.429
1942,-1.393
1943,-0.429
1944,-1.393
1945,-0.429
1946,-1.393
1947,-0.429
1948,-1.393
1949,-0.429
1950,-1.393
1951,-0.429
1952,-1.393
1953,-0.429
1954,-1.393
1955,-0.429
1956,-1.393
1957,-0.429
1958,-1.393
1959,-0.429
1960,-1.393
1961,-0.429
1962,-1.393
1963,-0.429
1964,-1.393
1965,-0.429
1966,-1.393
1967,-0.429
1968,-1.393
1969,-0.429
1970,-1.393
1971,-0.429
1972,-1.393
1973,-0.429
1974,-1.393
1975,-0.429
1976,-1.393
1977,-0.429
1978,-1.393
1979,-0.429
1980,-1.393
1981,-0.429
1982,-1.393
1983,-0.429
1984,-1.393
1985,-0.429
1986,-1.393
1987,-0.429
1988,-1.393
1989,-0.429
1990,-1.393
1991,-0.429
1992,-1.393
1993,-0.429
1994,-1.393
1995,-0.429
1996,-1.393
1997,-0.429
1998,-1.393
1999,-0.429
2000,-1.393
2001,-0.429
2002,-1.393
2003,-0.429
2004,-1.393
2005,-0.429
2006,-1.393
2007,-0.429
2008,-1.393
2009,-0.429
2010,-1.393
2011,-0.429
2012,-1.393
2013,-0.429
2014,-1.393
2015,-0.429
2016,-1.393
2017,-0.429
2018,-1.393
2019,-0.429
2020,-1.393
2021,-0.429
2022,-1.393
2023,-0.429
2024,-1.393
2025,-0.429
2026,-1.393
2027,-0.429
2028,-1.393
2029,-0.429
2030,-1.393
2031,-0.429
2032,-1.393
2033,-0.429
2034,-1.393
2035,-0.429
2036,-1.393
2037,-0.429
2038,-1.393
2039,-0.429
2040,-1.393
2041,-0.429
2042,-1.393
2043,-0.429
2044,-1.393
2045,-0.429
2046,-1.393
2047,-0.429
2048,-0.216
2049,0.000
2050,-0.216
2051,0.000
2052,-0.216
2053,0.000
2054,-0.216
2055,0.000
2056,-0.216
2057,0.000
2058,-0.216
2059,0.000
2060,-0.216
2061,0.000
2062,-0.216
2063,0.000
2064,-0.216
2065,0.000
2066,-0.216
2067,0.000
2068,-0.216
2069,0.000
2070,-0.216
2071,0.000
2072,-0.216
2073,0.000
2074,-0.216
2075,0.000
2076,-0.216
2077,0.000
2078,-0.216
2079,0.000
2080,-0.216
2081,0.000
2082,-0.216
2083,0.000
2084,-0.216
2085,0.000
2086,-0.216
2087,0.000
2088,-0.216
2089,0.000
2090,-0.216
2091,0.000
2092,-0.216
2093,0.000
2094,-0.216
2095,0.000
2096,-0.216
2097,0.000
2098,-0.216
2099,0.000
2100,-0.216
2101,0.000
2102,-0.216
2103,0.000
2104,-0.216
2105,0.000
2106,-0.216
2107,0.000
2108,-0.216
2109,0.000
2110,-0.216
2111,0.000
2112,-0.216
2113,0.000
2114,-0.216
2115,0.000
2116,-0.216
2117,0.000
2118,-0.216
2119,0.000
2120,-0.216
2121,0.000
2122,-0.216
2123,0.000
2124,-0.216
2125,0.000
2126,-0.216
2127,0.000
2128,-0.216
2129,0.000
2130,-0.216
2131,0.000
2132,-0.216
2133,0.000
2134,-0.216
2135,0.000
2136,-0.216
2137,0.000
2138,-0.216
2139,0.000
2140,-0.216
2141,0.000
2142,-0.216
2143,0.000
2144,-0.216
2145,0.000
2146,-0.216
2147,0.000
2148,-0.216
2149,0.000
2150,-0.216
2151,0.000
2152,-0.216
2153,0.000
2154,-0.216
2155,0.000
2156,-0.216
2157,0.000
2158,-0.216
2159,0.000
2160,-0.216
2161,0.000
2162,-0.216
2163,0.000
2164,-0.216
2165,0.000
2166,-0.216
2167,0.000
2168,-0.216
2169,0.000
2170,-0.216
2171,0.000
2172,-0.216
2173,0.000
2174,-0.216
2175,0.000
2176,-0.967
2177,0.000
2178,-0.967
2179,0.000
2180,-0.967
2181,0.000
2182,-0.967
2183,0.000
2184,-0.967
2185,0.000
2186,-0.967
2187,0.000
2188,-0.967
2189,0.000
2190,-0.967
2191,0.000
2192,-0.967
2193,0.000
2194,-0.967
2195,0.000
2196,-0.967
2197,0.000
2198,-0.967
2199,0.000
2200,-0.967
2201,0.000
2202,-0.967
2203,0.000
2204,-0.967
2205,0.000
2206,-0.967
2207,0.000
2208,-0.967
2209,0.000
2210,-0.967
2211,0.000
2212,-0.967
2213,0.000
2214,-0.967
2215,0.000
2216,-0.967
2217,0.000
2218,-0.967
2219,0.000
2220,-0.967
2221,0.000
2222,-0.967
2223,0.000
2224,-0.967
2225,0.000
2226,-0.967
2227,0.000
2228,-0.967
2229,0.000
2230,-0.967
2231,0.000
2232,-0.967
2233,0.000
2234,-0.967
2235,0.000
2236,-0.967
2237,0.000
2238,-0.967
2239,0.000
2240,-0.967
2241,0.000
2242,-0.967
2243,0.000
2244,-0.967
2245,0.000
2246,-0.967
2247,0.000
2248,-0.967
2249,0.000
2250,-0.967
2251,0.000
2252,-0.967
2253,0.000
2254,-0.967
2255,0.000
2256,-0.967
2257,0.000
2258,-0.967
2259,0.000
2260,-0.967
2261,0.000
2262,-0.967
2263,0.000
2264,-0.967
2265,0.000
2266,-0.967
2267,0.000
2268,-0.967
2269,0.000
2270,-0.967
2271,0.000
2272,-0.967
2273,0.000
2274,-0.967
2275,0.000
2276,-0.967
2277,0.000
2278,-0.967
2279,0.000
2280,-0.967
2281,0.000
2282,-0.967
2283,0.000
2284,-0.967
2285,0.000
2286,-0.967
2287,0.000
2288,-0.967
2289,0.000
2290,-0.967
2291,0.000
2292,-0.967
2293,0.000
2294,-0.967
2295,0.000
2296,-0.967
2297,0.000
2298,-0.967
2299,0.000
2300,-0.967
2301,0.000
2302,-0.967
2303,0.000
TABLE CRVSiPM
#channel,pedestal,calibPulseHeight,calibPulseArea
0,100.0,11.4,394.6
1,100.0,11.4,394.6
2,100.0,11.4,394.6
3,100.0,11.4,394.6
4,100.0,11.4,394.6
5,100.0,11.4,394.6
6,100.0,11.4,394.6
7,100.0,11.4,394.6
8,100.0,11.4,394.6
9,100.0,11.4,394.6
10,100.0,11.4,394.6
11,100.0,11.4,394.6
12,100.0,11.4,394.6
13,100.0,11.4,394.6
14,100.0,11.4,394.6
15,100.0,11.4,394.6
16,100.0,11.4,394.6
17,100.0,11.4,394.6
18,100.0,11.4,394.6
19,100.0,11.4,394.6
20,100.0,11.4,394.6
21,100.0,11.4,394.6
22,100.0,11.4,394.6
23,100.0,11.4,394.6
24,100.0,11.4,394.6
25,100.0,11.4,394.6
26,100.0,11.4,394.6
27,100.0,11.4,394.6
28,100.0,11.4,394.6
29,100.0,11.4,394.6
30,100.0,11.4,394.6
31,100.0,11.4,394.6
32,100.0,11.4,394.6
33,100.0,11.4,394.6
34,100.0,11.4,394.6
35,100.0,11.4,394.6
36,100.0,11.4,394.6
37,100.0,11.4,394.6
38,100.0,11.4,394.6
39,100.0,11.4,394.6
40,100.0,11.4,394.6
41,100.0,11.4,394.6
42,100.0,11.4,394.6
43,100.0,11.4,394.6
44,100.0,11.4,394.6
45,100.0,11.4,394.6
46,100.0,11.4,394.6
47,100.0,11.4,394.6
48,100.0,11.4,394.6
49,100.0,11.4,394.6
50,100.0,11.4,394.6
51,100.0,11.4,394.6
52,100.0,11.4,394.6
53,100.0,11.4,394.6
54,100.0,11.4,394.6
55,100.0,11.4,394.6
56,100.0,11.4,394.6
57,100.0,11.4,394.6
58,100.0,11.4,394.6
59,100.0,11.4,394.6
60,100.0,11.4,394.6
61,100.0,11.4,394.6
62,100.0,11.4,394.6
63,100.0,11.4,394.6
64,100.0,11.4,394.6
65,100.0,11.4,394.6
66,100.0,11.4,394.6
67,100.0,11.4,394.6
68,100.0,11.4,394.6
69,100.0,11.4,394.6
70,100.0,11.4,394.6
71,100.0,11.4,394.6
72,100.0,11.4,394.6
73,100.0,11.4,394.6
74,100.0,11.4,394.6
75,100.0,11.4,394.6
76,100.0,11.4,394.6
77,100.0,11.4,394.6
78,100.0,11.4,394.6
79,100.0,11.4,394.6
80,100.0,11.4,394.6
81,100.0,11.4,394.6
82,100.0,11.4,394.6
83,100.0,11.4,394.6
84,100.0,11.4,394.6
85,100.0,11.4,394.6
86,100.0,11.4,394.6
87,100.0,11.4,394.6
88,100.0,11.4,394.6
89,100.0,11.4,394.6
90,100.0,11.4,394.6
91,100.0,11.4,394.6
92,100.0,11.4,394.6
93,100.0,11.4,394.6
94,100.0,11.4,394.6
95,100.0,11.4,394.6
96,100.0,11.4,394.6
97,100.0,11.4,394.6
98,100.0,11.4,394.6
99,100.0,11.4,394.6
100,100.0,11.4,394.6
101,100.0,11.4,394.6
102,100.0,11.4,394.6
103,100.0,11.4,394.6
104,100.0,11.4,394.6
105,100.0,11.4,394.6
106,100.0,11.4,394.6
107,100.0,11.4,394.6
108,100.0,11.4,394.6
109,100.0,11.4,394.6
110,100.0,11.4,394.6
111,100.0,11.4,394.6
112,100.0,11.4,394.6
113,100.0,11.4,394.6
114,100.0,11.4,394.6
115,100.0,11.4,394.6
116,100.0,11.4,394.6
117,100.0,11.4,394.6
118,100.0,11.4,394.6
119,100.0,11.4,394.6
120,100.0,11.4,394.6
121,100.0,11.4,394.6
122,100.0,11.4,394.6
123,100.0,11.4,394.6
124,100.0,11.4,394.6
125,100.0,11.4,394.6
126,100.0,11.4,394.6
127,100.0,11.4,394.6
128,100.0,11.4,394.6
129,100.0,11.4,394.6
130,100.0,11.4,394.6
131,100.0,11.4,394.6
132,100.0,11.4,394.6
133,100.0,11.4,394.6
134,100.0,11.4,394.6
135,100.0,11.4,394.6
136,100.0,11.4,394.6
137,100.0,11.4,394.6
138,100.0,11.4,394.6
139,100.0,11.4,394.6
140,100.0,11.4,394.6
141,100.0,11.4,394.6
142,100.0,11.4,394.6
143,100.0,11.4,394.6
144,100.0,11.4,394.6
145,100.0,11.4,394.6
146,100.0,11.4,394.6
147,100.0,11.4,394.6
148,100.0,11.4,394.6
149,100.0,11.4,394.6
150,100.0,11.4,394.6
151,100.0,11.4,394.6
152,100.0,11.4,394.6
153,100.0,11.4,394.6
154,100.0,11.4,394.6
155,100.0,11.4,394.6
156,100.0,11.4,394.6
157,100.0,11.4,394.6
158,100.0,11.4,394.6
159,100.0,11.4,394.6
160,100.0,11.4,394.6
161,100.0,11.4,394.6
162,100.0,11.4,394.6
163,100.0,11.4,394.6
164,100.0,11.4,394.6
165,100.0,11.4,394.6
166,100.0,11.4,394.6
167,100.0,11.4,394.6
168,100.0,11.4,394.6
169,100.0,11.4,394.6
170,100.0,11.4,394.6
171,100.0,11.4,394.6
172,100.0,11.4,394.6
173,100.0,11.4,394.6
174,100.0,11.4,394.6
175,100.0,11.4,394.6
176,100.0,11.4,394.6
177,100.0,11.4,394.6
178,100.0,11.4,394.6
179,100.0,11.4,394.6
180,100.0,11.4,394.6
181,100.0,11.4,394.6
182,100.0,11.4,394.6
183,100.0,11.4,394.6
184,100.0,11.4,394.6
185,100.0,11.4,394.6
186,100.0,11.4,394.6
187,100.0,11.4,394.6
188,100.0,11.4,394.6
189,100.0,11.4,394.6
190,100.0,11.4,394.6
191,100.0,11.4,394.6
192,100.0,11.4,394.6
193,100.0,11.4,394.6
194,100.0,11.4,394.6
195,100.0,11.4,394.6
196,100.0,11.4,394.6
197,100.0,11.4,394.6
198,100.0,11.4,394.6
199,100.0,11.4,394.6
200,100.0,11.4,394.6
201,100.0,11.4,394.6
202,100.0,11.4,394.6
203,100.0,11.4,394.6
204,100.0,11.4,394.6
205,100.0,11.4,394.6
206,100.0,11.4,394.6
207,100.0,11.4,394.6
208,100.0,11.4,394.6
209,100.0,11.4,394.6
210,100.0,11.4,394.6
211,100.0,11.4,394.6
212,100.0,11.4,394.6
213,100.0,11.4,394.6
214,100.0,11.4,394.6
215,100.0,11.4,394.6
216,100.0,11.4,394.6
217,100.0,11.4,394.6
218,100.0,11.4,394.6
219,100.0,11.4,394.6
220,100.0,11.4,394.6
221,100.0,11.4,394.6
222,100.0,11.4,394.6
223,100.0,11.4,394.6
224,100.0,11.4,394.6
225,100.0,11.4,394.6
226,100.0,11.4,394.6
227,100.0,11.4,394.6
228,100.0,11.4,394.6
229,100.0,11.4,394.6
230,100.0,11.4,394.6
231,100.0,11.4,394.6
232,100.0,11.4,394.6
233,100.0,11.4,394.6
234,100.0,11.4,394.6
235,100.0,11.4,394.6
236,100.0,11.4,394.6
237,100.0,11.4,394.6
238,100.0,11.4,394.6
239,100.0,11.4,394.6
240,100.0,11.4,394.6
241,100.0,11.4,394.6
242,100.0,11.4,394.6
243,100.0,11.4,394.6
244,100.0,11.4,394.6
245,100.0,11.4,394.6
246,100.0,11.4,394.6
247,100.0,11.4,394.6
248,100.0,11.4,394.6
249,100.0,11.4,394.6
250,100.0,11.4,394.6
251,100.0,11.4,394.6
252,100.0,11.4,394.6
253,100.0,11.4,394.6
254,100.0,11.4,394.6
255,100.0,11.4,394.6
256,100.0,11.4,394.6
257,100.0,11.4,394.6
258,100.0,11.4,394.6
259,100.0,11.4,394.6
260,100.0,11.4,394.6
261,100.0,11.4,394.6
262,100.0,11.4,394.6
263,100.0,11.4,394.6
264,100.0,11.4,394.6
265,100.0,11.4,394.6
266,100.0,11.4,394.6
267,100.0,11.4,394.6
268,100.0,11.4,394.6
269,100.0,11.4,394.6
270,100.0,11.4,394.6
271,100.0,11.4,394.6
272,100.0,11.4,394.6
273,100.0,11.4,394.6
274,100.0,11.4,394.6
275,100.0,11.4,394.6
276,100.0,11.4,394.6
277,100.0,11.4,394.6
278,100.0,11.4,394.6
279,100.0,11.4,394.6
280,100.0,11.4,394.6
281,100.0,11.4,394.6
282,100.0,11.4,394.6
283,100.0,11.4,394.6
284,100.0,11.4,394.6
285,100.0,11.4,394.6
286,100.0,11.4,394.6
287,100.0,11.4,394.6
288,100.0,11.4,394.6
289,100.0,11.4,394.6
290,100.0,11.4,394.6
291,100.0,11.4,394.6
292,100.0,11.4,394.6
293,100.0,11.4,394.6
294,100.0,11.4,394.6
295,100.0,11.4,394.6
296,100.0,11.4,394.6
297,100.0,11.4,394.6
298,100.0,11.4,394.6
299,100.0,11.4,394.6
300,100.0,11.4,394.6
301,100.0,11.4,394.6
302,100.0,11.4,394.6
303,100.0,11.4,394.6
304,100.0,11.4,394.6
305,100.0,11.4,394.6
306,100.0,11.4,394.6
307,100.0,11.4,394.6
308,100.0,11.4,394.6
309,100.0,11.4,394.6
310,100.0,11.4,394.6
311,100.0,11.4,394.6
312,100.0,11.4,394.6
313,100.0,11.4,394.6
314,100.0,11.4,394.6
315,100.0,11.4,394.6
316,100.0,11.4,394.6
317,100.0,11.4,394.6
318,100.0,11.4,394.6
319,100.0,11.4,394.6
320,100.0,11.4,394.6
321,100.0,11.4,394.6
322,100.0,11.4,394.6
323,100.0,11.4,394.6
324,100.0,11.4,394.6
325,100.0,11.4,394.6
326,100.0,11.4,394.6
327,100.0,11.4,394.6
328,100.0,11.4,394.6
329,100.0,11.4,394.6
330,100.0,11.4,394.6
331,100.0,11.4,394.6
332,100.0,11.4,394.6
333,100.0,11.4,394.6
334,100.0,11.4,394.6
335,100.0,11.4,394.6
336,100.0,11.4,394.6
337,100.0,11.4,394.6
338,100.0,11.4,394.6
339,100.0,11.4,394.6
340,100.0,11.4,394.6
341,100.0,11.4,394.6
342,100.0,11.4,394.6
343,100.0,11.4,394.6
344,100.0,11.4,394.6
345,100.0,11.4,394.6
346,100.0,11.4,394.6
347,100.0,11.4,394.6
348,100.0,11.4,394.6
349,100.0,11.4,394.6
350,100.0,11.4,394.6
351,100.0,11.4,394.6
352,100.0,11.4,394.6
353,100.0,11.4,394.6
354,100.0,11.4,394.6
355,100.0,11.4,394.6
356,100.0,11.4,394.6
357,100.0,11.4,394.6
358,100.0,11.4,394.6
359,100.0,11.4,394.6
360,100.0,11.4,394.6
361,100.0,11.4,394.6
362,100.0,11.4,394.6
363,100.0,11.4,394.6
364,100.0,11.4,394.6
365,100.0,11.4,394.6
366,100.0,11.4,394.6
367,100.0,11.4,394.6
368,100.0,11.4,394.6
369,100.0,11.4,394.6
370,100.0,11.4,394.6
371,100.0,11.4,394.6
372,100.0,11.4,394.6
373,100.0,11.4,394.6
374,100.0,11.4,394.6
375,100.0,11.4,394.6
376,100.0,11.4,394.6
377,100.0,11.4,394.6
378,100.0,11.4,394.6
379,100.0,11.4,394.6
380,100.0,11.4,394.6
381,100.0,11.4,394.6
382,100.0,11.4,394.6
383,100.0,11.4,394.6
384,100.0,11.4,394.6
385,100.0,11.4,394.6
386,100.0,11.4,394.6
387,100.0,11.4,394.6
388,100.0,11.4,394.6
389,100.0,11.4,394.6
390,100.0,11.4,394.6
391,100.0,11.4,394.6
392,100.0,11.4,394.6
393,100.0,11.4,394.6
394,100.0,11.4,394.6
395,100.0,11.4,394.6
396,100.0,11.4,394.6
397,100.0,11.4,394.6
398,100.0,11.4,394.6
399,100.0,11.4,394.6
400,100.0,11.4,394.6
401,100.0,11.4,394.6
402,100.0,11.4,394.6
403,100.0,11.4,394.6
404,100.0,11.4,394.6
405,100.0,11.4,394.6
406,100.0,11.4,394.6
407,100.0,11.4,394.6
408,100.0,11.4,394.6
409,100.0,11.4,394.6
410,100.0,11.4,394.6
411,100.0,11.4,394.6
412,100.0,11.4,394.6
413,100.0,11.4,394.6
414,100.0,11.4,394.6
415,100.0,11.4,394.6
416,100.0,11.4,394.6
417,100.0,11.4,394.6
418,100.0,11.4,394.6
419,100.0,11.4,394.6
420,100.0,11.4,394.6
421,100.0,11.4,394.6
422,100.0,11.4,394.6
423,100.0,11.4,394.6
424,100.0,11.4,394.6
425,100.0,11.4,394.6
426,100.0,11.4,394.6
427,100.0,11.4,394.6
428,100.0,11.4,394.6
429,100.0,11.4,394.6
430,100.0,11.4,394.6
431,100.0,11.4,394.6
432,100.0,11.4,394.6
433,100.0,11.4,394.6
434,100.0,11.4,394.6
435,100.0,11.4,394.6
436,100.0,11.4,394.6
437,100.0,11.4,394.6
438,100.0,11.4,394.6
439,100.0,11.4,394.6
440,100.0,11.4,394.6
441,100.0,11.4,394.6
442,100.0,11.4,394.6
443,100.0,11.4,394.6
444,100.0,11.4,394.6
445,100.0,11.4,394.6
446,100.0,11.4,394.6
447,100.0,11.4,394.6
448,100.0,11.4,394.6
449,100.0,11.4,394.6
450,100.0,11.4,394.6
451,100.0,11.4,394.6
452,100.0,11.4,394.6
453,100.0,11.4,394.6
454,100.0,11.4,394.6
455,100.0,11.4,394.6
456,100.0,11.4,394.6
457,100.0,11.4,394.6
458,100.0,11.4,394.6
459,100.0,11.4,394.6
460,100.0,11.4,394.6
461,100.0,11.4,394.6
462,100.0,11.4,394.6
463,100.0,11.4,394.6
464,100.0,11.4,394.6
465,100.0,11.4,394.6
466,100.0,11.4,394.6
467,100.0,11.4,394.6
468,100.0,11.4,394.6
469,100.0,11.4,394.6
470,100.0,11.4,394.6
471,100.0,11.4,394.6
472,100.0,11.4,394.6
473,100.0,11.4,394.6
474,100.0,11.4,394.6
475,100.0,11.4,394.6
476,100.0,11.4,394.6
477,100.0,11.4,394.6
478,100.0,11.4,394.6
479,100.0,11.4,394.6
480,100.0,11.4,394.6
481,100.0,11.4,394.6
482,100.0,11.4,394.6
483,100.0,11.4,394.6
484,100.0,11.4,394.6
485,100.0,11.4,394.6
486,100.0,11.4,394.6
487,100.0,11.4,394.6
488,100.0,11.4,394.6
489,100.0,11.4,394.6
490,100.0,11.4,394.6
491,100.0,11.4,394.6
492,100.0,11.4,394.6
493,100.0,11.4,394.6
494,100.0,11.4,394.6
495,100.0,11.4,394.6
496,100.0,11.4,394.6
497,100.0,11.4,394.6
498,100.0,11.4,394.6
499,100.0,11.4,394.6
500,100.0,11.4,394.6
501,100.0,11.4,394.6
502,100.0,11.4,394.6
503,100.0,11.4,394.6
504,100.0,11.4,394.6
505,100.0,11.4,394.6
506,100.0,11.4,394.6
507,100.0,11.4,394.6
508,100.0,11.4,394.6
509,100.0,11.4,394.6
510,100.0,11.4,394.6
511,100.0,11.4,394.6
512,100.0,11.4,394.6
513,100.0,11.4,394.6
514,100.0,11.4,394.6
515,100.0,11.4,394.6
516,100.0,11.4,394.6
517,100.0,11.4,394.6
518,100.0,11.4,394.6
519,100.0,11.4,394.6
520,100.0,11.4,394.6
521,100.0,11.4,394.6
522,100.0,11.4,394.6
523,100.0,11.4,394.6
524,100.0,11.4,394.6
525,100.0,11.4,394.6
526,100.0,11.4,394.6
527,100.0,11.4,394.6
528,100.0,11.4,394.6
529,100.0,11.4,394.6
530,100.0,11.4,394.6
531,100.0,11.4,394.6
532,100.0,11.4,394.6
533,100.0,11.4,394.6
534,100.0,11.4,394.6
535,100.0,11.4,394.6
536,100.0,11.4,394.6
537,100.0,11.4,394.6
538,100.0,11.4,394.6
539,100.0,11.4,394.6
540,100.0,11.4,394.6
541,100.0,11.4,394.6
542,100.0,11.4,394.6
543,100.0,11.4,394.6
544,100.0,11.4,394.6
545,100.0,11.4,394.6
546,100.0,11.4,394.6
547,100.0,11.4,394.6
548,100.0,11.4,394.6
549,100.0,11.4,394.6
550,100.0,11.4,394.6
551,100.0,11.4,394.6
552,100.0,11.4,394.6
553,100.0,11.4,394.6
554,100.0,11.4,394.6
555,100.0,11.4,394.6
556,100.0,11.4,394.6
557,100.0,11.4,394.6
558,100.0,11.4,394.6
559,100.0,11.4,394.6
560,100.0,11.4,394.6
561,100.0,11.4,394.6
562,100.0,11.4,394.6
563,100.0,11.4,394.6
564,100.0,11.4,394.6
565,100.0,11.4,394.6
566,100.0,11.4,394.6
567,100.0,11.4,394.6
568,100.0,11.4,394.6
569,100.0,11.4,394.6
570,100.0,11.4,394.6
571,100.0,11.4,394.6
572,100.0,11.4,394.6
573,100.0,11.4,394.6
574,100.0,11.4,394.6
575,100.0,11.4,394.6
576,100.0,11.4,394.6
577,100.0,11.4,394.6
578,100.0,11.4,394.6
579,100.0,11.4,394.6
580,100.0,11.4,394.6
581,100.0,11.4,394.6
582,100.0,11.4,394.6
583,100.0,11.4,394.6
584,100.0,11.4,394.6
585,100.0,11.4,394.6
586,100.0,11.4,394.6
587,100.0,11.4,394.6
588,100.0,11.4,394.6
589,100.0,11.4,394.6
590,100.0,11.4,394.6
591,100.0,11.4,394.6
592,100.0,11.4,394.6
593,100.0,11.4,394.6
594,100.0,11.4,394.6
595,100.0,11.4,394.6
596,100.0,11.4,394.6
597,100.0,11.4,394.6
598,100.0,11.4,394.6
599,100.0,11.4,394.6
600,100.0,11.4,394.6
601,100.0,11.4,394.6
602,100.0,11.4,394.6
603,100.0,11.4,394.6
604,100.0,11.4,394.6
605,100.0,11.4,394.6
606,100.0,11.4,394.6
607,100.0,11.4,394.6
608,100.0,11.4,394.6
609,100.0,11.4,394.6
610,100.0,11.4,394.6
611,100.0,11.4,394.6
612,100.0,11.4,394.6
613,100.0,11.4,394.6
614,100.0,11.4,394.6
615,100.0,11.4,394.6
616,100.0,11.4,394.6
617,100.0,11.4,394.6
618,100.0,11.4,394.6
619,100.0,11.4,394.6
620,100.0,11.4,394.6
621,100.0,11.4,394.6
622,100.0,11.4,394.6
623,100.0,11.4,394.6
624,100.0,11.4,394.6
625,100.0,11.4,394.6
626,100.0,11.4,394.6
627,100.0,11.4,394.6
628,100.0,11.4,394.6
629,100.0,11.4,394.6
630,100.0,11.4,394.6
631,100.0,11.4,394.6
632,100.0,11.4,394.6
633,100.0,11.4,394.6
634,100.0,11.4,394.6
635,100.0,11.4,394.6
636,100.0,11.4,394.6
637,100.0,11.4,394.6
638,100.0,11.4,394.6
639,100.0,11.4,394.6
640,100.0,11.4,394.6
641,100.0,11.4,394.6
642,100.0,11.4,394.6
643,100.0,11.4,394.6
644,100.0,11.4,394.6
645,100.0,11.4,394.6
646,100.0,11.4,394.6
647,100.0,11.4,394.6
648,100.0,11.4,394.6
649,100.0,11.4,394.6
650,100.0,11.4,394.6
651,100.0,11.4,394.6
652,100.0,11.4,394.6
653,100.0,11.4,394.6
654,100.0,11.4,394.6
655,100.0,11.4,394.6
656,100.0,11.4,394.6
657,100.0,11.4,394.6
658,100.0,11.4,394.6
659,100.0,11.4,394.6
660,100.0,11.4,394.6
661,100.0,11.4,394.6
662,100.0,11.4,394.6
663,100.0,11.4,394.6
664,100.0,11.4,394.6
665,100.0,11.4,394.6
666,100.0,11.4,394.6
667,100.0,11.4,394.6
668,100.0,11.4,394.6
669,100.0,11.4,394.6
670,100.0,11.4,394.6
671,100.0,11.4,394.6
672,100.0,11.4,394.6
673,100.0,11.4,394.6
674,100.0,11.4,394.6
675,100.0,11.4,394.6
676,100.0,11.4,394.6
677,100.0,11.4,394.6
678,100.0,11.4,394.6
679,100.0,11.4,394.6
680,100.0,11.4,394.6
681,100.0,11.4,394.6
682,100.0,11.4,394.6
683,100.0,11.4,394.6
684,100.0,11.4,394.6
685,100.0,11.4,394.6
686,100.0,11.4,394.6
687,100.0,11.4,394.6
688,100.0,11.4,394.6
689,100.0,11.4,394.6
690,100.0,11.4,394.6
691,100.0,11.4,394.6
692,100.0,11.4,394.6
693,100.0,11.4,394.6
694,100.0,11.4,394.6
695,100.0,11.4,394.6
696,100.0,11.4,394.6
697,100.0,11.4,394.6
698,100.0,11.4,394.6
699,100.0,11.4,394.6
700,100.0,11.4,394.6
701,100.0,11.4,394.6
702,100.0,11.4,394.6
703,100.0,11.4,394.6
704,100.0,11.4,394.6
705,100.0,11.4,394.6
706,100.0,11.4,394.6
707,100.0,11.4,394.6
708,100.0,11.4,394.6
709,100.0,11.4,394.6
710,100.0,11.4,394.6
711,100.0,11.4,394.6
712,100.0,11.4,394.6
713,100.0,11.4,394.6
714,100.0,11.4,394.6
715,100.0,11.4,394.6
716,100.0,11.4,394.6
717,100.0,11.4,394.6
718,100.0,11.4,394.6
719,100.0,11.4,394.6
720,100.0,11.4,394.6
721,100.0,11.4,394.6
722,100.0,11.4,394.6
723,100.0,11.4,394.6
724,100.0,11.4,394.6
725,100.0,11.4,394.6
726,100.0,11.4,394.6
727,100.0,11.4,394.6
728,100.0,11.4,394.6
729,100.0,11.4,394.6
730,100.0,11.4,394.6
731,100.0,11.4,394.6
732,100.0,11.4,394.6
733,100.0,11.4,394.6
734,100.0,11.4,394.6
735,100.0,11.4,394.6
736,100.0,11.4,394.6
737,100.0,11.4,394.6
738,100.0,11.4,394.6
739,100.0,11.4,394.6
740,100.0,11.4,394.6
741,100.0,11.4,394.6
742,100.0,11.4,394.6
743,100.0,11.4,394.6
744,100.0,11.4,394.6
745,100.0,11.4,394.6
746,100.0,11.4,394.6
747,100.0,11.4,394.6
748,100.0,11.4,394.6
749,100.0,11.4,394.6
750,100.0,11.4,394.6
751,100.0,11.4,394.6
752,100.0,11.4,394.6
753,100.0,11.4,394.6
754,100.0,11.4,394.6
755,100.0,11.4,394.6
756,100.0,11.4,394.6
757,100.0,11.4,394.6
758,100.0,11.4,394.6
759,100.0,11.4,394.6
760,100.0,11.4,394.6
761,100.0,11.4,394.6
762,100.0,11.4,394.6
763,100.0,11.4,394.6
764,100.0,11.4,394.6
765,100.0,11.4,394.6
766,100.0,11.4,394.6
767,100.0,11.4,394.6
768,100.0,11.4,394.6
769,100.0,11.4,394.6
770,100.0,11.4,394.6
771,100.0,11.4,394.6
772,100.0,11.4,394.6
773,100.0,11.4,394.6
774,100.0,11.4,394.6
775,100.0,11.4,394.6
776,100.0,11.4,394.6
777,100.0,11.4,394.6
778,100.0,11.4,394.6
779,100.0,11.4,394.6
780,100.0,11.4,394.6
781,100.0,11.4,394.6
782,100.0,11.4,394.6
783,100.0,11.4,394.6
784,100.0,11.4,394.6
785,100.0,11.4,394.6
786,100.0,11.4,394.6
787,100.0,11.4,394.6
788,100.0,11.4,394.6
789,100.0,11.4,394.6
790,100.0,11.4,394.6
791,100.0,11.4,394.6
792,100.0,11.4,394.6
793,100.0,11.4,394.6
794,100.0,11.4,394.6
795,100.0,11.4,394.6
796,100.0,11.4,394.6
797,100.0,11.4,394.6
798,100.0,11.4,394.6
799,100.0,11.4,394.6
800,100.0,11.4,394.6
801,100.0,11.4,394.6
802,100.0,11.4,394.6
803,100.0,11.4,394.6
804,100.0,11.4,394.6
805,100.0,11.4,394.6
806,100.0,11.4,394.6
807,100.0,11.4,394.6
808,100.0,11.4,394.6
809,100.0,11.4,394.6
810,100.0,11.4,394.6
811,100.0,11.4,394.6
812,100.0,11.4,394.6
813,100.0,11.4,394.6
814,100.0,11.4,394.6
815,100.0,11.4,394.6
816,100.0,11.4,394.6
817,100.0,11.4,394.6
818,100.0,11.4,394.6
819,100.0,11.4,394.6
820,100.0,11.4,394.6
821,100.0,11.4,394.6
822,100.0,11.4,394.6
823,100.0,11.4,394.6
824,100.0,11.4,394.6
825,100.0,11.4,394.6
826,100.0,11.4,394.6
827,100.0,11.4,394.6
828,100.0,11.4,394.6
829,100.0,11.4,394.6
830,100.0,11.4,394.6
831,100.0,11.4,394.6
832,100.0,11.4,394.6
833,100.0,11.4,394.6
834,100.0,11.4,394.6
835,100.0,11.4,394.6
836,100.0,11.4,394.6
837,100.0,11.4,394.6
838,100.0,11.4,394.6
839,100.0,11.4,394.6
840,100.0,11.4,394.6
841,100.0,11.4,394.6
842,100.0,11.4,394.6
843,100.0,11.4,394.6
844,100.0,11.4,394.6
845,100.0,11.4,394.6
846,100.0,11.4,394.6
847,100.0,11.4,394.6
848,100.0,11.4,394.6
849,100.0,11.4,394.6
850,100.0,11.4,394.6
851,100.0,11.4,394.6
852,100.0,11.4,394.6
853,100.0,11.4,394.6
854,100.0,11.4,394.6
855,100.0,11.4,394.6
856,100.0,11.4,394.6
857,100.0,11.4,394.6
858,100.0,11.4,394.6
859,100.0,11.4,394.6
860,100.0,11.4,394.6
861,100.0,11.4,394.6
862,100.0,11.4,394.6
863,100.0,11.4,394.6
864,100.0,11.4,394.6
865,100.0,11.4,394.6
866,100.0,11.4,394.6
867,100.0,11.4,394.6
868,100.0,11.4,394.6
869,100.0,11.4,394.6
870,100.0,11.4,394.6
871,100.0,11.4,394.6
872,100.0,11.4,394.6
873,100.0,11.4,394.6
874,100.0,11.4,394.6
875,100.0,11.4,394.6
876,100.0,11.4,394.6
877,100.0,11.4,394.6
878,100.0,11.4,394.6
879,100.0,11.4,394.6
880,100.0,11.4,394.6
881,100.0,11.4,394.6
882,100.0,11.4,394.6
883,100.0,11.4,394.6
884,100.0,11.4,394.6
885,100.0,11.4,394.6
886,100.0,11.4,394.6
887,100.0,11.4,394.6
888,100.0,11.4,394.6
889,100.0,11.4,394.6
890,100.0,11.4,394.6
891,100.0,11.4,394.6
892,100.0,11.4,394.6
893,100.0,11.4,394.6
894,100.0,11.4,394.6
895,100.0,11.4,394.6
896,100.0,11.4,394.6
897,100.0,11.4,394.6
898,100.0,11.4,394.6
899,100.0,11.4,394.6
900,100.0,11.4,394.6
901,100.0,11.4,394.6
902,100.0,11.4,394.6
903,100.0,11.4,394.6
904,100.0,11.4,394.6
905,100.0,11.4,394.6
906,100.0,11.4,394.6
907,100.0,11.4,394.6
908,100.0,11.4,394.6
909,100.0,11.4,394.6
910,100.0,11.4,394.6
911,100.0,11.4,394.6
912,100.0,11.4,394.6
913,100.0,11.4,394.6
914,100.0,11.4,394.6
915,100.0,11.4,394.6
916,100.0,11.4,394.6
917,100.0,11.4,394.6
918,100.0,11.4,394.6
919,100.0,11.4,394.6
920,100.0,11.4,394.6
921,100.0,11.4,394.6
922,100.0,11.4,394.6
923,100.0,11.4,394.6
924,100.0,11.4,394.6
925,100.0,11.4,394.6
926,100.0,11.4,394.6
927,100.0,11.4,394.6
928,100.0,11.4,394.6
929,100.0,11.4,394.6
930,100.0,11.4,394.6
931,100.0,11.4,394.6
932,100.0,11.4,394.6
933,100.0,11.4,394.6
934,100.0,11.4,394.6
935,100.0,11.4,394.6
936,100.0,11.4,394.6
937,100.0,11.4,394.6
938,100.0,11.4,394.6
939,100.0,11.4,394.6
940,100.0,11.4,394.6
941,100.0,11.4,394.6
942,100.0,11.4,394.6
943,100.0,11.4,394.6
944,100.0,11.4,394.6
945,100.0,11.4,394.6
946,100.0,11.4,394.6
947,100.0,11.4,394.6
948,100.0,11.4,394.6
949,100.0,11.4,394.6
950,100.0,11.4,394.6
951,100.0,11.4,394.6
952,100.0,11.4,394.6
953,100.0,11.4,394.6
954,100.0,11.4,394.6
955,100.0,11.4,394.6
956,100.0,11.4,394.6
957,100.0,11.4,394.6
958,100.0,11.4,394.6
959,100.0,11.4,394.6
960,100.0,11.4,394.6
961,100.0,11.4,394.6
962,100.0,11.4,394.6
963,100.0,11.4,394.6
964,100.0,11.4,394.6
965,100.0,11.4,394.6
966,100.0,11.4,394.6
967,100.0,11.4,394.6
968,100.0,11.4,394.6
969,100.0,11.4,394.6
970,100.0,11.4,394.6
971,100.0,11.4,394.6
972,100.0,11.4,394.6
973,100.0,11.4,394.6
974,100.0,11.4,394.6
975,100.0,11.4,394.6
976,100.0,11.4,394.6
977,100.0,11.4,394.6
978,100.0,11.4,394.6
979,100.0,11.4,394.6
980,100.0,11.4,394.6
981,100.0,11.4,394.6
982,100.0,11.4,394.6
983,100.0,11.4,394.6
984,100.0,11.4,394.6
985,100.0,11.4,394.6
986,100.0,11.4,394.6
987,100.0,11.4,394.6
988,100.0,11.4,394.6
989,100.0,11.4,394.6
990,100.0,11.4,394.6
991,100.0,11.4,394.6
992,100.0,11.4,394.6
993,100.0,11.4,394.6
994,100.0,11.4,394.6
995,100.0,11.4,394.6
996,100.0,11.4,394.6
997,100.0,11.4,394.6
998,100.0,11.4,394.6
999,100.0,11.4,394.6
1000,100.0,11.4,394.6
1001,100.0,11.4,394.6
1002,100.0,11.4,394.6
1003,100.0,11.4,394.6
1004,100.0,11.4,394.6
1005,100.0,11.4,394.6
1006,100.0,11.4,394.6
1007,100.0,11.4,394.6
1008,100.0,11.4,394.6
1009,100.0,11.4,394.6
1010,100.0,11.4,394.6
1011,100.0,11.4,394.6
1012,100.0,11.4,394.6
1013,100.0,11.4,394.6
1014,100.0,11.4,394.6
1015,100.0,11.4,394.6
1016,100.0,11.4,394.6
1017,100.0,11.4,394.6
1018,100.0,11.4,394.6
1019,100.0,11.4,394.6
1020,100.0,11.4,394.6
1021,100.0,11.4,394.6
1022,100.0,11.4,394.6
1023,100.0,11.4,394.6
1024,100.0,11.4,394.6
1025,100.0,11.4,394.6
1026,100.0,11.4,394.6
1027,100.0,11.4,394.6
1028,100.0,11.4,394.6
1029,100.0,11.4,394.6
1030,100.0,11.4,394.6
1031,100.0,11.4,394.6
1032,100.0,11.4,394.6
1033,100.0,11.4,394.6
1034,100.0,11.4,394.6
1035,100.0,11.4,394.6
1036,100.0,11.4,394.6
1037,100.0,11.4,394.6
1038,100.0,11.4,394.6
1039,100.0,11.4,394.6
1040,100.0,11.4,394.6
1041,100.0,11.4,394.6
1042,100.0,11.4,394.6
1043,100.0,11.4,394.6
1044,100.0,11.4,394.6
1045,100.0,11.4,394.6
1046,100.0,11.4,394.6
1047,100.0,11.4,394.6
1048,100.0,11.4,394.6
1049,100.0,11.4,394.6
1050,100.0,11.4,394.6
1051,100.0,11.4,394.6
1052,100.0,11.4,394.6
1053,100.0,11.4,394.6
1054,100.0,11.4,394.6
1055,100.0,11.4,394.6
1056,100.0,11.4,394.6
1057,100.0,11.4,394.6
1058,100.0,11.4,394.6
1059,100.0,11.4,394.6
1060,100.0,11.4,394.6
1061,100.0,11.4,394.6
1062,100.0,11.4,394.6
1063,100.0,11.4,394.6
1064,100.0,11.4,394.6
1065,100.0,11.4,394.6
1066,100.0,11.4,394.6
1067,100.0,11.4,394.6
1068,100.0,11.4,394.6
1069,100.0,11.4,394.6
1070,100.0,11.4,394.6
1071,100.0,11.4,394.6
1072,100.0,11.4,394.6
1073,100.0,11.4,394.6
1074,100.0,11.4,394.6
1075,100.0,11.4,394.6
1076,100.0,11.4,394.6
1077,100.0,11.4,394.6
1078,100.0,11.4,394.6
1079,100.0,11.4,394.6
1080,100.0,11.4,394.6
1081,100.0,11.4,394.6
1082,100.0,11.4,394.6
1083,100.0,11.4,394.6
1084,100.0,11.4,394.6
1085,100.0,11.4,394.6
1086,100.0,11.4,394.6
1087,100.0,11.4,394.6
1088,100.0,11.4,394.6
1089,100.0,11.4,394.6
1090,100.0,11.4,394.6
1091,100.0,11.4,394.6
1092,100.0,11.4,394.6
1093,100.0,11.4,394.6
1094,100.0,11.4,394.6
1095,100.0,11.4,394.6
1096,100.0,11.4,394.6
1097,100.0,11.4,394.6
1098,100.0,11.4,394.6
1099,100.0,11.4,394.6
1100,100.0,11.4,394.6
1101,100.0,11.4,394.6
1102,100.0,11.4,394.6
1103,100.0,11.4,394.6
1104,100.0,11.4,394.6
1105,100.0,11.4,394.6
1106,100.0,11.4,394.6
1107,100.0,11.4,394.6
1108,100.0,11.4,394.6
1109,100.0,11.4,394.6
1110,100.0,11.4,394.6
1111,100.0,11.4,394.6
1112,100.0,11.4,394.6
1113,100.0,11.4,394.6
1114,100.0,11.4,394.6
1115,100.0,11.4,394.6
1116,100.0,11.4,394.6
1117,100.0,11.4,394.6
1118,100.0,11.4,394.6
1119,100.0,11.4,394.6
1120,100.0,11.4,394.6
1121,100.0,11.4,394.6
1122,100.0,11.4,394.6
1123,100.0,11.4,394.6
1124,100.0,11.4,394.6
1125,100.0,11.4,394.6
1126,100.0,11.4,394.6
1127,100.0,11.4,394.6
1128,100.0,11.4,394.6
1129,100.0,11.4,394.6
1130,100.0,11.4,394.6
1131,100.0,11.4,394.6
1132,100.0,11.4,394.6
1133,100.0,11.4,394.6
1134,100.0,11.4,394.6
1135,100.0,11.4,394.6
1136,100.0,11.4,394.6
1137,100.0,11.4,394.6
1138,100.0,11.4,394.6
1139,100.0,11.4,394.6
1140,100.0,11.4,394.6
1141,100.0,11.4,394.6
1142,100.0,11.4,394.6
1143,100.0,11.4,394.6
1144,100.0,11.4,394.6
1145,100.0,11.4,394.6
1146,100.0,11.4,394.6
1147,100.0,11.4,394.6
1148,100.0,11.4,394.6
1149,100.0,11.4,394.6
1150,100.0,11.4,394.6
1151,100.0,11.4,394.6
1152,100.0,11.4,394.6
1153,100.0,11.4,394.6
1154,100.0,11.4,394.6
1155,100.0,11.4,394.6
1156,100.0,11.4,394.6
1157,100.0,11.4,394.6
1158,100.0,11.4,394.6
1159,100.0,11.4,394.6
1160,100.0,11.4,394.6
1161,100.0,11.4,394.6
1162,100.0,11.4,394.6
1163,100.0,11.4,394.6
1164,100.0,11.4,394.6
1165,100.0,11.4,394.6
1166,100.0,11.4,394.6
1167,100.0,11.4,394.6
1168,100.0,11.4,394.6
1169,100.0,11.4,394.6
1170,100.0,11.4,394.6
1171,100.0,11.4,394.6
1172,100.0,11.4,394.6
1173,100.0,11.4,394.6
1174,100.0,11.4,394.6
1175,100.0,11.4,394.6
1176,100.0,11.4,394.6
1177,100.0,11.4,394.6
1178,100.0,11.4,394.6
1179,100.0,11.4,394.6
1180,100.0,11.4,394.6
1181,100.0,11.4,394.6
1182,100.0,11.4,394.6
1183,100.0,11.4,394.6
1184,100.0,11.4,394.6
1185,100.0,11.4,394.6
1186,100.0,11.4,394.6
1187,100.0,11.4,394.6
1188,100.0,11.4,394.6
1189,100.0,11.4,394.6
1190,100.0,11.4,394.6
1191,100.0,11.4,394.6
1192,100.0,11.4,394.6
1193,100.0,11.4,394.6
1194,100.0,11.4,394.6
1195,100.0,11.4,394.6
1196,100.0,11.4,394.6
1197,100.0,11.4,394.6
1198,100.0,11.4,394.6
1199,100.0,11.4,394.6
1200,100.0,11.4,394.6
1201,100.0,11.4,394.6
1202,100.0,11.4,394.6
1203,100.0,11.4,394.6
1204,100.0,11.4,394.6
1205,100.0,11.4,394.6
1206,100.0,11.4,394.6
1207,100.0,11.4,394.6
1208,100.0,11.4,394.6
1209,100.0,11.4,394.6
1210,100.0,11.4,394.6
1211,100.0,11.4,394.6
1212,100.0,11.4,394.6
1213,100.0,11.4,394.6
1214,100.0,11.4,394.6
1215,100.0,11.4,394.6
1216,100.0,11.4,394.6
1217,100.0,11.4,394.6
1218,100.0,11.4,394.6
1219,100.0,11.4,394.6
1220,100.0,11.4,394.6
1221,100.0,11.4,394.6
1222,100.0,11.4,394.6
1223,100.0,11.4,394.6
1224,100.0,11.4,394.6
1225,100.0,11.4,394.6
1226,100.0,11.4,394.6
1227,100.0,11.4,394.6
1228,100.0,11.4,394.6
1229,100.0,11.4,394.6
1230,100.0,11.4,394.6
1231,100.0,11.4,394.6
1232,100.0,11.4,394.6
1233,100.0,11.4,394.6
1234,100.0,11.4,394.6
1235,100.0,11.4,394.6
1236,100.0,11.4,394.6
1237,100.0,11.4,394.6
1238,100.0,11.4,394.6
1239,100.0,11.4,394.6
1240,100.0,11.4,394.6
1241,100.0,11.4,394.6
1242,100.0,11.4,394.6
1243,100.0,11.4,394.6
1244,100.0,11.4,394.6
1245,100.0,11.4,394.6
1246,100.0,11.4,394.6
1247,100.0,11.4,394.6
1248,100.0,11.4,394.6
1249,100.0,11.4,394.6
1250,100.0,11.4,394.6
1251,100.0,11.4,394.6
1252,100.0,11.4,394.6
1253,100.0,11.4,394.6
1254,100.0,11.4,394.6
1255,100.0,11.4,394.6
1256,100.0,11.4,394.6
1257,100.0,11.4,394.6
1258,100.0,11.4,394.6
1259,100.0,11.4,394.6
1260,100.0,11.4,394.6
1261,100.0,11.4,394.6
1262,100.0,11.4,394.6
1263,100.0,11.4,394.6
1264,100.0,11.4,394.6
1265,100.0,11.4,394.6
1266,100.0,11.4,394.6
1267,100.0,11.4,394.6
1268,100.0,11.4,394.6
1269,100.0,11.4,394.6
1270,100.0,11.4,394.6
1271,100.0,11.4,394.6
1272,100.0,11.4,394.6
1273,100.0,11.4,394.6
1274,100.0,11.4,394.6
1275,100.0,11.4,394.6
1276,100.0,11.4,394.6
1277,100.0,11.4,394.6
1278,100.0,11.4,394.6
1279,100.0,11.4,394.6
1280,100.0,11.4,394.6
1281,100.0,11.4,394.6
1282,100.0,11.4,394.6
1283,100.0,11.4,394.6
1284,100.0,11.4,394.6
1285,100.0,11.4,394.6
1286,100.0,11.4,394.6
1287,100.0,11.4,394.6
1288,100.0,11.4,394.6
1289,100.0,11.4,394.6
1290,100.0,11.4,394.6
1291,100.0,11.4,394.6
1292,100.0,11.4,394.6
1293,100.0,11.4,394.6
1294,100.0,11.4,394.6
1295,100.0,11.4,394.6
1296,100.0,11.4,394.6
1297,100.0,11.4,394.6
1298,100.0,11.4,394.6
1299,100.0,11.4,394.6
1300,100.0,11.4,394.6
1301,100.0,11.4,394.6
1302,100.0,11.4,394.6
1303,100.0,11.4,394.6
1304,100.0,11.4,394.6
1305,100.0,11.4,394.6
1306,100.0,11.4,394.6
1307,100.0,11.4,394.6
1308,100.0,11.4,394.6
1309,100.0,11.4,394.6
1310,100.0,11.4,394.6
1311,100.0,11.4,394.6
1312,100.0,11.4,394.6
1313,100.0,11.4,394.6
1314,100.0,11.4,394.6
1315,100.0,11.4,394.6
1316,100.0,11.4,394.6
1317,100.0,11.4,394.6
1318,100.0,11.4,394.6
1319,100.0,11.4,394.6
1320,100.0,11.4,394.6
1321,100.0,11.4,394.6
1322,100.0,11.4,394.6
1323,100.0,11.4,394.6
1324,100.0,11.4,394.6
1325,100.0,11.4,394.6
1326,100.0,11.4,394.6
1327,100.0,11.4,394.6
1328,100.0,11.4,394.6
1329,100.0,11.4,394.6
1330,100.0,11.4,394.6
1331,100.0,11.4,394.6
1332,100.0,11.4,394.6
1333,100.0,11.4,394.6
1334,100.0,11.4,394.6
1335,100.0,11.4,394.6
1336,100.0,11.4,394.6
1337,100.0,11.4,394.6
1338,100.0,11.4,394.6
1339,100.0,11.4,394.6
1340,100.0,11.4,394.6
1341,100.0,11.4,394.6
1342,100.0,11.4,394.6
1343,100.0,11.4,394.6
1344,100.0,11.4,394.6
1345,100.0,11.4,394.6
1346,100.0,11.4,394.6
1347,100.0,11.4,394.6
1348,100.0,11.4,394.6
1349,100.0,11.4,394.6
1350,100.0,11.4,394.6
1351,100.0,11.4,394.6
1352,100.0,11.4,394.6
1353,100.0,11.4,394.6
1354,100.0,11.4,394.6
1355,100.0,11.4,394.6
1356,100.0,11.4,394.6
1357,100.0,11.4,394.6
1358,100.0,11.4,394.6
1359,100.0,11.4,394.6
1360,100.0,11.4,394.6
1361,100.0,11.4,394.6
1362,100.0,11.4,394.6
1363,100.0,11.4,394.6
1364,100.0,11.4,394.6
1365,100.0,11.4,394.6
1366,100.0,11.4,394.6
1367,100.0,11.4,394.6
1368,100.0,11.4,394.6
1369,100.0,11.4,394.6
1370,100.0,11.4,394.6
1371,100.0,11.4,394.6
1372,100.0,11.4,394.6
1373,100.0,11.4,394.6
1374,100.0,11.4,394.6
1375,100.0,11.4,394.6
1376,100.0,11.4,394.6
1377,100.0,11.4,394.6
1378,100.0,11.4,394.6
1379,100.0,11.4,394.6
1380,100.0,11.4,394.6
1381,100.0,11.4,394.6
1382,100.0,11.4,394.6
1383,100.0,11.4,394.6
1384,100.0,11.4,394.6
1385,100.0,11.4,394.6
1386,100.0,11.4,394.6
1387,100.0,11.4,394.6
1388,100.0,11.4,394.6
1389,100.0,11.4,394.6
1390,100.0,11.4,394.6
1391,100.0,11.4,394.6
1392,100.0,11.4,394.6
1393,100.0,11.4,394.6
1394,100.0,11.4,394.6
1395,100.0,11.4,394.6
1396,100.0,11.4,394.6
1397,100.0,11.4,394.6
1398,100.0,11.4,394.6
1399,100.0,11.4,394.6
1400,100.0,11.4,394.6
1401,100.0,11.4,394.6
1402,100.0,11.4,394.6
1403,100.0,11.4,394.6
1404,100.0,11.4,394.6
1405,100.0,11.4,394.6
1406,100.0,11.4,394.6
1407,100.0,11.4,394.6
1408,100.0,11.4,394.6
1409,100.0,11.4,394.6
1410,100.0,11.4,394.6
1411,100.0,11.4,394.6
1412,100.0,11.4,394.6
1413,100.0,11.4,394.6
1414,100.0,11.4,394.6
1415,100.0,11.4,394.6
1416,100.0,11.4,394.6
1417,100.0,11.4,394.6
1418,100.0,11.4,394.6
1419,100.0,11.4,394.6
1420,100.0,11.4,394.6
1421,100.0,11.4,394.6
1422,100.0,11.4,394.6
1423,100.0,11.4,394.6
1424,100.0,11.4,394.6
1425,100.0,11.4,394.6
1426,100.0,11.4,394.6
1427,100.0,11.4,394.6
1428,100.0,11.4,394.6
1429,100.0,11.4,394.6
1430,100.0,11.4,394.6
1431,100.0,11.4,394.6
1432,100.0,11.4,394.6
1433,100.0,11.4,394.6
1434,100.0,11.4,394.6
1435,100.0,11.4,394.6
1436,100.0,11.4,394.6
1437,100.0,11.4,394.6
1438,100.0,11.4,394.6
1439,100.0,11.4,394.6
1440,100.0,11.4,394.6
1441,100.0,11.4,394.6
1442,100.0,11.4,394.6
1443,100.0,11.4,394.6
1444,100.0,11.4,394.6
1445,100.0,11.4,394.6
1446,100.0,11.4,394.6
1447,100.0,11.4,394.6
1448,100.0,11.4,394.6
1449,100.0,11.4,394.6
1450,100.0,11.4,394.6
1451,100.0,11.4,394.6
1452,100.0,11.4,394.6
1453,100.0,11.4,394.6
1454,100.0,11.4,394.6
1455,100.0,11.4,394.6
1456,100.0,11.4,394.6
1457,100.0,11.4,394.6
1458,100.0,11.4,394.6
1459,100.0,11.4,394.6
1460,100.0,11.4,394.6
1461,100.0,11.4,394.6
1462,100.0,11.4,394.6
1463,100.0,11.4,394.6
1464,100.0,11.4,394.6
1465,100.0,11.4,394.6
1466,100.0,11.4,394.6
1467,100.0,11.4,394.6
1468,100.0,11.4,394.6
1469,100.0,11.4,394.6
1470,100.0,11.4,394.6
1471,100.0,11.4,394.6
1472,100.0,11.4,394.6
1473,100.0,11.4,394.6
1474,100.0,11.4,394.6
1475,100.0,11.4,394.6
1476,100.0,11.4,394.6
1477,100.0,11.4,394.6
1478,100.0,11.4,394.6
1479,100.0,11.4,394.6
1480,100.0,11.4,394.6
1481,100.0,11.4,394.6
1482,100.0,11.4,394.6
1483,100.0,11.4,394.6
1484,100.0,11.4,394.6
1485,100.0,11.4,394.6
1486,100.0,11.4,394.6
1487,100.0,11.4,394.6
1488,100.0,11.4,394.6
1489,100.0,11.4,394.6
1490,100.0,11.4,394.6
1491,100.0,11.4,394.6
1492,100.0,11.4,394.6
1493,100.0,11.4,394.6
1494,100.0,11.4,394.6
1495,100.0,11.4,394.6
1496,100.0,11.4,394.6
1497,100.0,11.4,394.6
1498,100.0,11.4,394.6
1499,100.0,11.4,394.6
1500,100.0,11.4,394.6
1501,100.0,11.4,394.6
1502,100.0,11.4,394.6
1503,100.0,11.4,394.6
1504,100.0,11.4,394.6
1505,100.0,11.4,394.6
1506,100.0,11.4,394.6
1507,100.0,11.4,394.6
1508,100.0,11.4,394.6
1509,100.0,11.4,394.6
1510,100.0,11.4,394.6
1511,100.0,11.4,394.6
1512,100.0,11.4,394.6
1513,100.0,11.4,394.6
1514,100.0,11.4,394.6
1515,100.0,11.4,394.6
1516,100.0,11.4,394.6
1517,100.0,11.4,394.6
1518,100.0,11.4,394.6
1519,100.0,11.4,394.6
1520,100.0,11.4,394.6
1521,100.0,11.4,394.6
1522,100.0,11.4,394.6
1523,100.0,11.4,394.6
1524,100.0,11.4,394.6
1525,100.0,11.4,394.6
1526,100.0,11.4,394.6
1527,100.0,11.4,394.6
1528,100.0,11.4,394.6
1529,100.0,11.4,394.6
1530,100.0,11.4,394.6
1531,100.0,11.4,394.6
1532,100.0,11.4,394.6
1533,100.0,11.4,394.6
1534,100.0,11.4,394.6
1535,100.0,11.4,394.6
1536,100.0,11.4,394.6
1537,100.0,11.4,394.6
1538,100.0,11.4,394.6
1539,100.0,11.4,394.6
1540,100.0,11.4,394.6
1541,100.0,11.4,394.6
1542,100.0,11.4,394.6
1543,100.0,11.4,394.6
1544,100.0,11.4,394.6
1545,100.0,11.4,394.6
1546,100.0,11.4,394.6
1547,100.0,11.4,394.6
1548,100.0,11.4,394.6
1549,100.0,11.4,394.6
1550,100.0,11.4,394.6
1551,100.0,11.4,394.6
1552,100.0,11.4,394.6
1553,100.0,11.4,394.6
1554,100.0,11.4,394.6
1555,100.0,11.4,394.6
1556,100.0,11.4,394.6
1557,100.0,11.4,394.6
1558,100.0,11.4,394.6
1559,100.0,11.4,394.6
1560,100.0,11.4,394.6
1561,100.0,11.4,394.6
1562,100.0,11.4,394.6
1563,100.0,11.4,394.6
1564,100.0,11.4,394.6
1565,100.0,11.4,394.6
1566,100.0,11.4,394.6
1567,100.0,11.4,394.6
1568,100.0,11.4,394.6
1569,100.0,11.4,394.6
1570,100.0,11.4,394.6
1571,100.0,11.4,394.6
1572,100.0,11.4,394.6
1573,100.0,11.4,394.6
1574,100.0,11.4,394.6
1575,100.0,11.4,394.6
1576,100.0,11.4,394.6
1577,100.0,11.4,394.6
1578,100.0,11.4,394.6
1579,100.0,11.4,394.6
1580,100.0,11.4,394.6
1581,100.0,11.4,394.6
1582,100.0,11.4,394.6
1583,100.0,11.4,394.6
1584,100.0,11.4,394.6
1585,100.0,11.4,394.6
1586,100.0,11.4,394.6
1587,100.0,11.4,394.6
1588,100.0,11.4,394.6
1589,100.0,11.4,394.6
1590,100.0,11.4,394.6
1591,100.0,11.4,394.6
1592,100.0,11.4,394.6
1593,100.0,11.4,394.6
1594,100.0,11.4,394.6
1595,100.0,11.4,394.6
1596,100.0,11.4,394.6
1597,100.0,11.4,394.6
1598,100.0,11.4,394.6
1599,100.0,11.4,394.6
1600,100.0,11.4,394.6
1601,100.0,11.4,394.6
1602,100.0,11.4,394.6
1603,100.0,11.4,394.6
1604,100.0,11.4,394.6
1605,100.0,11.4,394.6
1606,100.0,11.4,394.6
1607,100.0,11.4,394.6
1608,100.0,11.4,394.6
1609,100.0,11.4,394.6
1610,100.0,11.4,394.6
1611,100.0,11.4,394.6
1612,100.0,11.4,394.6
1613,100.0,11.4,394.6
1614,100.0,11.4,394.6
1615,100.0,11.4,394.6
1616,100.0,11.4,394.6
1617,100.0,11.4,394.6
1618,100.0,11.4,394.6
1619,100.0,11.4,394.6
1620,100.0,11.4,394.6
1621,100.0,11.4,394.6
1622,100.0,11.4,394.6
1623,100.0,11.4,394.6
1624,100.0,11.4,394.6
1625,100.0,11.4,394.6
1626,100.0,11.4,394.6
1627,100.0,11.4,394.6
1628,100.0,11.4,394.6
1629,100.0,11.4,394.6
1630,100.0,11.4,394.6
1631,100.0,11.4,394.6
1632,100.0,11.4,394.6
1633,100.0,11.4,394.6
1634,100.0,11.4,394.6
1635,100.0,11.4,394.6
1636,100.0,11.4,394.6
1637,100.0,11.4,394.6
1638,100.0,11.4,394.6
1639,100.0,11.4,394.6
1640,100.0,11.4,394.6
1641,100.0,11.4,394.6
1642,100.0,11.4,394.6
1643,100.0,11.4,394.6
1644,100.0,11.4,394.6
1645,100.0,11.4,394.6
1646,100.0,11.4,394.6
1647,100.0,11.4,394.6
1648,100.0,11.4,394.6
1649,100.0,11.4,394.6
1650,100.0,11.4,394.6
1651,100.0,11.4,394.6
1652,100.0,11.4,394.6
1653,100.0,11.4,394.6
1654,100.0,11.4,394.6
1655,100.0,11.4,394.6
1656,100.0,11.4,394.6
1657,100.0,11.4,394.6
1658,100.0,11.4,394.6
1659,100.0,11.4,394.6
1660,100.0,11.4,394.6
1661,100.0,11.4,394.6
1662,100.0,11.4,394.6
1663,100.0,11.4,394.6
1664,100.0,11.4,394.6
1665,100.0,11.4,394.6
1666,100.0,11.4,394.6
1667,100.0,11.4,394.6
1668,100.0,11.4,394.6
1669,100.0,11.4,394.6
1670,100.0,11.4,394.6
1671,100.0,11.4,394.6
1672,100.0,11.4,394.6
1673,100.0,11.4,394.6
1674,100.0,11.4,394.6
1675,100.0,11.4,394.6
1676,100.0,11.4,394.6
1677,100.0,11.4,394.6
1678,100.0,11.4,394.6
1679,100.0,11.4,394.6
1680,100.0,11.4,394.6
1681,100.0,11.4,394.6
1682,100.0,11.4,394.6
1683,100.0,11.4,394.6
1684,100.0,11.4,394.6
1685,100.0,11.4,394.6
1686,100.0,11.4,394.6
1687,100.0,11.4,394.6
1688,100.0,11.4,394.6
1689,100.0,11.4,394.6
1690,100.0,11.4,394.6
1691,100.0,11.4,394.6
1692,100.0,11.4,394.6
1693,100.0,11.4,394.6
1694,100.0,11.4,394.6
1695,100.0,11.4,394.6
1696,100.0,11.4,394.6
1697,100.0,11.4,394.6
1698,100.0,11.4,394.6
1699,100.0,11.4,394.6
1700,100.0,11.4,394.6
1701,100.0,11.4,394.6
1702,100.0,11.4,394.6
1703,100.0,11.4,394.6
1704,100.0,11.4,394.6
1705,100.0,11.4,394.6
1706,100.0,11.4,394.6
1707,100.0,11.4,394.6
1708,100.0,11.4,394.6
1709,100.0,11.4,394.6
1710,100.0,11.4,394.6
1711,100.0,11.4,394.6
1712,100.0,11.4,394.6
1713,100.0,11.4,394.6
1714,100.0,11.4,394.6
1715,100.0,11.4,394.6
1716,100.0,11.4,394.6
1717,100.0,11.4,394.6
1718,100.0,11.4,394.6
1719,100.0,11.4,394.6
1720,100.0,11.4,394.6
1721,100.0,11.4,394.6
1722,100.0,11.4,394.6
1723,100.0,11.4,394.6
1724,100.0,11.4,394.6
1725,100.0,11.4,394.6
1726,100.0,11.4,394.6
1727,100.0,11.4,394.6
1728,100.0,11.4,394.6
1729,100.0,11.4,394.6
1730,100.0,11.4,394.6
1731,100.0,11.4,394.6
1732,100.0,11.4,394.6
1733,100.0,11.4,394.6
1734,100.0,11.4,394.6
1735,100.0,11.4,394.6
1736,100.0,11.4,394.6
1737,100.0,11.4,394.6
1738,100.0,11.4,394.6
1739,100.0,11.4,394.6
1740,100.0,11.4,394.6
1741,100.0,11.4,394.6
1742,100.0,11.4,394.6
1743,100.0,11.4,394.6
1744,100.0,11.4,394.6
1745,100.0,11.4,394.6
1746,100.0,11.4,394.6
1747,100.0,11.4,394.6
1748,100.0,11.4,394.6
1749,100.0,11.4,394.6
1750,100.0,11.4,394.6
1751,100.0,11.4,394.6
1752,100.0,11.4,394.6
1753,100.0,11.4,394.6
1754,100.0,11.4,394.6
1755,100.0,11.4,394.6
1756,100.0,11.4,394.6
1757,100.0,11.4,394.6
1758,100.0,11.4,394.6
1759,100.0,11.4,394.6
1760,100.0,11.4,394.6
1761,100.0,11.4,394.6
1762,100.0,11.4,394.6
1763,100.0,11.4,394.6
1764,100.0,11.4,394.6
1765,100.0,11.4,394.6
1766,100.0,11.4,394.6
1767,100.0,11.4,394.6
1768,100.0,11.4,394.6
1769,100.0,11.4,394.6
1770,100.0,11.4,394.6
1771,100.0,11.4,394.6
1772,100.0,11.4,394.6
1773,100.0,11.4,394.6
1774,100.0,11.4,394.6
1775,100.0,11.4,394.6
1776,100.0,11.4,394.6
1777,100.0,11.4,394.6
1778,100.0,11.4,394.6
1779,100.0,11.4,394.6
1780,100.0,11.4,394.6
1781,100.0,11.4,394.6
1782,100.0,11.4,394.6
1783,100.0,11.4,394.6
1784,100.0,11.4,394.6
1785,100.0,11.4,394.6
1786,100.0,11.4,394.6
1787,100.0,11.4,394.6
1788,100.0,11.4,394.6
1789,100.0,11.4,394.6
1790,100.0,11.4,394.6
1791,100.0,11.4,394.6
1792,100.0,11.4,394.6
1793,100.0,11.4,394.6
1794,100.0,11.4,394.6
1795,100.0,11.4,394.6
1796,100.0,11.4,394.6
1797,100.0,11.4,394.6
1798,100.0,11.4,394.6
1799,100.0,11.4,394.6
1800,100.0,11.4,394.6
1801,100.0,11.4,394.6
1802,100.0,11.4,394.6
1803,100.0,11.4,394.6
1804,100.0,11.4,394.6
1805,100.0,11.4,394.6
1806,100.0,11.4,394.6
1807,100.0,11.4,394.6
1808,100.0,11.4,394.6
1809,100.0,11.4,394.6
1810,100.0,11.4,394.6
1811,100.0,11.4,394.6
1812,100.0,11.4,394.6
1813,100.0,11.4,394.6
1814,100.0,11.4,394.6
1815,100.0,11.4,394.6
1816,100.0,11.4,394.6
1817,100.0,11.4,394.6
1818,100.0,11.4,394.6
1819,100.0,11.4,394.6
1820,100.0,11.4,394.6
1821,100.0,11.4,394.6
1822,100.0,11.4,394.6
1823,100.0,11.4,394.6
1824,100.0,11.4,394.6
1825,100.0,11.4,394.6
1826,100.0,11.4,394.6
1827,100.0,11.4,394.6
1828,100.0,11.4,394.6
1829,100.0,11.4,394.6
1830,100.0,11.4,394.6
1831,100.0,11.4,394.6
1832,100.0,11.4,394.6
1833,100.0,11.4,394.6
1834,100.0,11.4,394.6
1835,100.0,11.4,394.6
1836,100.0,11.4,394.6
1837,100.0,11.4,394.6
1838,100.0,11.4,394.6
1839,100.0,11.4,394.6
1840,100.0,11.4,394.6
1841,100.0,11.4,394.6
1842,100.0,11.4,394.6
1843,100.0,11.4,394.6
1844,100.0,11.4,394.6
1845,100.0,11.4,394.6
1846,100.0,11.4,394.6
1847,100.0,11.4,394.6
1848,100.0,11.4,394.6
1849,100.0,11.4,394.6
1850,100.0,11.4,394.6
1851,100.0,11.4,394.6
1852,100.0,11.4,394.6
1853,100.0,11.4,394.6
1854,100.0,11.4,394.6
1855,100.0,11.4,394.6
1856,100.0,11.4,394.6
1857,100.0,11.4,394.6
1858,100.0,11.4,394.6
1859,100.0,11.4,394.6
1860,100.0,11.4,394.6
1861,100.0,11.4,394.6
1862,100.0,11.4,394.6
1863,100.0,11.4,394.6
1864,100.0,11.4,394.6
1865,100.0,11.4,394.6
1866,100.0,11.4,394.6
1867,100.0,11.4,394.6
1868,100.0,11.4,394.6
1869,100.0,11.4,394.6
1870,100.0,11.4,394.6
1871,100.0,11.4,394.6
1872,100.0,11.4,394.6
1873,100.0,11.4,394.6
1874,100.0,11.4,394.6
1875,100.0,11.4,394.6
1876,100.0,11.4,394.6
1877,100.0,11.4,394.6
1878,100.0,11.4,394.6
1879,100.0,11.4,394.6
1880,100.0,11.4,394.6
1881,100.0,11.4,394.6
1882,100.0,11.4,394.6
1883,100.0,11.4,394.6
1884,100.0,11.4,394.6
1885,100.0,11.4,394.6
1886,100.0,11.4,394.6
1887,100.0,11.4,394.6
1888,100.0,11.4,394.6
1889,100.0,11.4,394.6
1890,100.0,11.4,394.6
1891,100.0,11.4,394.6
1892,100.0,11.4,394.6
1893,100.0,11.4,394.6
1894,100.0,11.4,394.6
1895,100.0,11.4,394.6
1896,100.0,11.4,394.6
1897,100.0,11.4,394.6
1898,100.0,11.4,394.6
1899,100.0,11.4,394.6
1900,100.0,11.4,394.6
1901,100.0,11.4,394.6
1902,100.0,11.4,394.6
1903,100.0,11.4,394.6
1904,100.0,11.4,394.6
1905,100.0,11.4,394.6
1906,100.0,11.4,394.6
1907,100.0,11.4,394.6
1908,100.0,11.4,394.6
1909,100.0,11.4,394.6
1910,100.0,11.4,394.6
1911,100.0,11.4,394.6
1912,100.0,11.4,394.6
1913,100.0,11.4,394.6
1914,100.0,11.4,394.6
1915,100.0,11.4,394.6
1916,100.0,11.4,394.6
1917,100.0,11.4,394.6
1918,100.0,11.4,394.6
1919,100.0,11.4,394.6
1920,100.0,11.4,394.6
1921,100.0,11.4,394.6
1922,100.0,11.4,394.6
1923,100.0,11.4,394.6
1924,100.0,11.4,394.6
1925,100.0,11.4,394.6
1926,100.0,11.4,394.6
1927,100.0,11.4,394.6
1928,100.0,11.4,394.6
1929,100.0,11.4,394.6
1930,100.0,11.4,394.6
1931,100.0,11.4,394.6
1932,100.0,11.4,394.6
1933,100.0,11.4,394.6
1934,100.0,11.4,394.6
1935,100.0,11.4,394.6
1936,100.0,11.4,394.6
1937,100.0,11.4,394.6
1938,100.0,11.4,394.6
1939,100.0,11.4,394.6
1940,100.0,11.4,394.6
1941,100.0,11.4,394.6
1942,100.0,11.4,394.6
1943,100.0,11.4,394.6
1944,100.0,11.4,394.6
1945,100.0,11.4,394.6
1946,100.0,11.4,394.6
1947,100.0,11.4,394.6
1948,100.0,11.4,394.6
1949,100.0,11.4,394.6
1950,100.0,11.4,394.6
1951,100.0,11.4,394.6
1952,100.0,11.4,394.6
1953,100.0,11.4,394.6
1954,100.0,11.4,394.6
1955,100.0,11.4,394.6
1956,100.0,11.4,394.6
1957,100.0,11.4,394.6
1958,100.0,11.4,394.6
1959,100.0,11.4,394.6
1960,100.0,11.4,394.6
1961,100.0,11.4,394.6
1962,100.0,11.4,394.6
1963,100.0,11.4,394.6
1964,100.0,11.4,394.6
1965,100.0,11.4,394.6
1966,100.0,11.4,394.6
1967,100.0,11.4,394.6
1968,100.0,11.4,394.6
1969,100.0,11.4,394.6
1970,100.0,11.4,394.6
1971,100.0,11.4,394.6
1972,100.0,11.4,394.6
1973,100.0,11.4,394.6
1974,100.0,11.4,394.6
1975,100.0,11.4,394.6
1976,100.0,11.4,394.6
1977,100.0,11.4,394.6
1978,100.0,11.4,394.6
1979,100.0,11.4,394.6
1980,100.0,11.4,394.6
1981,100.0,11.4,394.6
1982,100.0,11.4,394.6
1983,100.0,11.4,394.6
1984,100.0,11.4,394.6
1985,100.0,11.4,394.6
1986,100.0,11.4,394.6
1987,100.0,11.4,394.6
1988,100.0,11.4,394.6
1989,100.0,11.4,394.6
1990,100.0,11.4,394.6
1991,100.0,11.4,394.6
1992,100.0,11.4,394.6
1993,100.0,11.4,394.6
1994,100.0,11.4,394.6
1995,100.0,11.4,394.6
1996,100.0,11.4,394.6
1997,100.0,11.4,394.6
1998,100.0,11.4,394.6
1999,100.0,11.4,394.6
2000,100.0,11.4,394.6
2001,100.0,11.4,394.6
2002,100.0,11.4,394.6
2003,100.0,11.4,394.6
2004,100.0,11.4,394.6
2005,100.0,11.4,394.6
2006,100.0,11.4,394.6
2007,100.0,11.4,394.6
2008,100.0,11.4,394.6
2009,100.0,11.4,394.6
2010,100.0,11.4,394.6
2011,100.0,11.4,394.6
2012,100.0,11.4,394.6
2013,100.0,11.4,394.6
2014,100.0,11.4,394.6
2015,100.0,11.4,394.6
2016,100.0,11.4,394.6
2017,100.0,11.4,394.6
2018,100.0,11.4,394.6
2019,100.0,11.4,394.6
2020,100.0,11.4,394.6
2021,100.0,11.4,394.6
2022,100.0,11.4,394.6
2023,100.0,11.4,394.6
2024,100.0,11.4,394.6
2025,100.0,11.4,394.6
2026,100.0,11.4,394.6
2027,100.0,11.4,394.6
2028,100.0,11.4,394.6
2029,100.0,11.4,394.6
2030,100.0,11.4,394.6
2031,100.0,11.4,394.6
2032,100.0,11.4,394.6
2033,100.0,11.4,394.6
2034,100.0,11.4,394.6
2035,100.0,11.4,394.6
2036,100.0,11.4,394.6
2037,100.0,11.4,394.6
2038,100.0,11.4,394.6
2039,100.0,11.4,394.6
2040,100.0,11.4,394.6
2041,100.0,11.4,394.6
2042,100.0,11.4,394.6
2043,100.0,11.4,394.6
2044,100.0,11.4,394.6
2045,100.0,11.4,394.6
2046,100.0,11.4,394.6
2047,100.0,11.4,394.6
2048,100.0,11.4,394.6
2049,100.0,11.4,394.6
2050,100.0,11.4,394.6
2051,100.0,11.4,394.6
2052,100.0,11.4,394.6
2053,100.0,11.4,394.6
2054,100.0,11.4,394.6
2055,100.0,11.4,394.6
2056,100.0,11.4,394.6
2057,100.0,11.4,394.6
2058,100.0,11.4,394.6
2059,100.0,11.4,394.6
2060,100.0,11.4,394.6
2061,100.0,11.4,394.6
2062,100.0,11.4,394.6
2063,100.0,11.4,394.6
2064,100.0,11.4,394.6
2065,100.0,11.4,394.6
2066,100.0,11.4,394.6
2067,100.0,11.4,394.6
2068,100.0,11.4,394.6
2069,100.0,11.4,394.6
2070,100.0,11.4,394.6
2071,100.0,11.4,394.6
2072,100.0,11.4,394.6
2073,100.0,11.4,394.6
2074,100.0,11.4,394.6
2075,100.0,11.4,394.6
2076,100.0,11.4,394.6
2077,100.0,11.4,394.6
2078,100.0,11.4,394.6
2079,100.0,11.4,394.6
2080,100.0,11.4,394.6
2081,100.0,11.4,394.6
2082,100.0,11.4,394.6
2083,100.0,11.4,394.6
2084,100.0,11.4,394.6
2085,100.0,11.4,394.6
2086,100.0,11.4,394.6
2087,100.0,11.4,394.6
2088,100.0,11.4,394.6
2089,100.0,11.4,394.6
2090,100.0,11.4,394.6
2091,100.0,11.4,394.6
2092,100.0,11.4,394.6
2093,100.0,11.4,394.6
2094,100.0,11.4,394.6
2095,100.0,11.4,394.6
2096,100.0,11.4,394.6
2097,100.0,11.4,394.6
2098,100.0,11.4,394.6
2099,100.0,11.4,394.6
2100,100.0,11.4,394.6
2101,100.0,11.4,394.6
2102,100.0,11.4,394.6
2103,100.0,11.4,394.6
2104,100.0,11.4,394.6
2105,100.0,11.4,394.6
2106,100.0,11.4,394.6
2107,100.0,11.4,394.6
2108,100.0,11.4,394.6
2109,100.0,11.4,394.6
2110,100.0,11.4,394.6
2111,100.0,11.4,394.6
2112,100.0,11.4,394.6
2113,100.0,11.4,394.6
2114,100.0,11.4,394.6
2115,100.0,11.4,394.6
2116,100.0,11.4,394.6
2117,100.0,11.4,394.6
2118,100.0,11.4,394.6
2119,100.0,11.4,394.6
2120,100.0,11.4,394.6
2121,100.0,11.4,394.6
2122,100.0,11.4,394.6
2123,100.0,11.4,394.6
2124,100.0,11.4,394.6
2125,100.0,11.4,394.6
2126,100.0,11.4,394.6
2127,100.0,11.4,394.6
2128,100.0,11.4,394.6
2129,100.0,11.4,394.6
2130,100.0,11.4,394.6
2131,100.0,11.4,394.6
2132,100.0,11.4,394.6
2133,100.0,11.4,394.6
2134,100.0,11.4,394.6
2135,100.0,11.4,394.6
2136,100.0,11.4,394.6
2137,100.0,11.4,394.6
2138,100.0,11.4,394.6
2139,100.0,11.4,394.6
2140,100.0,11.4,394.6
2141,100.0,11.4,394.6
2142,100.0,11.4,394.6
2143,100.0,11.4,394.6
2144,100.0,11.4,394.6
2145,100.0,11.4,394.6
2146,100.0,11.4,394.6
2147,100.0,11.4,394.6
2148,100.0,11.4,394.6
2149,100.0,11.4,394.6
2150,100.0,11.4,394.6
2151,100.0,11.4,394.6
2152,100.0,11.4,394.6
2153,100.0,11.4,394.6
2154,100.0,11.4,394.6
2155,100.0,11.4,394.6
2156,100.0,11.4,394.6
2157,100.0,11.4,394.6
2158,100.0,11.4,394.6
2159,100.0,11.4,394.6
2160,100.0,11.4,394.6
2161,100.0,11.4,394.6
2162,100.0,11.4,394.6
2163,100.0,11.4,394.6
2164,100.0,11.4,394.6
2165,100.0,11.4,394.6
2166,100.0,11.4,394.6
2167,100.0,11.4,394.6
2168,100.0,11.4,394.6
2169,100.0,11.4,394.6
2170,100.0,11.4,394.6
2171,100.0,11.4,394.6
2172,100.0,11.4,394.6
2173,100.0,11.4,394.6
2174,100.0,11.4,394.6
2175,100.0,11.4,394.6
2176,100.0,11.4,394.6
2177,100.0,11.4,394.6
2178,100.0,11.4,394.6
2179,100.0,11.4,394.6
2180,100.0,11.4,394.6
2181,100.0,11.4,394.6
2182,100.0,11.4,394.6
2183,100.0,11.4,394.6
2184,100.0,11.4,394.6
2185,100.0,11.4,394.6
2186,100.0,11.4,394.6
2187,100.0,11.4,394.6
2188,100.0,11.4,394.6
2189,100.0,11.4,394.6
2190,100.0,11.4,394.6
2191,100.0,11.4,394.6
2192,100.0,11.4,394.6
2193,100.0,11.4,394.6
2194,100.0,11.4,394.6
2195,100.0,11.4,394.6
2196,100.0,11.4,394.6
2197,100.0,11.4,394.6
2198,100.0,11.4,394.6
2199,100.0,11.4,394.6
2200,100.0,11.4,394.6
2201,100.0,11.4,394.6
2202,100.0,11.4,394.6
2203,100.0,11.4,394.6
2204,100.0,11.4,394.6
2205,100.0,11.4,394.6
2206,100.0,11.4,394.6
2207,100.0,11.4,394.6
2208,100.0,11.4,394.6
2209,100.0,11.4,394.6
2210,100.0,11.4,394.6
2211,100.0,11.4,394.6
2212,100.0,11.4,394.6
2213,100.0,11.4,394.6
2214,100.0,11.4,394.6
2215,100.0,11.4,394.6
2216,100.0,11.4,394.6
2217,100.0,11.4,394.6
2218,100.0,11.4,394.6
2219,100.0,11.4,394.6
2220,100.0,11.4,394.6
2221,100.0,11.4,394.6
2222,100.0,11.4,394.6
2223,100.0,11.4,394.6
2224,100.0,11.4,394.6
2225,100.0,11.4,394.6
2226,100.0,11.4,394.6
2227,100.0,11.4,394.6
2228,100.0,11.4,394.6
2229,100.0,11.4,394.6
2230,100.0,11.4,394.6
2231,100.0,11.4,394.6
2232,100.0,11.4,394.6
2233,100.0,11.4,394.6
2234,100.0,11.4,394.6
2235,100.0,11.4,394.6
2236,100.0,11.4,394.6
2237,100.0,11.4,394.6
2238,100.0,11.4,394.6
2239,100.0,11.4,394.6
2240,100.0,11.4,394.6
2241,100.0,11.4,394.6
2242,100.0,11.4,394.6
2243,100.0,11.4,394.6
2244,100.0,11.4,394.6
2245,100.0,11.4,394.6
2246,100.0,11.4,394.6
2247,100.0,11.4,394.6
2248,100.0,11.4,394.6
2249,100.0,11.4,394.6
2250,100.0,11.4,394.6
2251,100.0,11.4,394.6
2252,100.0,11.4,394.6
2253,100.0,11.4,394.6
2254,100.0,11.4,394.6
2255,100.0,11.4,394.6
2256,100.0,11.4,394.6
2257,100.0,11.4,394.6
2258,100.0,11.4,394.6
2259,100.0,11.4,394.6
2260,100.0,11.4,394.6
2261,100.0,11.4,394.6
2262,100.0,11.4,394.6
2263,100.0,11.4,394.6
2264,100.0,11.4,394.6
2265,100.0,11.4,394.6
2266,100.0,11.4,394.6
2267,100.0,11.4,394.6
2268,100.0,11.4,394.6
2269,100.0,11.4,394.6
2270,100.0,11.4,394.6
2271,100.0,11.4,394.6
2272,100.0,11.4,394.6
2273,100.0,11.4,394.6
2274,100.0,11.4,394.6
2275,100.0,11.4,394.6
2276,100.0,11.4,394.6
2277,100.0,11.4,394.6
2278,100.0,11.4,394.6
2279,100.0,11.4,394.6
2280,100.0,11.4,394.6
2281,100.0,11.4,394.6
2282,100.0,11.4,394.6
2283,100.0,11.4,394.6
2284,100.0,11.4,394.6
2285,100.0,11.4,394.6
2286,100.0,11.4,394.6
2287,100.0,11.4,394.6
2288,100.0,11.4,394.6
2289,100.0,11.4,394.6
2290,100.0,11.4,394.6
2291,100.0,11.4,394.6
2292,100.0,11.4,394.6
2293,100.0,11.4,394.6
2294,100.0,11.4,394.6
2295,100.0,11.4,394.6
2296,100.0,11.4,394.6
2297,100.0,11.4,394.6
2298,100.0,11.4,394.6
2299,100.0,11.4,394.6
2300,100.0,11.4,394.6
2301,100.0,11.4,394.6
2302,100.0,11.4,394.6
2303,100.0,11.4,394.6
