TABLE CRVTime
#channel,timeOffset
0,0.145
1,-0.668
2,0.145
3,-0.668
4,0.145
5,-0.668
6,0.145
7,-0.668
8,0.145
9,-0.668
10,0.145
11,-0.668
12,0.145
13,-0.668
14,0.145
15,-0.668
16,0.145
17,-0.668
18,0.145
19,-0.668
20,0.145
21,-0.668
22,0.145
23,-0.668
24,0.145
25,-0.668
26,0.145
27,-0.668
28,0.145
29,-0.668
30,0.145
31,-0.668
32,0.145
33,-0.668
34,0.145
35,-0.668
36,0.145
37,-0.668
38,0.145
39,-0.668
40,0.145
41,-0.668
42,0.145
43,-0.668
44,0.145
45,-0.668
46,0.145
47,-0.668
48,0.145
49,-0.668
50,0.145
51,-0.668
52,0.145
53,-0.668
54,0.145
55,-0.668
56,0.145
57,-0.668
58,0.145
59,-0.668
60,0.145
61,-0.668
62,0.145
63,-0.668
64,0.145
65,-0.668
66,0.145
67,-0.668
68,0.145
69,-0.668
70,0.145
71,-0.668
72,0.145
73,-0.668
74,0.145
75,-0.668
76,0.145
77,-0.668
78,0.145
79,-0.668
80,0.145
81,-0.668
82,0.145
83,-0.668
84,0.145
85,-0.668
86,0.145
87,-0.668
88,0.145
89,-0.668
90,0.145
91,-0.668
92,0.145
93,-0.668
94,0.145
95,-0.668
96,0.145
97,-0.668
98,0.145
99,-0.668
100,0.145
101,-0.668
102,0.145
103,-0.668
104,0.145
105,-0.668
106,0.145
107,-0.668
108,0.145
109,-0.668
110,0.145
111,-0.668
112,0.145
113,-0.668
114,0.145
115,-0.668
116,0.145
117,-0.668
118,0.145
119,-0.668
120,0.145
121,-0.668
122,0.145
123,-0.668
124,0.145
125,-0.668
126,0.145
127,-0.668
128,0.145
129,-0.668
130,0.967
131,1.749
132,0.967
133,1.749
134,0.967
135,1.749
136,0.967
137,1.749
138,0.967
139,1.749
140,0.967
141,1.749
142,0.967
143,1.749
144,0.967
145,1.749
146,0.967
147,1.749
148,0.967
149,1.749
150,0.967
151,1.749
152,0.967
153,1.749
154,0.967
155,1.749
156,0.967
157,1.749
158,0.967
159,1.749
160,0.967
161,1.749
162,0.967
163,1.749
164,0.967
165,1.749
166,0.967
167,1.749
168,0.967
169,1.749
170,0.967
171,1.749
172,0.967
173,1.749
174,0.967
175,1.749
176,0.967
177,1.749
178,0.967
179,1.749
180,0.967
181,1.749
182,0.967
183,1.749
184,0.967
185,1.749
186,0.967
187,1.749
188,0.967
189,1.749
190,0.967
191,1.749
192,0.967
193,1.749
194,0.967
195,1.749
196,0.967
197,1.749
198,0.967
199,1.749
200,0.967
201,1.749
202,0.967
203,1.749
204,0.967
205,1.749
206,0.967
207,1.749
208,0.967
209,1.749
210,0.967
211,1.749
212,0.967
213,1.749
214,0.967
215,1.749
216,0.967
217,1.749
218,0.967
219,1.749
220,0.967
221,1.749
222,0.967
223,1.749
224,0.967
225,1.749
226,0.967
227,1.749
228,0.967
229,1.749
230,0.967
231,1.749
232,0.967
233,1.749
234,0.967
235,1.749
236,0.967
237,1.749
238,0.967
239,1.749
240,0.967
241,1.749
242,0.967
243,1.749
244,0.967
245,1.749
246,0.967
247,1.749
248,0.967
249,1.749
250,0.967
251,1.749
252,0.967
253,1.749
254,0.967
255,1.749
256,-0.671
257,1.101
258,-0.671
259,1.101
260,-0.671
261,1.101
262,-0.671
263,1.101
264,-0.671
265,1.101
266,-0.671
267,1.101
268,-0.671
269,1.101
270,-0.671
271,1.101
272,-0.671
273,1.101
274,-0.671
275,1.101
276,-0.671
277,1.101
278,-0.671
279,1.101
280,-0.671
281,1.101
282,-0.671
283,1.101
284,-0.671
285,1.101
286,-0.671
287,1.101
288,-0.671
289,1.101
290,-0.671
291,1.101
292,-0.671
293,1.101
294,-0.671
295,1.101
296,-0.671
297,1.101
298,-0.671
299,1.101
300,-0.671
301,1.101
302,-0.671
303,1.101
304,-0.671
305,1.101
306,-0.671
307,1.101
308,-0.671
309,1.101
310,-0.671
311,1.101
312,-0.671
313,1.101
314,-0.671
315,1.101
316,-0.671
317,1.101
318,-0.671
319,1.101
320,-0.671
321,1.101
322,-0.671
323,1.101
324,-0.671
325,1.101
326,-0.671
327,1.101
328,-0.671
329,1.101
330,-0.671
331,1.101
332,-0.671
333,1.101
334,-0.671
335,1.101
336,-0.671
337,1.101
338,-0.671
339,1.101
340,-0.671
341,1.101
342,-0.671
343,1.101
344,-0.671
345,1.101
346,-0.671
347,1.101
348,-0.671
349,1.101
350,-0.671
351,1.101
352,-0.671
353,1.101
354,-0.671
355,1.101
356,-0.671
357,1.101
358,-0.671
359,1.101
360,-0.671
361,1.101
362,-0.671
363,1.101
364,-0.671
365,1.101
366,-0.671
367,1.101
368,-0.671
369,1.101
370,-0.671
371,1.101
372,-0.671
373,1.101
374,-0.671
375,1.101
376,-0.671
377,1.101
378,-0.671
379,1.101
380,-0.671
381,1.101
382,-0.671
383,1.101
384,-0.366
385,-0.233
386,-0.366
387,-0.233
388,-0.366
389,-0.233
390,-0.366
391,-0.233
392,-0.366
393,-0.233
394,-0.366
395,-0.233
396,-0.366
397,-0.233
398,-0.366
399,-0.233
400,-0.366
401,-0.233
402,-0.366
403,-0.233
404,-0.366
405,-0.233
406,-0.366
407,-0.233
408,-0.366
409,-0.233
410,-0.366
411,-0.233
412,-0.366
413,-0.233
414,-0.366
415,-0.233
416,-0.366
417,-0.233
418,-0.366
419,-0.233
420,-0.366
421,-0.233
422,-0.366
423,-0.233
424,-0.366
425,-0.233
426,-0.366
427,-0.233
428,-0.366
429,-0.233
430,-0.366
431,-0.233
432,-0.366
433,-0.233
434,-0.366
435,-0.233
436,-0.366
437,-0.233
438,-0.366
439,-0.233
440,-0.366
441,-0.233
442,-0.366
443,-0.233
444,-0.366
445,-0.233
446,-0.366
447,-0.233
448,-0.366
449,-0.233
450,-0.366
451,-0.233
452,-0.366
453,-0.233
454,-0.366
455,-0.233
456,-0.366
457,-0.233
458,-0.366
459,-0.233
460,-0.366
461,-0.233
462,-0.366
463,-0.233
464,-0.366
465,-0.233
466,-0.366
467,-0.233
468,-0.366
469,-0.233
470,-0.366
471,-0.233
472,-0.366
473,-0.233
474,-0.366
475,-0.233
476,-0.366
477,-0.233
478,-0.366
479,-0.233
480,-0.366
481,-0.233
482,-0.366
483,-0.233
484,-0.366
485,-0.233
486,-0.366
487,-0.233
488,-0.366
489,-0.233
490,-0.366
491,-0.233
492,-0.366
493,-0.233
494,-0.366
495,-0.233
496,-0.366
497,-0.233
498,-0.366
499,-0.233
500,-0.366
501,-0.233
502,-0.366
503,-0.233
504,-0.366
505,-0.233
506,-0.366
507,-0.233
508,-0.366
509,-0.233
510,-0.366
511,-0.233
512,2.022
513,-0.473
514,2.022
515,-0.473
516,2.022
517,-0.473
518,2.022
519,-0.473
520,2.022
521,-0.473
522,2.022
523,-0.473
524,2.022
525,-0.473
526,2.022
527,-0.473
528,2.022
529,-0.473
530,2.022
531,-0.473
532,2.022
533,-0.473
534,2.022
535,-0.473
536,2.022
537,-0.473
538,2.022
539,-0.473
540,2.022
541,-0.473
542,2.022
543,-0.473
544,2.022
545,-0.473
546,2.022
547,-0.473
548,2.022
549,-0.473
550,2.022
551,-0.473
552,2.022
553,-0.473
554,2.022
555,-0.473
556,2.022
557,-0.473
558,2.022
559,-0.473
560,2.022
561,-0.473
562,2.022
563,-0.473
564,2.022
565,-0.473
566,2.022
567,-0.473
568,2.022
569,-0.473
570,2.022
571,-0.473
572,2.022
573,-0.473
574,2.022
575,-0.473
576,2.022
577,-0.473
578,2.022
579,-0.473
580,2.022
581,-0.473
582,2.022
583,-0.473
584,2.022
585,-0.473
586,2.022
587,-0.473
588,2.022
589,-0.473
590,2.022
591,-0.473
592,2.022
593,-0.473
594,2.022
595,-0.473
596,2.022
597,-0.473
598,2.022
599,-0.473
600,2.022
601,-0.473
602,2.022
603,-0.473
604,2.022
605,-0.473
606,2.022
607,-0.473
608,2.022
609,-0.473
610,2.022
611,-0.473
612,2.022
613,-0.473
614,2.022
615,-0.473
616,2.022
617,-0.473
618,2.022
619,-0.473
620,2.022
621,-0.473
622,2.022
623,-0.473
624,2.022
625,-0.473
626,2.022
627,-0.473
628,2.022
629,-0.473
630,2.022
631,-0.473
632,2.022
633,-0.473
634,2.022
635,-0.473
636,2.022
637,-0.473
638,2.022
639,-0.473
640,-1.499
641,-1.379
642,-1.499
643,-1.379
644,-1.499
645,-1.379
646,-1.499
647,-1.379
648,-1.499
649,-1.379
650,-1.499
651,-1.379
652,-1.499
653,-1.379
654,-1.499
655,-1.379
656,-1.499
657,-1.379
658,-1.499
659,-1.379
660,-1.499
661,-1.379
662,-1.499
663,-1.379
664,-1.499
665,-1.379
666,-1.499
667,-1.379
668,-1.499
669,-1.379
670,-1.499
671,-1.379
672,-1.499
673,-1.379
674,-1.499
675,-1.379
676,-1.499
677,-1.379
678,-1.499
679,-1.379
680,-1.499
681,-1.379
682,-1.499
683,-1.379
684,-1.499
685,-1.379
686,-1.499
687,-1.379
688,-1.499
689,-1.379
690,-1.499
691,-1.379
692,-1.499
693,-1.379
694,-1.499
695,-1.379
696,-1.499
697,-1.379
698,-1.499
699,-1.379
700,-1.499
701,-1.379
702,-1.499
703,-1.379
704,-1.499
705,-1.379
706,-1.499
707,-1.379
708,-1.499
709,-1.379
710,-1.499
711,-1.379
712,-1.499
713,-1.379
714,-1.499
715,-1.379
716,-1.499
717,-1.379
718,-1.499
719,-1.379
720,-1.499
721,-1.379
722,-1.499
723,-1.379
724,-1.499
725,-1.379
726,-1.499
727,-1.379
728,-1.499
729,-1.379
730,-1.499
731,-1.379
732,-1.499
733,-1.379
734,-1.499
735,-1.379
736,-1.499
737,-1.379
738,-1.499
739,-1.379
740,-1.499
741,-1.379
742,-1.499
743,-1.379
744,-1.499
745,-1.379
746,-1.499
747,-1.379
748,-1.499
749,-1.379
750,-1.499
751,-1.379
752,-1.499
753,-1.379
754,-1.499
755,-1.379
756,-1.499
757,-1.379
758,-1.499
759,-1.379
760,-1.499
761,-1.379
762,-1.499
763,-1.379
764,-1.499
765,-1.379
766,-1.499
767,-1.379
768,1.857
769,-0.332
770,1.857
771,-0.332
772,1.857
773,-0.332
774,1.857
775,-0.332
776,1.857
777,-0.332
778,1.857
779,-0.332
780,1.857
781,-0.332
782,1.857
783,-0.332
784,1.857
785,-0.332
786,1.857
787,-0.332
788,1.857
789,-0.332
790,1.857
791,-0.332
792,1.857
793,-0.332
794,1.857
795,-0.332
796,1.857
797,-0.332
798,1.857
799,-0.332
800,1.857
801,-0.332
802,1.857
803,-0.332
804,1.857
805,-0.332
806,1.857
807,-0.332
808,1.857
809,-0.332
810,1.857
811,-0.332
812,1.857
813,-0.332
814,1.857
815,-0.332
816,1.857
817,-0.332
818,1.857
819,-0.332
820,1.857
821,-0.332
822,1.857
823,-0.332
824,1.857
825,-0.332
826,1.857
827,-0.332
828,1.857
829,-0.332
830,1.857
831,-0.332
832,1.857
833,-0.332
834,1.857
835,-0.332
836,1.857
837,-0.332
838,1.857
839,-0.332
840,1.857
841,-0.332
842,1.857
843,-0.332
844,1.857
845,-0.332
846,1.857
847,-0.332
848,1.857
849,-0.332
850,1.857
851,-0.332
852,1.857
853,-0.332
854,1.857
855,-0.332
856,1.857
857,-0.332
858,1.857
859,-0.332
860,1.857
861,-0.332
862,1.857
863,-0.332
864,1.857
865,-0.332
866,1.857
867,-0.332
868,1.857
869,-0.332
870,1.857
871,-0.332
872,1.857
873,-0.332
874,1.857
875,-0.332
876,1.857
877,-0.332
878,1.857
879,-0.332
880,1.857
881,-0.332
882,1.857
883,-0.332
884,1.857
885,-0.332
886,1.857
887,-0.332
888,1.857
889,-0.332
890,1.857
891,-0.332
892,1.857
893,-0.332
894,1.857
895,-0.332
896,-1.122
897,-0.561
898,-1.122
899,-0.561
900,-1.122
901,-0.561
902,-1.122
903,-0.561
904,-1.122
905,-0.561
906,-1.122
907,-0.561
908,-1.122
909,-0.561
910,-1.122
911,-0.561
912,-1.122
913,-0.561
914,-1.122
915,-0.561
916,-1.122
917,-0.561
918,-1.122
919,-0.561
920,-1.122
921,-0.561
922,-1.122
923,-0.561
924,-1.122
925,-0.561
926,-1.122
927,-0.561
928,-1.122
929,-0.561
930,-1.122
931,-0.561
932,-1.122
933,-0.561
934,-1.122
935,-0.561
936,-1.122
937,-0.561
938,-1.122
939,-0.561
940,-1.122
941,-0.561
942,-1.122
943,-0.561
944,-1.122
945,-0.561
946,-1.122
947,-0.561
948,-1.122
949,-0.561
950,-1.122
951,-0.561
952,-1.122
953,-0.561
954,-1.122
955,-0.561
956,-1.122
957,-0.561
958,-1.122
959,-0.561
960,-1.122
961,-0.561
962,-1.122
963,-0.561
964,-1.122
965,-0.561
966,-1.122
967,-0.561
968,-1.122
969,-0.561
970,-1.122
971,-0.561
972,-1.122
973,-0.561
974,-1.122
975,-0.561
976,-1.122
977,-0.561
978,-1.122
979,-0.561
980,-1.122
981,-0.561
982,-1.122
983,-0.561
984,-1.122
985,-0.561
986,-1.122
987,-0.561
988,-1.122
989,-0.561
990,-1.122
991,-0.561
992,-1.122
993,-0.561
994,-1.122
995,-0.561
996,-1.122
997,-0.561
998,-1.122
999,-0.561
1000,-1.122
1001,-0.561
1002,-1.122
1003,-0.561
1004,-1.122
1005,-0.561
1006,-1.122
1007,-0.561
1008,-1.122
1009,-0.561
1010,-1.122
1011,-0.561
1012,-1.122
1013,-0.561
1014,-1.122
1015,-0.561
1016,-1.122
1017,-0.561
1018,-1.122
1019,-0.561
1020,-1.122
1021,-0.561
1022,-1.122
1023,-0.561
1024,0.145
1025,0.000
1026,0.145
1027,0.000
1028,0.145
1029,0.000
1030,0.145
1031,0.000
1032,0.145
1033,0.000
1034,0.145
1035,0.000
1036,0.145
1037,0.000
1038,0.145
1039,0.000
1040,0.145
1041,0.000
1042,0.145
1043,0.000
1044,0.145
1045,0.000
1046,0.145
1047,0.000
1048,0.145
1049,0.000
1050,0.145
1051,0.000
1052,0.145
1053,0.000
1054,0.145
1055,0.000
1056,0.145
1057,0.000
1058,0.145
1059,0.000
1060,0.145
1061,0.000
1062,0.145
1063,0.000
1064,0.145
1065,0.000
1066,0.145
1067,0.000
1068,0.145
1069,0.000
1070,0.145
1071,0.000
1072,0.145
1073,0.000
1074,0.145
1075,0.000
1076,0.145
1077,0.000
1078,0.145
1079,0.000
1080,0.145
1081,0.000
1082,0.145
1083,0.000
1084,0.145
1085,0.000
1086,0.145
1087,0.000
1088,0.145
1089,0.000
1090,0.145
1091,0.000
1092,0.145
1093,0.000
1094,0.145
1095,0.000
1096,0.145
1097,0.000
1098,0.145
1099,0.000
1100,0.145
1101,0.000
1102,0.145
1103,0.000
1104,0.145
1105,0.000
1106,0.145
1107,0.000
1108,0.145
1109,0.000
1110,0.145
1111,0.000
1112,0.145
1113,0.000
1114,0.145
1115,0.000
1116,0.145
1117,0.000
1118,0.145
1119,0.000
1120,0.145
1121,0.000
1122,0.145
1123,0.000
1124,0.145
1125,0.000
1126,0.145
1127,0.000
1128,0.145
1129,0.000
1130,0.145
1131,0.000
1132,0.145
1133,0.000
1134,0.145
1135,0.000
1136,0.145
1137,0.000
1138,0.145
1139,0.000
1140,0.145
1141,0.000
1142,0.145
1143,0.000
1144,0.145
1145,0.000
1146,0.145
1147,0.000
1148,0.145
1149,0.000
1150,0.145
1151,0.000
1152,0.967
1153,0.000
1154,0.967
1155,0.000
1156,0.967
1157,0.000
1158,0.967
1159,0.000
1160,0.967
1161,0.000
1162,0.967
1163,0.000
1164,0.967
1165,0.000
1166,0.967
1167,0.000
1168,0.967
1169,0.000
1170,0.967
1171,0.000
1172,0.967
1173,0.000
1174,0.967
1175,0.000
1176,0.967
1177,0.000
1178,0.967
1179,0.000
1180,0.967
1181,0.000
1182,0.967
1183,0.000
1184,0.967
1185,0.000
1186,0.967
1187,0.000
1188,0.967
1189,0.000
1190,0.967
1191,0.000
1192,0.967
1193,0.000
1194,0.967
1195,0.000
1196,0.967
1197,0.000
1198,0.967
1199,0.000
1200,0.967
1201,0.000
1202,0.967
1203,0.000
1204,0.967
1205,0.000
1206,0.967
1207,0.000
1208,0.967
1209,0.000
1210,0.967
1211,0.000
1212,0.967
1213,0.000
1214,0.967
1215,0.000
1216,0.967
1217,0.000
1218,0.967
1219,0.000
1220,0.967
1221,0.000
1222,0.967
1223,0.000
1224,0.967
1225,0.000
1226,0.967
1227,0.000
1228,0.967
1229,0.000
1230,0.967
1231,0.000
1232,0.967
1233,0.000
1234,0.967
1235,0.000
1236,0.967
1237,0.000
1238,0.967
1239,0.000
1240,0.967
1241,0.000
1242,0.967
1243,0.000
1244,0.967
1245,0.000
1246,0.967
1247,0.000
1248,0.967
1249,0.000
1250,0.967
1251,0.000
1252,0.967
1253,0.000
1254,0.967
1255,0.000
1256,0.967
1257,0.000
1258,0.967
1259,0.000
1260,0.967
1261,0.000
1262,0.967
1263,0.000
1264,0.967
1265,0.000
1266,0.967
1267,0.000
1268,0.967
1269,0.000
1270,0.967
1271,0.000
1272,0.967
1273,0.000
1274,0.967
1275,0.000
1276,0.967
1277,0.000
1278,0.967
1279,0.000
1280,-0.668
1281,0.000
1282,-0.668
1283,0.000
1284,-0.668
1285,0.000
1286,-0.668
1287,0.000
1288,-0.668
1289,0.000
1290,-0.668
1291,0.000
1292,-0.668
1293,0.000
1294,-0.668
1295,0.000
1296,-0.668
1297,0.000
1298,-0.668
1299,0.000
1300,-0.668
1301,0.000
1302,-0.668
1303,0.000
1304,-0.668
1305,0.000
1306,-0.668
1307,0.000
1308,-0.668
1309,0.000
1310,-0.668
1311,0.000
1312,-0.668
1313,0.000
1314,-0.668
1315,0.000
1316,-0.668
1317,0.000
1318,-0.668
1319,0.000
1320,-0.668
1321,0.000
1322,-0.668
1323,0.000
1324,-0.668
1325,0.000
1326,-0.668
1327,0.000
1328,-0.668
1329,0.000
1330,-0.668
1331,0.000
1332,-0.668
1333,0.000
1334,-0.668
1335,0.000
1336,-0.668
1337,0.000
1338,-0.668
1339,0.000
1340,-0.668
1341,0.000
1342,-0.668
1343,0.000
1344,-0.668
1345,0.000
1346,-0.668
1347,0.000
1348,-0.668
1349,0.000
1350,-0.668
1351,0.000
1352,-0.668
1353,0.000
1354,-0.668
1355,0.000
1356,-0.668
1357,0.000
1358,-0.668
1359,0.000
1360,-0.668
1361,0.000
1362,-0.668
1363,0.000
1364,-0.668
1365,0.000
1366,-0.668
1367,0.000
1368,-0.668
1369,0.000
1370,-0.668
1371,0.000
1372,-0.668
1373,0.000
1374,-0.668
1375,0.000
1376,-0.668
1377,0.000
1378,-0.668
1379,0.000
1380,-0.668
1381,0.000
1382,-0.668
1383,0.000
1384,-0.668
1385,0.000
1386,-0.668
1387,0.000
1388,-0.668
1389,0.000
1390,-0.668
1391,0.000
1392,-0.668
1393,0.000
1394,-0.668
1395,0.000
1396,-0.668
1397,0.000
1398,-0.668
1399,0.000
1400,-0.668
1401,0.000
1402,-0.668
1403,0.000
1404,-0.668
1405,0.000
1406,-0.668
1407,0.000
1408,1.749
1409,0.000
1410,1.749
1411,0.000
1412,1.749
1413,0.000
1414,1.749
1415,0.000
1416,1.749
1417,0.000
1418,1.749
1419,0.000
1420,1.749
1421,0.000
1422,1.749
1423,0.000
1424,1.749
1425,0.000
1426,1.749
1427,0.000
1428,1.749
1429,0.000
1430,1.749
1431,0.000
1432,1.749
1433,0.000
1434,1.749
1435,0.000
1436,1.749
1437,0.000
1438,1.749
1439,0.000
1440,1.749
1441,0.000
1442,1.749
1443,0.000
1444,1.749
1445,0.000
1446,1.749
1447,0.000
1448,1.749
1449,0.000
1450,1.749
1451,0.000
1452,1.749
1453,0.000
1454,1.749
1455,0.000
1456,1.749
1457,0.000
1458,1.749
1459,0.000
1460,1.749
1461,0.000
1462,1.749
1463,0.000
1464,1.749
1465,0.000
1466,1.749
1467,0.000
1468,1.749
1469,0.000
1470,1.749
1471,0.000
1472,1.749
1473,0.000
1474,1.749
1475,0.000
1476,1.749
1477,0.000
1478,1.749
1479,0.000
1480,1.749
1481,0.000
1482,1.749
1483,0.000
1484,1.749
1485,0.000
1486,1.749
1487,0.000
1488,1.749
1489,0.000
1490,1.749
1491,0.000
1492,1.749
1493,0.000
1494,1.749
1495,0.000
1496,1.749
1497,0.000
1498,1.749
1499,0.000
1500,1.749
1501,0.000
1502,1.749
1503,0.000
1504,1.749
1505,0.000
1506,1.749
1507,0.000
1508,1.749
1509,0.000
1510,1.749
1511,0.000
1512,1.749
1513,0.000
1514,1.749
1515,0.000
1516,1.749
1517,0.000
1518,1.749
1519,0.000
1520,1.749
1521,0.000
1522,1.749
1523,0.000
1524,1.749
1525,0.000
1526,1.749
1527,0.000
1528,1.749
1529,0.000
1530,1.749
1531,0.000
1532,1.749
1533,0.000
1534,1.749
1535,0.000
1536,-0.671
1537,1.101
1538,-0.671
1539,1.101
1540,-0.671
1541,1.101
1542,-0.671
1543,1.101
1544,-0.671
1545,1.101
1546,-0.671
1547,1.101
1548,-0.671
1549,1.101
1550,-0.671
1551,1.101
1552,-0.671
1553,1.101
1554,-0.671
1555,1.101
1556,-0.671
1557,1.101
1558,-0.671
1559,1.101
1560,-0.671
1561,1.101
1562,-0.671
1563,1.101
1564,-0.671
1565,1.101
1566,-0.671
1567,1.101
1568,-0.671
1569,1.101
1570,-0.671
1571,1.101
1572,-0.671
1573,1.101
1574,-0.671
1575,1.101
1576,-0.671
1577,1.101
1578,-0.671
1579,1.101
1580,-0.671
1581,1.101
1582,-0.671
1583,1.101
1584,-0.671
1585,1.101
1586,-0.671
1587,1.101
1588,-0.671
1589,1.101
1590,-0.671
1591,1.101
1592,-0.671
1593,1.101
1594,-0.671
1595,1.101
1596,-0.671
1597,1.101
1598,-0.671
1599,1.101
1600,-0.671
1601,1.101
1602,-0.671
1603,1.101
1604,-0.671
1605,1.101
1606,-0.671
1607,1.101
1608,-0.671
1609,1.101
1610,-0.671
1611,1.101
1612,-0.671
1613,1.101
1614,-0.671
1615,1.101
1616,-0.671
1617,1.101
1618,-0.671
1619,1.101
1620,-0.671
1621,1.101
1622,-0.671
1623,1.101
1624,-0.671
1625,1.101
1626,-0.671
1627,1.101
1628,-0.671
1629,1.101
1630,-0.671
1631,1.101
1632,-0.671
1633,1.101
1634,-0.671
1635,1.101
1636,-0.671
1637,1.101
1638,-0.671
1639,1.101
1640,-0.671
1641,1.101
1642,-0.671
1643,1.101
1644,-0.671
1645,1.101
1646,-0.671
1647,1.101
1648,-0.671
1649,1.101
1650,-0.671
1651,1.101
1652,-0.671
1653,1.101
1654,-0.671
1655,1.101
1656,-0.671
1657,1.101
1658,-0.671
1659,1.101
1660,-0.671
1661,1.101
1662,-0.671
1663,1.101
1664,-0.366
1665,-0.233
1666,-0.366
1667,-0.233
1668,-0.366
1669,-0.233
1670,-0.366
1671,-0.233
1672,-0.366
1673,-0.233
1674,-0.366
1675,-0.233
1676,-0.366
1677,-0.233
1678,-0.366
1679,-0.233
1680,-0.366
1681,-0.233
1682,-0.366
1683,-0.233
1684,-0.366
1685,-0.233
1686,-0.366
1687,-0.233
1688,-0.366
1689,-0.233
1690,-0.366
1691,-0.233
1692,-0.366
1693,-0.233
1694,-0.366
1695,-0.233
1696,-0.366
1697,-0.233
1698,-0.366
1699,-0.233
1700,-0.366
1701,-0.233
1702,-0.366
1703,-0.233
1704,-0.366
1705,-0.233
1706,-0.366
1707,-0.233
1708,-0.366
1709,-0.233
1710,-0.366
1711,-0.233
1712,-0.366
1713,-0.233
1714,-0.366
1715,-0.233
1716,-0.366
1717,-0.233
1718,-0.366
1719,-0.233
1720,-0.366
1721,-0.233
1722,-0.366
1723,-0.233
1724,-0.366
1725,-0.233
1726,-0.366
1727,-0.233
1728,-0.366
1729,-0.233
1730,-0.366
1731,-0.233
1732,-0.366
1733,-0.233
1734,-0.366
1735,-0.233
1736,-0.366
1737,-0.233
1738,-0.366
1739,-0.233
1740,-0.366
1741,-0.233
1742,-0.366
1743,-0.233
1744,-0.366
1745,-0.233
1746,-0.366
1747,-0.233
1748,-0.366
1749,-0.233
1750,-0.366
1751,-0.233
1752,-0.366
1753,-0.233
1754,-0.366
1755,-0.233
1756,-0.366
1757,-0.233
1758,-0.366
1759,-0.233
1760,-0.366
1761,-0.233
1762,-0.366
1763,-0.233
1764,-0.366
1765,-0.233
1766,-0.366
1767,-0.233
1768,-0.366
1769,-0.233
1770,-0.366
1771,-0.233
1772,-0.366
1773,-0.233
1774,-0.366
1775,-0.233
1776,-0.366
1777,-0.233
1778,-0.366
1779,-0.233
1780,-0.366
1781,-0.233
1782,-0.366
1783,-0.233
1784,-0.366
1785,-0.233
1786,-0.366
1787,-0.233
1788,-0.366
1789,-0.233
1790,-0.366
1791,-0.233
1792,2.022
1793,-0.473
1794,2.022
1795,-0.473
1796,2.022
1797,-0.473
1798,2.022
1799,-0.473
1800,2.022
1801,-0.473
1802,2.022
1803,-0.473
1804,2.022
1805,-0.473
1806,2.022
1807,-0.473
1808,2.022
1809,-0.473
1810,2.022
1811,-0.473
1812,2.022
1813,-0.473
1814,2.022
1815,-0.473
1816,2.022
1817,-0.473
1818,2.022
1819,-0.473
1820,2.022
1821,-0.473
1822,2.022
1823,-0.473
1824,2.022
1825,-0.473
1826,2.022
1827,-0.473
1828,2.022
1829,-0.473
1830,2.022
1831,-0.473
1832,2.022
1833,-0.473
1834,2.022
1835,-0.473
1836,2.022
1837,-0.473
1838,2.022
1839,-0.473
1840,2.022
1841,-0.473
1842,2.022
1843,-0.473
1844,2.022
1845,-0.473
1846,2.022
1847,-0.473
1848,2.022
1849,-0.473
1850,2.022
1851,-0.473
1852,2.022
1853,-0.473
1854,2.022
1855,-0.473
1856,2.022
1857,-0.473
1858,2.022
1859,-0.473
1860,2.022
1861,-0.473
1862,2.022
1863,-0.473
1864,2.022
1865,-0.473
1866,2.022
1867,-0.473
1868,2.022
1869,-0.473
1870,2.022
1871,-0.473
1872,2.022
1873,-0.473
1874,2.022
1875,-0.473
1876,2.022
1877,-0.473
1878,2.022
1879,-0.473
1880,2.022
1881,-0.473
1882,2.022
1883,-0.473
1884,2.022
1885,-0.473
1886,2.022
1887,-0.473
1888,2.022
1889,-0.473
1890,2.022
1891,-0.473
1892,2.022
1893,-0.473
1894,2.022
1895,-0.473
1896,2.022
1897,-0.473
1898,2.022
1899,-0.473
1900,2.022
1901,-0.473
1902,2.022
1903,-0.473
1904,2.022
1905,-0.473
1906,2.022
1907,-0.473
1908,2.022
1909,-0.473
1910,2.022
1911,-0.473
1912,2.022
1913,-0.473
1914,2.022
1915,-0.473
1916,2.022
1917,-0.473
1918,2.022
1919,-0.473
1920,-1.499
1921,-1.379
1922,-1.499
1923,-1.379
1924,-1.499
1925,-1.379
1926,-1.499
1927,-1.379
1928,-1.499
1929,-1.379
1930,-1.499
1931,-1.379
1932,-1.499
1933,-1.379
1934,-1.499
1935,-1.379
1936,-1.499
1937,-1.379
1938,-1.499
1939,-1.379
1940,-1.499
1941,-1.379
1942,-1.499
1943,-1.379
1944,-1.499
1945,-1.379
1946,-1.499
1947,-1.379
1948,-1.499
1949,-1.379
1950,-1.499
1951,-1.379
1952,-1.499
1953,-1.379
1954,-1.499
1955,-1.379
1956,-1.499
1957,-1.379
1958,-1.499
1959,-1.379
1960,-1.499
1961,-1.379
1962,-1.499
1963,-1.379
1964,-1.499
1965,-1.379
1966,-1.499
1967,-1.379
1968,-1.499
1969,-1.379
1970,-1.499
1971,-1.379
1972,-1.499
1973,-1.379
1974,-1.499
1975,-1.379
1976,-1.499
1977,-1.379
1978,-1.499
1979,-1.379
1980,-1.499
1981,-1.379
1982,-1.499
1983,-1.379
1984,-1.499
1985,-1.379
1986,-1.499
1987,-1.379
1988,-1.499
1989,-1.379
1990,-1.499
1991,-1.379
1992,-1.499
1993,-1.379
1994,-1.499
1995,-1.379
1996,-1.499
1997,-1.379
1998,-1.499
1999,-1.379
2000,-1.499
2001,-1.379
2002,-1.499
2003,-1.379
2004,-1.499
2005,-1.379
2006,-1.499
2007,-1.379
2008,-1.499
2009,-1.379
2010,-1.499
2011,-1.379
2012,-1.499
2013,-1.379
2014,-1.499
2015,-1.379
2016,-1.499
2017,-1.379
2018,-1.499
2019,-1.379
2020,-1.499
2021,-1.379
2022,-1.499
2023,-1.379
2024,-1.499
2025,-1.379
2026,-1.499
2027,-1.379
2028,-1.499
2029,-1.379
2030,-1.499
2031,-1.379
2032,-1.499
2033,-1.379
2034,-1.499
2035,-1.379
2036,-1.499
2037,-1.379
2038,-1.499
2039,-1.379
2040,-1.499
2041,-1.379
2042,-1.499
2043,-1.379
2044,-1.499
2045,-1.379
2046,-1.499
2047,-1.379
TABLE CRVSiPM
#channel,pedestal,calibPulseHeight,calibPulseArea
0,100.0,11.4,394.6
1,100.0,11.4,394.6
2,100.0,11.4,394.6
3,100.0,11.4,394.6
4,100.0,11.4,394.6
5,100.0,11.4,394.6
6,100.0,11.4,394.6
7,100.0,11.4,394.6
8,100.0,11.4,394.6
9,100.0,11.4,394.6
10,100.0,11.4,394.6
11,100.0,11.4,394.6
12,100.0,11.4,394.6
13,100.0,11.4,394.6
14,100.0,11.4,394.6
15,100.0,11.4,394.6
16,100.0,11.4,394.6
17,100.0,11.4,394.6
18,100.0,11.4,394.6
19,100.0,11.4,394.6
20,100.0,11.4,394.6
21,100.0,11.4,394.6
22,100.0,11.4,394.6
23,100.0,11.4,394.6
24,100.0,11.4,394.6
25,100.0,11.4,394.6
26,100.0,11.4,394.6
27,100.0,11.4,394.6
28,100.0,11.4,394.6
29,100.0,11.4,394.6
30,100.0,11.4,394.6
31,100.0,11.4,394.6
32,100.0,11.4,394.6
33,100.0,11.4,394.6
34,100.0,11.4,394.6
35,100.0,11.4,394.6
36,100.0,11.4,394.6
37,100.0,11.4,394.6
38,100.0,11.4,394.6
39,100.0,11.4,394.6
40,100.0,11.4,394.6
41,100.0,11.4,394.6
42,100.0,11.4,394.6
43,100.0,11.4,394.6
44,100.0,11.4,394.6
45,100.0,11.4,394.6
46,100.0,11.4,394.6
47,100.0,11.4,394.6
48,100.0,11.4,394.6
49,100.0,11.4,394.6
50,100.0,11.4,394.6
51,100.0,11.4,394.6
52,100.0,11.4,394.6
53,100.0,11.4,394.6
54,100.0,11.4,394.6
55,100.0,11.4,394.6
56,100.0,11.4,394.6
57,100.0,11.4,394.6
58,100.0,11.4,394.6
59,100.0,11.4,394.6
60,100.0,11.4,394.6
61,100.0,11.4,394.6
62,100.0,11.4,394.6
63,100.0,11.4,394.6
64,100.0,11.4,394.6
65,100.0,11.4,394.6
66,100.0,11.4,394.6
67,100.0,11.4,394.6
68,100.0,11.4,394.6
69,100.0,11.4,394.6
70,100.0,11.4,394.6
71,100.0,11.4,394.6
72,100.0,11.4,394.6
73,100.0,11.4,394.6
74,100.0,11.4,394.6
75,100.0,11.4,394.6
76,100.0,11.4,394.6
77,100.0,11.4,394.6
78,100.0,11.4,394.6
79,100.0,11.4,394.6
80,100.0,11.4,394.6
81,100.0,11.4,394.6
82,100.0,11.4,394.6
83,100.0,11.4,394.6
84,100.0,11.4,394.6
85,100.0,11.4,394.6
86,100.0,11.4,394.6
87,100.0,11.4,394.6
88,100.0,11.4,394.6
89,100.0,11.4,394.6
90,100.0,11.4,394.6
91,100.0,11.4,394.6
92,100.0,11.4,394.6
93,100.0,11.4,394.6
94,100.0,11.4,394.6
95,100.0,11.4,394.6
96,100.0,11.4,394.6
97,100.0,11.4,394.6
98,100.0,11.4,394.6
99,100.0,11.4,394.6
100,100.0,11.4,394.6
101,100.0,11.4,394.6
102,100.0,11.4,394.6
103,100.0,11.4,394.6
104,100.0,11.4,394.6
105,100.0,11.4,394.6
106,100.0,11.4,394.6
107,100.0,11.4,394.6
108,100.0,11.4,394.6
109,100.0,11.4,394.6
110,100.0,11.4,394.6
111,100.0,11.4,394.6
112,100.0,11.4,394.6
113,100.0,11.4,394.6
114,100.0,11.4,394.6
115,100.0,11.4,394.6
116,100.0,11.4,394.6
117,100.0,11.4,394.6
118,100.0,11.4,394.6
119,100.0,11.4,394.6
120,100.0,11.4,394.6
121,100.0,11.4,394.6
122,100.0,11.4,394.6
123,100.0,11.4,394.6
124,100.0,11.4,394.6
125,100.0,11.4,394.6
126,100.0,11.4,394.6
127,100.0,11.4,394.6
128,100.0,11.4,394.6
129,100.0,11.4,394.6
130,100.0,11.4,394.6
131,100.0,11.4,394.6
132,100.0,11.4,394.6
133,100.0,11.4,394.6
134,100.0,11.4,394.6
135,100.0,11.4,394.6
136,100.0,11.4,394.6
137,100.0,11.4,394.6
138,100.0,11.4,394.6
139,100.0,11.4,394.6
140,100.0,11.4,394.6
141,100.0,11.4,394.6
142,100.0,11.4,394.6
143,100.0,11.4,394.6
144,100.0,11.4,394.6
145,100.0,11.4,394.6
146,100.0,11.4,394.6
147,100.0,11.4,394.6
148,100.0,11.4,394.6
149,100.0,11.4,394.6
150,100.0,11.4,394.6
151,100.0,11.4,394.6
152,100.0,11.4,394.6
153,100.0,11.4,394.6
154,100.0,11.4,394.6
155,100.0,11.4,394.6
156,100.0,11.4,394.6
157,100.0,11.4,394.6
158,100.0,11.4,394.6
159,100.0,11.4,394.6
160,100.0,11.4,394.6
161,100.0,11.4,394.6
162,100.0,11.4,394.6
163,100.0,11.4,394.6
164,100.0,11.4,394.6
165,100.0,11.4,394.6
166,100.0,11.4,394.6
167,100.0,11.4,394.6
168,100.0,11.4,394.6
169,100.0,11.4,394.6
170,100.0,11.4,394.6
171,100.0,11.4,394.6
172,100.0,11.4,394.6
173,100.0,11.4,394.6
174,100.0,11.4,394.6
175,100.0,11.4,394.6
176,100.0,11.4,394.6
177,100.0,11.4,394.6
178,100.0,11.4,394.6
179,100.0,11.4,394.6
180,100.0,11.4,394.6
181,100.0,11.4,394.6
182,100.0,11.4,394.6
183,100.0,11.4,394.6
184,100.0,11.4,394.6
185,100.0,11.4,394.6
186,100.0,11.4,394.6
187,100.0,11.4,394.6
188,100.0,11.4,394.6
189,100.0,11.4,394.6
190,100.0,11.4,394.6
191,100.0,11.4,394.6
192,100.0,11.4,394.6
193,100.0,11.4,394.6
194,100.0,11.4,394.6
195,100.0,11.4,394.6
196,100.0,11.4,394.6
197,100.0,11.4,394.6
198,100.0,11.4,394.6
199,100.0,11.4,394.6
200,100.0,11.4,394.6
201,100.0,11.4,394.6
202,100.0,11.4,394.6
203,100.0,11.4,394.6
204,100.0,11.4,394.6
205,100.0,11.4,394.6
206,100.0,11.4,394.6
207,100.0,11.4,394.6
208,100.0,11.4,394.6
209,100.0,11.4,394.6
210,100.0,11.4,394.6
211,100.0,11.4,394.6
212,100.0,11.4,394.6
213,100.0,11.4,394.6
214,100.0,11.4,394.6
215,100.0,11.4,394.6
216,100.0,11.4,394.6
217,100.0,11.4,394.6
218,100.0,11.4,394.6
219,100.0,11.4,394.6
220,100.0,11.4,394.6
221,100.0,11.4,394.6
222,100.0,11.4,394.6
223,100.0,11.4,394.6
224,100.0,11.4,394.6
225,100.0,11.4,394.6
226,100.0,11.4,394.6
227,100.0,11.4,394.6
228,100.0,11.4,394.6
229,100.0,11.4,394.6
230,100.0,11.4,394.6
231,100.0,11.4,394.6
232,100.0,11.4,394.6
233,100.0,11.4,394.6
234,100.0,11.4,394.6
235,100.0,11.4,394.6
236,100.0,11.4,394.6
237,100.0,11.4,394.6
238,100.0,11.4,394.6
239,100.0,11.4,394.6
240,100.0,11.4,394.6
241,100.0,11.4,394.6
242,100.0,11.4,394.6
243,100.0,11.4,394.6
244,100.0,11.4,394.6
245,100.0,11.4,394.6
246,100.0,11.4,394.6
247,100.0,11.4,394.6
248,100.0,11.4,394.6
249,100.0,11.4,394.6
250,100.0,11.4,394.6
251,100.0,11.4,394.6
252,100.0,11.4,394.6
253,100.0,11.4,394.6
254,100.0,11.4,394.6
255,100.0,11.4,394.6
256,100.0,11.4,394.6
257,100.0,11.4,394.6
258,100.0,11.4,394.6
259,100.0,11.4,394.6
260,100.0,11.4,394.6
261,100.0,11.4,394.6
262,100.0,11.4,394.6
263,100.0,11.4,394.6
264,100.0,11.4,394.6
265,100.0,11.4,394.6
266,100.0,11.4,394.6
267,100.0,11.4,394.6
268,100.0,11.4,394.6
269,100.0,11.4,394.6
270,100.0,11.4,394.6
271,100.0,11.4,394.6
272,100.0,11.4,394.6
273,100.0,11.4,394.6
274,100.0,11.4,394.6
275,100.0,11.4,394.6
276,100.0,11.4,394.6
277,100.0,11.4,394.6
278,100.0,11.4,394.6
279,100.0,11.4,394.6
280,100.0,11.4,394.6
281,100.0,11.4,394.6
282,100.0,11.4,394.6
283,100.0,11.4,394.6
284,100.0,11.4,394.6
285,100.0,11.4,394.6
286,100.0,11.4,394.6
287,100.0,11.4,394.6
288,100.0,11.4,394.6
289,100.0,11.4,394.6
290,100.0,11.4,394.6
291,100.0,11.4,394.6
292,100.0,11.4,394.6
293,100.0,11.4,394.6
294,100.0,11.4,394.6
295,100.0,11.4,394.6
296,100.0,11.4,394.6
297,100.0,11.4,394.6
298,100.0,11.4,394.6
299,100.0,11.4,394.6
300,100.0,11.4,394.6
301,100.0,11.4,394.6
302,100.0,11.4,394.6
303,100.0,11.4,394.6
304,100.0,11.4,394.6
305,100.0,11.4,394.6
306,100.0,11.4,394.6
307,100.0,11.4,394.6
308,100.0,11.4,394.6
309,100.0,11.4,394.6
310,100.0,11.4,394.6
311,100.0,11.4,394.6
312,100.0,11.4,394.6
313,100.0,11.4,394.6
314,100.0,11.4,394.6
315,100.0,11.4,394.6
316,100.0,11.4,394.6
317,100.0,11.4,394.6
318,100.0,11.4,394.6
319,100.0,11.4,394.6
320,100.0,11.4,394.6
321,100.0,11.4,394.6
322,100.0,11.4,394.6
323,100.0,11.4,394.6
324,100.0,11.4,394.6
325,100.0,11.4,394.6
326,100.0,11.4,394.6
327,100.0,11.4,394.6
328,100.0,11.4,394.6
329,100.0,11.4,394.6
330,100.0,11.4,394.6
331,100.0,11.4,394.6
332,100.0,11.4,394.6
333,100.0,11.4,394.6
334,100.0,11.4,394.6
335,100.0,11.4,394.6
336,100.0,11.4,394.6
337,100.0,11.4,394.6
338,100.0,11.4,394.6
339,100.0,11.4,394.6
340,100.0,11.4,394.6
341,100.0,11.4,394.6
342,100.0,11.4,394.6
343,100.0,11.4,394.6
344,100.0,11.4,394.6
345,100.0,11.4,394.6
346,100.0,11.4,394.6
347,100.0,11.4,394.6
348,100.0,11.4,394.6
349,100.0,11.4,394.6
350,100.0,11.4,394.6
351,100.0,11.4,394.6
352,100.0,11.4,394.6
353,100.0,11.4,394.6
354,100.0,11.4,394.6
355,100.0,11.4,394.6
356,100.0,11.4,394.6
357,100.0,11.4,394.6
358,100.0,11.4,394.6
359,100.0,11.4,394.6
360,100.0,11.4,394.6
361,100.0,11.4,394.6
362,100.0,11.4,394.6
363,100.0,11.4,394.6
364,100.0,11.4,394.6
365,100.0,11.4,394.6
366,100.0,11.4,394.6
367,100.0,11.4,394.6
368,100.0,11.4,394.6
369,100.0,11.4,394.6
370,100.0,11.4,394.6
371,100.0,11.4,394.6
372,100.0,11.4,394.6
373,100.0,11.4,394.6
374,100.0,11.4,394.6
375,100.0,11.4,394.6
376,100.0,11.4,394.6
377,100.0,11.4,394.6
378,100.0,11.4,394.6
379,100.0,11.4,394.6
380,100.0,11.4,394.6
381,100.0,11.4,394.6
382,100.0,11.4,394.6
383,100.0,11.4,394.6
384,100.0,11.4,394.6
385,100.0,11.4,394.6
386,100.0,11.4,394.6
387,100.0,11.4,394.6
388,100.0,11.4,394.6
389,100.0,11.4,394.6
390,100.0,11.4,394.6
391,100.0,11.4,394.6
392,100.0,11.4,394.6
393,100.0,11.4,394.6
394,100.0,11.4,394.6
395,100.0,11.4,394.6
396,100.0,11.4,394.6
397,100.0,11.4,394.6
398,100.0,11.4,394.6
399,100.0,11.4,394.6
400,100.0,11.4,394.6
401,100.0,11.4,394.6
402,100.0,11.4,394.6
403,100.0,11.4,394.6
404,100.0,11.4,394.6
405,100.0,11.4,394.6
406,100.0,11.4,394.6
407,100.0,11.4,394.6
408,100.0,11.4,394.6
409,100.0,11.4,394.6
410,100.0,11.4,394.6
411,100.0,11.4,394.6
412,100.0,11.4,394.6
413,100.0,11.4,394.6
414,100.0,11.4,394.6
415,100.0,11.4,394.6
416,100.0,11.4,394.6
417,100.0,11.4,394.6
418,100.0,11.4,394.6
419,100.0,11.4,394.6
420,100.0,11.4,394.6
421,100.0,11.4,394.6
422,100.0,11.4,394.6
423,100.0,11.4,394.6
424,100.0,11.4,394.6
425,100.0,11.4,394.6
426,100.0,11.4,394.6
427,100.0,11.4,394.6
428,100.0,11.4,394.6
429,100.0,11.4,394.6
430,100.0,11.4,394.6
431,100.0,11.4,394.6
432,100.0,11.4,394.6
433,100.0,11.4,394.6
434,100.0,11.4,394.6
435,100.0,11.4,394.6
436,100.0,11.4,394.6
437,100.0,11.4,394.6
438,100.0,11.4,394.6
439,100.0,11.4,394.6
440,100.0,11.4,394.6
441,100.0,11.4,394.6
442,100.0,11.4,394.6
443,100.0,11.4,394.6
444,100.0,11.4,394.6
445,100.0,11.4,394.6
446,100.0,11.4,394.6
447,100.0,11.4,394.6
448,100.0,11.4,394.6
449,100.0,11.4,394.6
450,100.0,11.4,394.6
451,100.0,11.4,394.6
452,100.0,11.4,394.6
453,100.0,11.4,394.6
454,100.0,11.4,394.6
455,100.0,11.4,394.6
456,100.0,11.4,394.6
457,100.0,11.4,394.6
458,100.0,11.4,394.6
459,100.0,11.4,394.6
460,100.0,11.4,394.6
461,100.0,11.4,394.6
462,100.0,11.4,394.6
463,100.0,11.4,394.6
464,100.0,11.4,394.6
465,100.0,11.4,394.6
466,100.0,11.4,394.6
467,100.0,11.4,394.6
468,100.0,11.4,394.6
469,100.0,11.4,394.6
470,100.0,11.4,394.6
471,100.0,11.4,394.6
472,100.0,11.4,394.6
473,100.0,11.4,394.6
474,100.0,11.4,394.6
475,100.0,11.4,394.6
476,100.0,11.4,394.6
477,100.0,11.4,394.6
478,100.0,11.4,394.6
479,100.0,11.4,394.6
480,100.0,11.4,394.6
481,100.0,11.4,394.6
482,100.0,11.4,394.6
483,100.0,11.4,394.6
484,100.0,11.4,394.6
485,100.0,11.4,394.6
486,100.0,11.4,394.6
487,100.0,11.4,394.6
488,100.0,11.4,394.6
489,100.0,11.4,394.6
490,100.0,11.4,394.6
491,100.0,11.4,394.6
492,100.0,11.4,394.6
493,100.0,11.4,394.6
494,100.0,11.4,394.6
495,100.0,11.4,394.6
496,100.0,11.4,394.6
497,100.0,11.4,394.6
498,100.0,11.4,394.6
499,100.0,11.4,394.6
500,100.0,11.4,394.6
501,100.0,11.4,394.6
502,100.0,11.4,394.6
503,100.0,11.4,394.6
504,100.0,11.4,394.6
505,100.0,11.4,394.6
506,100.0,11.4,394.6
507,100.0,11.4,394.6
508,100.0,11.4,394.6
509,100.0,11.4,394.6
510,100.0,11.4,394.6
511,100.0,11.4,394.6
512,100.0,11.4,394.6
513,100.0,11.4,394.6
514,100.0,11.4,394.6
515,100.0,11.4,394.6
516,100.0,11.4,394.6
517,100.0,11.4,394.6
518,100.0,11.4,394.6
519,100.0,11.4,394.6
520,100.0,11.4,394.6
521,100.0,11.4,394.6
522,100.0,11.4,394.6
523,100.0,11.4,394.6
524,100.0,11.4,394.6
525,100.0,11.4,394.6
526,100.0,11.4,394.6
527,100.0,11.4,394.6
528,100.0,11.4,394.6
529,100.0,11.4,394.6
530,100.0,11.4,394.6
531,100.0,11.4,394.6
532,100.0,11.4,394.6
533,100.0,11.4,394.6
534,100.0,11.4,394.6
535,100.0,11.4,394.6
536,100.0,11.4,394.6
537,100.0,11.4,394.6
538,100.0,11.4,394.6
539,100.0,11.4,394.6
540,100.0,11.4,394.6
541,100.0,11.4,394.6
542,100.0,11.4,394.6
543,100.0,11.4,394.6
544,100.0,11.4,394.6
545,100.0,11.4,394.6
546,100.0,11.4,394.6
547,100.0,11.4,394.6
548,100.0,11.4,394.6
549,100.0,11.4,394.6
550,100.0,11.4,394.6
551,100.0,11.4,394.6
552,100.0,11.4,394.6
553,100.0,11.4,394.6
554,100.0,11.4,394.6
555,100.0,11.4,394.6
556,100.0,11.4,394.6
557,100.0,11.4,394.6
558,100.0,11.4,394.6
559,100.0,11.4,394.6
560,100.0,11.4,394.6
561,100.0,11.4,394.6
562,100.0,11.4,394.6
563,100.0,11.4,394.6
564,100.0,11.4,394.6
565,100.0,11.4,394.6
566,100.0,11.4,394.6
567,100.0,11.4,394.6
568,100.0,11.4,394.6
569,100.0,11.4,394.6
570,100.0,11.4,394.6
571,100.0,11.4,394.6
572,100.0,11.4,394.6
573,100.0,11.4,394.6
574,100.0,11.4,394.6
575,100.0,11.4,394.6
576,100.0,11.4,394.6
577,100.0,11.4,394.6
578,100.0,11.4,394.6
579,100.0,11.4,394.6
580,100.0,11.4,394.6
581,100.0,11.4,394.6
582,100.0,11.4,394.6
583,100.0,11.4,394.6
584,100.0,11.4,394.6
585,100.0,11.4,394.6
586,100.0,11.4,394.6
587,100.0,11.4,394.6
588,100.0,11.4,394.6
589,100.0,11.4,394.6
590,100.0,11.4,394.6
591,100.0,11.4,394.6
592,100.0,11.4,394.6
593,100.0,11.4,394.6
594,100.0,11.4,394.6
595,100.0,11.4,394.6
596,100.0,11.4,394.6
597,100.0,11.4,394.6
598,100.0,11.4,394.6
599,100.0,11.4,394.6
600,100.0,11.4,394.6
601,100.0,11.4,394.6
602,100.0,11.4,394.6
603,100.0,11.4,394.6
604,100.0,11.4,394.6
605,100.0,11.4,394.6
606,100.0,11.4,394.6
607,100.0,11.4,394.6
608,100.0,11.4,394.6
609,100.0,11.4,394.6
610,100.0,11.4,394.6
611,100.0,11.4,394.6
612,100.0,11.4,394.6
613,100.0,11.4,394.6
614,100.0,11.4,394.6
615,100.0,11.4,394.6
616,100.0,11.4,394.6
617,100.0,11.4,394.6
618,100.0,11.4,394.6
619,100.0,11.4,394.6
620,100.0,11.4,394.6
621,100.0,11.4,394.6
622,100.0,11.4,394.6
623,100.0,11.4,394.6
624,100.0,11.4,394.6
625,100.0,11.4,394.6
626,100.0,11.4,394.6
627,100.0,11.4,394.6
628,100.0,11.4,394.6
629,100.0,11.4,394.6
630,100.0,11.4,394.6
631,100.0,11.4,394.6
632,100.0,11.4,394.6
633,100.0,11.4,394.6
634,100.0,11.4,394.6
635,100.0,11.4,394.6
636,100.0,11.4,394.6
637,100.0,11.4,394.6
638,100.0,11.4,394.6
639,100.0,11.4,394.6
640,100.0,11.4,394.6
641,100.0,11.4,394.6
642,100.0,11.4,394.6
643,100.0,11.4,394.6
644,100.0,11.4,394.6
645,100.0,11.4,394.6
646,100.0,11.4,394.6
647,100.0,11.4,394.6
648,100.0,11.4,394.6
649,100.0,11.4,394.6
650,100.0,11.4,394.6
651,100.0,11.4,394.6
652,100.0,11.4,394.6
653,100.0,11.4,394.6
654,100.0,11.4,394.6
655,100.0,11.4,394.6
656,100.0,11.4,394.6
657,100.0,11.4,394.6
658,100.0,11.4,394.6
659,100.0,11.4,394.6
660,100.0,11.4,394.6
661,100.0,11.4,394.6
662,100.0,11.4,394.6
663,100.0,11.4,394.6
664,100.0,11.4,394.6
665,100.0,11.4,394.6
666,100.0,11.4,394.6
667,100.0,11.4,394.6
668,100.0,11.4,394.6
669,100.0,11.4,394.6
670,100.0,11.4,394.6
671,100.0,11.4,394.6
672,100.0,11.4,394.6
673,100.0,11.4,394.6
674,100.0,11.4,394.6
675,100.0,11.4,394.6
676,100.0,11.4,394.6
677,100.0,11.4,394.6
678,100.0,11.4,394.6
679,100.0,11.4,394.6
680,100.0,11.4,394.6
681,100.0,11.4,394.6
682,100.0,11.4,394.6
683,100.0,11.4,394.6
684,100.0,11.4,394.6
685,100.0,11.4,394.6
686,100.0,11.4,394.6
687,100.0,11.4,394.6
688,100.0,11.4,394.6
689,100.0,11.4,394.6
690,100.0,11.4,394.6
691,100.0,11.4,394.6
692,100.0,11.4,394.6
693,100.0,11.4,394.6
694,100.0,11.4,394.6
695,100.0,11.4,394.6
696,100.0,11.4,394.6
697,100.0,11.4,394.6
698,100.0,11.4,394.6
699,100.0,11.4,394.6
700,100.0,11.4,394.6
701,100.0,11.4,394.6
702,100.0,11.4,394.6
703,100.0,11.4,394.6
704,100.0,11.4,394.6
705,100.0,11.4,394.6
706,100.0,11.4,394.6
707,100.0,11.4,394.6
708,100.0,11.4,394.6
709,100.0,11.4,394.6
710,100.0,11.4,394.6
711,100.0,11.4,394.6
712,100.0,11.4,394.6
713,100.0,11.4,394.6
714,100.0,11.4,394.6
715,100.0,11.4,394.6
716,100.0,11.4,394.6
717,100.0,11.4,394.6
718,100.0,11.4,394.6
719,100.0,11.4,394.6
720,100.0,11.4,394.6
721,100.0,11.4,394.6
722,100.0,11.4,394.6
723,100.0,11.4,394.6
724,100.0,11.4,394.6
725,100.0,11.4,394.6
726,100.0,11.4,394.6
727,100.0,11.4,394.6
728,100.0,11.4,394.6
729,100.0,11.4,394.6
730,100.0,11.4,394.6
731,100.0,11.4,394.6
732,100.0,11.4,394.6
733,100.0,11.4,394.6
734,100.0,11.4,394.6
735,100.0,11.4,394.6
736,100.0,11.4,394.6
737,100.0,11.4,394.6
738,100.0,11.4,394.6
739,100.0,11.4,394.6
740,100.0,11.4,394.6
741,100.0,11.4,394.6
742,100.0,11.4,394.6
743,100.0,11.4,394.6
744,100.0,11.4,394.6
745,100.0,11.4,394.6
746,100.0,11.4,394.6
747,100.0,11.4,394.6
748,100.0,11.4,394.6
749,100.0,11.4,394.6
750,100.0,11.4,394.6
751,100.0,11.4,394.6
752,100.0,11.4,394.6
753,100.0,11.4,394.6
754,100.0,11.4,394.6
755,100.0,11.4,394.6
756,100.0,11.4,394.6
757,100.0,11.4,394.6
758,100.0,11.4,394.6
759,100.0,11.4,394.6
760,100.0,11.4,394.6
761,100.0,11.4,394.6
762,100.0,11.4,394.6
763,100.0,11.4,394.6
764,100.0,11.4,394.6
765,100.0,11.4,394.6
766,100.0,11.4,394.6
767,100.0,11.4,394.6
768,100.0,11.4,394.6
769,100.0,11.4,394.6
770,100.0,11.4,394.6
771,100.0,11.4,394.6
772,100.0,11.4,394.6
773,100.0,11.4,394.6
774,100.0,11.4,394.6
775,100.0,11.4,394.6
776,100.0,11.4,394.6
777,100.0,11.4,394.6
778,100.0,11.4,394.6
779,100.0,11.4,394.6
780,100.0,11.4,394.6
781,100.0,11.4,394.6
782,100.0,11.4,394.6
783,100.0,11.4,394.6
784,100.0,11.4,394.6
785,100.0,11.4,394.6
786,100.0,11.4,394.6
787,100.0,11.4,394.6
788,100.0,11.4,394.6
789,100.0,11.4,394.6
790,100.0,11.4,394.6
791,100.0,11.4,394.6
792,100.0,11.4,394.6
793,100.0,11.4,394.6
794,100.0,11.4,394.6
795,100.0,11.4,394.6
796,100.0,11.4,394.6
797,100.0,11.4,394.6
798,100.0,11.4,394.6
799,100.0,11.4,394.6
800,100.0,11.4,394.6
801,100.0,11.4,394.6
802,100.0,11.4,394.6
803,100.0,11.4,394.6
804,100.0,11.4,394.6
805,100.0,11.4,394.6
806,100.0,11.4,394.6
807,100.0,11.4,394.6
808,100.0,11.4,394.6
809,100.0,11.4,394.6
810,100.0,11.4,394.6
811,100.0,11.4,394.6
812,100.0,11.4,394.6
813,100.0,11.4,394.6
814,100.0,11.4,394.6
815,100.0,11.4,394.6
816,100.0,11.4,394.6
817,100.0,11.4,394.6
818,100.0,11.4,394.6
819,100.0,11.4,394.6
820,100.0,11.4,394.6
821,100.0,11.4,394.6
822,100.0,11.4,394.6
823,100.0,11.4,394.6
824,100.0,11.4,394.6
825,100.0,11.4,394.6
826,100.0,11.4,394.6
827,100.0,11.4,394.6
828,100.0,11.4,394.6
829,100.0,11.4,394.6
830,100.0,11.4,394.6
831,100.0,11.4,394.6
832,100.0,11.4,394.6
833,100.0,11.4,394.6
834,100.0,11.4,394.6
835,100.0,11.4,394.6
836,100.0,11.4,394.6
837,100.0,11.4,394.6
838,100.0,11.4,394.6
839,100.0,11.4,394.6
840,100.0,11.4,394.6
841,100.0,11.4,394.6
842,100.0,11.4,394.6
843,100.0,11.4,394.6
844,100.0,11.4,394.6
845,100.0,11.4,394.6
846,100.0,11.4,394.6
847,100.0,11.4,394.6
848,100.0,11.4,394.6
849,100.0,11.4,394.6
850,100.0,11.4,394.6
851,100.0,11.4,394.6
852,100.0,11.4,394.6
853,100.0,11.4,394.6
854,100.0,11.4,394.6
855,100.0,11.4,394.6
856,100.0,11.4,394.6
857,100.0,11.4,394.6
858,100.0,11.4,394.6
859,100.0,11.4,394.6
860,100.0,11.4,394.6
861,100.0,11.4,394.6
862,100.0,11.4,394.6
863,100.0,11.4,394.6
864,100.0,11.4,394.6
865,100.0,11.4,394.6
866,100.0,11.4,394.6
867,100.0,11.4,394.6
868,100.0,11.4,394.6
869,100.0,11.4,394.6
870,100.0,11.4,394.6
871,100.0,11.4,394.6
872,100.0,11.4,394.6
873,100.0,11.4,394.6
874,100.0,11.4,394.6
875,100.0,11.4,394.6
876,100.0,11.4,394.6
877,100.0,11.4,394.6
878,100.0,11.4,394.6
879,100.0,11.4,394.6
880,100.0,11.4,394.6
881,100.0,11.4,394.6
882,100.0,11.4,394.6
883,100.0,11.4,394.6
884,100.0,11.4,394.6
885,100.0,11.4,394.6
886,100.0,11.4,394.6
887,100.0,11.4,394.6
888,100.0,11.4,394.6
889,100.0,11.4,394.6
890,100.0,11.4,394.6
891,100.0,11.4,394.6
892,100.0,11.4,394.6
893,100.0,11.4,394.6
894,100.0,11.4,394.6
895,100.0,11.4,394.6
896,100.0,11.4,394.6
897,100.0,11.4,394.6
898,100.0,11.4,394.6
899,100.0,11.4,394.6
900,100.0,11.4,394.6
901,100.0,11.4,394.6
902,100.0,11.4,394.6
903,100.0,11.4,394.6
904,100.0,11.4,394.6
905,100.0,11.4,394.6
906,100.0,11.4,394.6
907,100.0,11.4,394.6
908,100.0,11.4,394.6
909,100.0,11.4,394.6
910,100.0,11.4,394.6
911,100.0,11.4,394.6
912,100.0,11.4,394.6
913,100.0,11.4,394.6
914,100.0,11.4,394.6
915,100.0,11.4,394.6
916,100.0,11.4,394.6
917,100.0,11.4,394.6
918,100.0,11.4,394.6
919,100.0,11.4,394.6
920,100.0,11.4,394.6
921,100.0,11.4,394.6
922,100.0,11.4,394.6
923,100.0,11.4,394.6
924,100.0,11.4,394.6
925,100.0,11.4,394.6
926,100.0,11.4,394.6
927,100.0,11.4,394.6
928,100.0,11.4,394.6
929,100.0,11.4,394.6
930,100.0,11.4,394.6
931,100.0,11.4,394.6
932,100.0,11.4,394.6
933,100.0,11.4,394.6
934,100.0,11.4,394.6
935,100.0,11.4,394.6
936,100.0,11.4,394.6
937,100.0,11.4,394.6
938,100.0,11.4,394.6
939,100.0,11.4,394.6
940,100.0,11.4,394.6
941,100.0,11.4,394.6
942,100.0,11.4,394.6
943,100.0,11.4,394.6
944,100.0,11.4,394.6
945,100.0,11.4,394.6
946,100.0,11.4,394.6
947,100.0,11.4,394.6
948,100.0,11.4,394.6
949,100.0,11.4,394.6
950,100.0,11.4,394.6
951,100.0,11.4,394.6
952,100.0,11.4,394.6
953,100.0,11.4,394.6
954,100.0,11.4,394.6
955,100.0,11.4,394.6
956,100.0,11.4,394.6
957,100.0,11.4,394.6
958,100.0,11.4,394.6
959,100.0,11.4,394.6
960,100.0,11.4,394.6
961,100.0,11.4,394.6
962,100.0,11.4,394.6
963,100.0,11.4,394.6
964,100.0,11.4,394.6
965,100.0,11.4,394.6
966,100.0,11.4,394.6
967,100.0,11.4,394.6
968,100.0,11.4,394.6
969,100.0,11.4,394.6
970,100.0,11.4,394.6
971,100.0,11.4,394.6
972,100.0,11.4,394.6
973,100.0,11.4,394.6
974,100.0,11.4,394.6
975,100.0,11.4,394.6
976,100.0,11.4,394.6
977,100.0,11.4,394.6
978,100.0,11.4,394.6
979,100.0,11.4,394.6
980,100.0,11.4,394.6
981,100.0,11.4,394.6
982,100.0,11.4,394.6
983,100.0,11.4,394.6
984,100.0,11.4,394.6
985,100.0,11.4,394.6
986,100.0,11.4,394.6
987,100.0,11.4,394.6
988,100.0,11.4,394.6
989,100.0,11.4,394.6
990,100.0,11.4,394.6
991,100.0,11.4,394.6
992,100.0,11.4,394.6
993,100.0,11.4,394.6
994,100.0,11.4,394.6
995,100.0,11.4,394.6
996,100.0,11.4,394.6
997,100.0,11.4,394.6
998,100.0,11.4,394.6
999,100.0,11.4,394.6
1000,100.0,11.4,394.6
1001,100.0,11.4,394.6
1002,100.0,11.4,394.6
1003,100.0,11.4,394.6
1004,100.0,11.4,394.6
1005,100.0,11.4,394.6
1006,100.0,11.4,394.6
1007,100.0,11.4,394.6
1008,100.0,11.4,394.6
1009,100.0,11.4,394.6
1010,100.0,11.4,394.6
1011,100.0,11.4,394.6
1012,100.0,11.4,394.6
1013,100.0,11.4,394.6
1014,100.0,11.4,394.6
1015,100.0,11.4,394.6
1016,100.0,11.4,394.6
1017,100.0,11.4,394.6
1018,100.0,11.4,394.6
1019,100.0,11.4,394.6
1020,100.0,11.4,394.6
1021,100.0,11.4,394.6
1022,100.0,11.4,394.6
1023,100.0,11.4,394.6
1024,100.0,11.4,394.6
1025,100.0,11.4,394.6
1026,100.0,11.4,394.6
1027,100.0,11.4,394.6
1028,100.0,11.4,394.6
1029,100.0,11.4,394.6
1030,100.0,11.4,394.6
1031,100.0,11.4,394.6
1032,100.0,11.4,394.6
1033,100.0,11.4,394.6
1034,100.0,11.4,394.6
1035,100.0,11.4,394.6
1036,100.0,11.4,394.6
1037,100.0,11.4,394.6
1038,100.0,11.4,394.6
1039,100.0,11.4,394.6
1040,100.0,11.4,394.6
1041,100.0,11.4,394.6
1042,100.0,11.4,394.6
1043,100.0,11.4,394.6
1044,100.0,11.4,394.6
1045,100.0,11.4,394.6
1046,100.0,11.4,394.6
1047,100.0,11.4,394.6
1048,100.0,11.4,394.6
1049,100.0,11.4,394.6
1050,100.0,11.4,394.6
1051,100.0,11.4,394.6
1052,100.0,11.4,394.6
1053,100.0,11.4,394.6
1054,100.0,11.4,394.6
1055,100.0,11.4,394.6
1056,100.0,11.4,394.6
1057,100.0,11.4,394.6
1058,100.0,11.4,394.6
1059,100.0,11.4,394.6
1060,100.0,11.4,394.6
1061,100.0,11.4,394.6
1062,100.0,11.4,394.6
1063,100.0,11.4,394.6
1064,100.0,11.4,394.6
1065,100.0,11.4,394.6
1066,100.0,11.4,394.6
1067,100.0,11.4,394.6
1068,100.0,11.4,394.6
1069,100.0,11.4,394.6
1070,100.0,11.4,394.6
1071,100.0,11.4,394.6
1072,100.0,11.4,394.6
1073,100.0,11.4,394.6
1074,100.0,11.4,394.6
1075,100.0,11.4,394.6
1076,100.0,11.4,394.6
1077,100.0,11.4,394.6
1078,100.0,11.4,394.6
1079,100.0,11.4,394.6
1080,100.0,11.4,394.6
1081,100.0,11.4,394.6
1082,100.0,11.4,394.6
1083,100.0,11.4,394.6
1084,100.0,11.4,394.6
1085,100.0,11.4,394.6
1086,100.0,11.4,394.6
1087,100.0,11.4,394.6
1088,100.0,11.4,394.6
1089,100.0,11.4,394.6
1090,100.0,11.4,394.6
1091,100.0,11.4,394.6
1092,100.0,11.4,394.6
1093,100.0,11.4,394.6
1094,100.0,11.4,394.6
1095,100.0,11.4,394.6
1096,100.0,11.4,394.6
1097,100.0,11.4,394.6
1098,100.0,11.4,394.6
1099,100.0,11.4,394.6
1100,100.0,11.4,394.6
1101,100.0,11.4,394.6
1102,100.0,11.4,394.6
1103,100.0,11.4,394.6
1104,100.0,11.4,394.6
1105,100.0,11.4,394.6
1106,100.0,11.4,394.6
1107,100.0,11.4,394.6
1108,100.0,11.4,394.6
1109,100.0,11.4,394.6
1110,100.0,11.4,394.6
1111,100.0,11.4,394.6
1112,100.0,11.4,394.6
1113,100.0,11.4,394.6
1114,100.0,11.4,394.6
1115,100.0,11.4,394.6
1116,100.0,11.4,394.6
1117,100.0,11.4,394.6
1118,100.0,11.4,394.6
1119,100.0,11.4,394.6
1120,100.0,11.4,394.6
1121,100.0,11.4,394.6
1122,100.0,11.4,394.6
1123,100.0,11.4,394.6
1124,100.0,11.4,394.6
1125,100.0,11.4,394.6
1126,100.0,11.4,394.6
1127,100.0,11.4,394.6
1128,100.0,11.4,394.6
1129,100.0,11.4,394.6
1130,100.0,11.4,394.6
1131,100.0,11.4,394.6
1132,100.0,11.4,394.6
1133,100.0,11.4,394.6
1134,100.0,11.4,394.6
1135,100.0,11.4,394.6
1136,100.0,11.4,394.6
1137,100.0,11.4,394.6
1138,100.0,11.4,394.6
1139,100.0,11.4,394.6
1140,100.0,11.4,394.6
1141,100.0,11.4,394.6
1142,100.0,11.4,394.6
1143,100.0,11.4,394.6
1144,100.0,11.4,394.6
1145,100.0,11.4,394.6
1146,100.0,11.4,394.6
1147,100.0,11.4,394.6
1148,100.0,11.4,394.6
1149,100.0,11.4,394.6
1150,100.0,11.4,394.6
1151,100.0,11.4,394.6
1152,100.0,11.4,394.6
1153,100.0,11.4,394.6
1154,100.0,11.4,394.6
1155,100.0,11.4,394.6
1156,100.0,11.4,394.6
1157,100.0,11.4,394.6
1158,100.0,11.4,394.6
1159,100.0,11.4,394.6
1160,100.0,11.4,394.6
1161,100.0,11.4,394.6
1162,100.0,11.4,394.6
1163,100.0,11.4,394.6
1164,100.0,11.4,394.6
1165,100.0,11.4,394.6
1166,100.0,11.4,394.6
1167,100.0,11.4,394.6
1168,100.0,11.4,394.6
1169,100.0,11.4,394.6
1170,100.0,11.4,394.6
1171,100.0,11.4,394.6
1172,100.0,11.4,394.6
1173,100.0,11.4,394.6
1174,100.0,11.4,394.6
1175,100.0,11.4,394.6
1176,100.0,11.4,394.6
1177,100.0,11.4,394.6
1178,100.0,11.4,394.6
1179,100.0,11.4,394.6
1180,100.0,11.4,394.6
1181,100.0,11.4,394.6
1182,100.0,11.4,394.6
1183,100.0,11.4,394.6
1184,100.0,11.4,394.6
1185,100.0,11.4,394.6
1186,100.0,11.4,394.6
1187,100.0,11.4,394.6
1188,100.0,11.4,394.6
1189,100.0,11.4,394.6
1190,100.0,11.4,394.6
1191,100.0,11.4,394.6
1192,100.0,11.4,394.6
1193,100.0,11.4,394.6
1194,100.0,11.4,394.6
1195,100.0,11.4,394.6
1196,100.0,11.4,394.6
1197,100.0,11.4,394.6
1198,100.0,11.4,394.6
1199,100.0,11.4,394.6
1200,100.0,11.4,394.6
1201,100.0,11.4,394.6
1202,100.0,11.4,394.6
1203,100.0,11.4,394.6
1204,100.0,11.4,394.6
1205,100.0,11.4,394.6
1206,100.0,11.4,394.6
1207,100.0,11.4,394.6
1208,100.0,11.4,394.6
1209,100.0,11.4,394.6
1210,100.0,11.4,394.6
1211,100.0,11.4,394.6
1212,100.0,11.4,394.6
1213,100.0,11.4,394.6
1214,100.0,11.4,394.6
1215,100.0,11.4,394.6
1216,100.0,11.4,394.6
1217,100.0,11.4,394.6
1218,100.0,11.4,394.6
1219,100.0,11.4,394.6
1220,100.0,11.4,394.6
1221,100.0,11.4,394.6
1222,100.0,11.4,394.6
1223,100.0,11.4,394.6
1224,100.0,11.4,394.6
1225,100.0,11.4,394.6
1226,100.0,11.4,394.6
1227,100.0,11.4,394.6
1228,100.0,11.4,394.6
1229,100.0,11.4,394.6
1230,100.0,11.4,394.6
1231,100.0,11.4,394.6
1232,100.0,11.4,394.6
1233,100.0,11.4,394.6
1234,100.0,11.4,394.6
1235,100.0,11.4,394.6
1236,100.0,11.4,394.6
1237,100.0,11.4,394.6
1238,100.0,11.4,394.6
1239,100.0,11.4,394.6
1240,100.0,11.4,394.6
1241,100.0,11.4,394.6
1242,100.0,11.4,394.6
1243,100.0,11.4,394.6
1244,100.0,11.4,394.6
1245,100.0,11.4,394.6
1246,100.0,11.4,394.6
1247,100.0,11.4,394.6
1248,100.0,11.4,394.6
1249,100.0,11.4,394.6
1250,100.0,11.4,394.6
1251,100.0,11.4,394.6
1252,100.0,11.4,394.6
1253,100.0,11.4,394.6
1254,100.0,11.4,394.6
1255,100.0,11.4,394.6
1256,100.0,11.4,394.6
1257,100.0,11.4,394.6
1258,100.0,11.4,394.6
1259,100.0,11.4,394.6
1260,100.0,11.4,394.6
1261,100.0,11.4,394.6
1262,100.0,11.4,394.6
1263,100.0,11.4,394.6
1264,100.0,11.4,394.6
1265,100.0,11.4,394.6
1266,100.0,11.4,394.6
1267,100.0,11.4,394.6
1268,100.0,11.4,394.6
1269,100.0,11.4,394.6
1270,100.0,11.4,394.6
1271,100.0,11.4,394.6
1272,100.0,11.4,394.6
1273,100.0,11.4,394.6
1274,100.0,11.4,394.6
1275,100.0,11.4,394.6
1276,100.0,11.4,394.6
1277,100.0,11.4,394.6
1278,100.0,11.4,394.6
1279,100.0,11.4,394.6
1280,100.0,11.4,394.6
1281,100.0,11.4,394.6
1282,100.0,11.4,394.6
1283,100.0,11.4,394.6
1284,100.0,11.4,394.6
1285,100.0,11.4,394.6
1286,100.0,11.4,394.6
1287,100.0,11.4,394.6
1288,100.0,11.4,394.6
1289,100.0,11.4,394.6
1290,100.0,11.4,394.6
1291,100.0,11.4,394.6
1292,100.0,11.4,394.6
1293,100.0,11.4,394.6
1294,100.0,11.4,394.6
1295,100.0,11.4,394.6
1296,100.0,11.4,394.6
1297,100.0,11.4,394.6
1298,100.0,11.4,394.6
1299,100.0,11.4,394.6
1300,100.0,11.4,394.6
1301,100.0,11.4,394.6
1302,100.0,11.4,394.6
1303,100.0,11.4,394.6
1304,100.0,11.4,394.6
1305,100.0,11.4,394.6
1306,100.0,11.4,394.6
1307,100.0,11.4,394.6
1308,100.0,11.4,394.6
1309,100.0,11.4,394.6
1310,100.0,11.4,394.6
1311,100.0,11.4,394.6
1312,100.0,11.4,394.6
1313,100.0,11.4,394.6
1314,100.0,11.4,394.6
1315,100.0,11.4,394.6
1316,100.0,11.4,394.6
1317,100.0,11.4,394.6
1318,100.0,11.4,394.6
1319,100.0,11.4,394.6
1320,100.0,11.4,394.6
1321,100.0,11.4,394.6
1322,100.0,11.4,394.6
1323,100.0,11.4,394.6
1324,100.0,11.4,394.6
1325,100.0,11.4,394.6
1326,100.0,11.4,394.6
1327,100.0,11.4,394.6
1328,100.0,11.4,394.6
1329,100.0,11.4,394.6
1330,100.0,11.4,394.6
1331,100.0,11.4,394.6
1332,100.0,11.4,394.6
1333,100.0,11.4,394.6
1334,100.0,11.4,394.6
1335,100.0,11.4,394.6
1336,100.0,11.4,394.6
1337,100.0,11.4,394.6
1338,100.0,11.4,394.6
1339,100.0,11.4,394.6
1340,100.0,11.4,394.6
1341,100.0,11.4,394.6
1342,100.0,11.4,394.6
1343,100.0,11.4,394.6
1344,100.0,11.4,394.6
1345,100.0,11.4,394.6
1346,100.0,11.4,394.6
1347,100.0,11.4,394.6
1348,100.0,11.4,394.6
1349,100.0,11.4,394.6
1350,100.0,11.4,394.6
1351,100.0,11.4,394.6
1352,100.0,11.4,394.6
1353,100.0,11.4,394.6
1354,100.0,11.4,394.6
1355,100.0,11.4,394.6
1356,100.0,11.4,394.6
1357,100.0,11.4,394.6
1358,100.0,11.4,394.6
1359,100.0,11.4,394.6
1360,100.0,11.4,394.6
1361,100.0,11.4,394.6
1362,100.0,11.4,394.6
1363,100.0,11.4,394.6
1364,100.0,11.4,394.6
1365,100.0,11.4,394.6
1366,100.0,11.4,394.6
1367,100.0,11.4,394.6
1368,100.0,11.4,394.6
1369,100.0,11.4,394.6
1370,100.0,11.4,394.6
1371,100.0,11.4,394.6
1372,100.0,11.4,394.6
1373,100.0,11.4,394.6
1374,100.0,11.4,394.6
1375,100.0,11.4,394.6
1376,100.0,11.4,394.6
1377,100.0,11.4,394.6
1378,100.0,11.4,394.6
1379,100.0,11.4,394.6
1380,100.0,11.4,394.6
1381,100.0,11.4,394.6
1382,100.0,11.4,394.6
1383,100.0,11.4,394.6
1384,100.0,11.4,394.6
1385,100.0,11.4,394.6
1386,100.0,11.4,394.6
1387,100.0,11.4,394.6
1388,100.0,11.4,394.6
1389,100.0,11.4,394.6
1390,100.0,11.4,394.6
1391,100.0,11.4,394.6
1392,100.0,11.4,394.6
1393,100.0,11.4,394.6
1394,100.0,11.4,394.6
1395,100.0,11.4,394.6
1396,100.0,11.4,394.6
1397,100.0,11.4,394.6
1398,100.0,11.4,394.6
1399,100.0,11.4,394.6
1400,100.0,11.4,394.6
1401,100.0,11.4,394.6
1402,100.0,11.4,394.6
1403,100.0,11.4,394.6
1404,100.0,11.4,394.6
1405,100.0,11.4,394.6
1406,100.0,11.4,394.6
1407,100.0,11.4,394.6
1408,100.0,11.4,394.6
1409,100.0,11.4,394.6
1410,100.0,11.4,394.6
1411,100.0,11.4,394.6
1412,100.0,11.4,394.6
1413,100.0,11.4,394.6
1414,100.0,11.4,394.6
1415,100.0,11.4,394.6
1416,100.0,11.4,394.6
1417,100.0,11.4,394.6
1418,100.0,11.4,394.6
1419,100.0,11.4,394.6
1420,100.0,11.4,394.6
1421,100.0,11.4,394.6
1422,100.0,11.4,394.6
1423,100.0,11.4,394.6
1424,100.0,11.4,394.6
1425,100.0,11.4,394.6
1426,100.0,11.4,394.6
1427,100.0,11.4,394.6
1428,100.0,11.4,394.6
1429,100.0,11.4,394.6
1430,100.0,11.4,394.6
1431,100.0,11.4,394.6
1432,100.0,11.4,394.6
1433,100.0,11.4,394.6
1434,100.0,11.4,394.6
1435,100.0,11.4,394.6
1436,100.0,11.4,394.6
1437,100.0,11.4,394.6
1438,100.0,11.4,394.6
1439,100.0,11.4,394.6
1440,100.0,11.4,394.6
1441,100.0,11.4,394.6
1442,100.0,11.4,394.6
1443,100.0,11.4,394.6
1444,100.0,11.4,394.6
1445,100.0,11.4,394.6
1446,100.0,11.4,394.6
1447,100.0,11.4,394.6
1448,100.0,11.4,394.6
1449,100.0,11.4,394.6
1450,100.0,11.4,394.6
1451,100.0,11.4,394.6
1452,100.0,11.4,394.6
1453,100.0,11.4,394.6
1454,100.0,11.4,394.6
1455,100.0,11.4,394.6
1456,100.0,11.4,394.6
1457,100.0,11.4,394.6
1458,100.0,11.4,394.6
1459,100.0,11.4,394.6
1460,100.0,11.4,394.6
1461,100.0,11.4,394.6
1462,100.0,11.4,394.6
1463,100.0,11.4,394.6
1464,100.0,11.4,394.6
1465,100.0,11.4,394.6
1466,100.0,11.4,394.6
1467,100.0,11.4,394.6
1468,100.0,11.4,394.6
1469,100.0,11.4,394.6
1470,100.0,11.4,394.6
1471,100.0,11.4,394.6
1472,100.0,11.4,394.6
1473,100.0,11.4,394.6
1474,100.0,11.4,394.6
1475,100.0,11.4,394.6
1476,100.0,11.4,394.6
1477,100.0,11.4,394.6
1478,100.0,11.4,394.6
1479,100.0,11.4,394.6
1480,100.0,11.4,394.6
1481,100.0,11.4,394.6
1482,100.0,11.4,394.6
1483,100.0,11.4,394.6
1484,100.0,11.4,394.6
1485,100.0,11.4,394.6
1486,100.0,11.4,394.6
1487,100.0,11.4,394.6
1488,100.0,11.4,394.6
1489,100.0,11.4,394.6
1490,100.0,11.4,394.6
1491,100.0,11.4,394.6
1492,100.0,11.4,394.6
1493,100.0,11.4,394.6
1494,100.0,11.4,394.6
1495,100.0,11.4,394.6
1496,100.0,11.4,394.6
1497,100.0,11.4,394.6
1498,100.0,11.4,394.6
1499,100.0,11.4,394.6
1500,100.0,11.4,394.6
1501,100.0,11.4,394.6
1502,100.0,11.4,394.6
1503,100.0,11.4,394.6
1504,100.0,11.4,394.6
1505,100.0,11.4,394.6
1506,100.0,11.4,394.6
1507,100.0,11.4,394.6
1508,100.0,11.4,394.6
1509,100.0,11.4,394.6
1510,100.0,11.4,394.6
1511,100.0,11.4,394.6
1512,100.0,11.4,394.6
1513,100.0,11.4,394.6
1514,100.0,11.4,394.6
1515,100.0,11.4,394.6
1516,100.0,11.4,394.6
1517,100.0,11.4,394.6
1518,100.0,11.4,394.6
1519,100.0,11.4,394.6
1520,100.0,11.4,394.6
1521,100.0,11.4,394.6
1522,100.0,11.4,394.6
1523,100.0,11.4,394.6
1524,100.0,11.4,394.6
1525,100.0,11.4,394.6
1526,100.0,11.4,394.6
1527,100.0,11.4,394.6
1528,100.0,11.4,394.6
1529,100.0,11.4,394.6
1530,100.0,11.4,394.6
1531,100.0,11.4,394.6
1532,100.0,11.4,394.6
1533,100.0,11.4,394.6
1534,100.0,11.4,394.6
1535,100.0,11.4,394.6
1536,100.0,11.4,394.6
1537,100.0,11.4,394.6
1538,100.0,11.4,394.6
1539,100.0,11.4,394.6
1540,100.0,11.4,394.6
1541,100.0,11.4,394.6
1542,100.0,11.4,394.6
1543,100.0,11.4,394.6
1544,100.0,11.4,394.6
1545,100.0,11.4,394.6
1546,100.0,11.4,394.6
1547,100.0,11.4,394.6
1548,100.0,11.4,394.6
1549,100.0,11.4,394.6
1550,100.0,11.4,394.6
1551,100.0,11.4,394.6
1552,100.0,11.4,394.6
1553,100.0,11.4,394.6
1554,100.0,11.4,394.6
1555,100.0,11.4,394.6
1556,100.0,11.4,394.6
1557,100.0,11.4,394.6
1558,100.0,11.4,394.6
1559,100.0,11.4,394.6
1560,100.0,11.4,394.6
1561,100.0,11.4,394.6
1562,100.0,11.4,394.6
1563,100.0,11.4,394.6
1564,100.0,11.4,394.6
1565,100.0,11.4,394.6
1566,100.0,11.4,394.6
1567,100.0,11.4,394.6
1568,100.0,11.4,394.6
1569,100.0,11.4,394.6
1570,100.0,11.4,394.6
1571,100.0,11.4,394.6
1572,100.0,11.4,394.6
1573,100.0,11.4,394.6
1574,100.0,11.4,394.6
1575,100.0,11.4,394.6
1576,100.0,11.4,394.6
1577,100.0,11.4,394.6
1578,100.0,11.4,394.6
1579,100.0,11.4,394.6
1580,100.0,11.4,394.6
1581,100.0,11.4,394.6
1582,100.0,11.4,394.6
1583,100.0,11.4,394.6
1584,100.0,11.4,394.6
1585,100.0,11.4,394.6
1586,100.0,11.4,394.6
1587,100.0,11.4,394.6
1588,100.0,11.4,394.6
1589,100.0,11.4,394.6
1590,100.0,11.4,394.6
1591,100.0,11.4,394.6
1592,100.0,11.4,394.6
1593,100.0,11.4,394.6
1594,100.0,11.4,394.6
1595,100.0,11.4,394.6
1596,100.0,11.4,394.6
1597,100.0,11.4,394.6
1598,100.0,11.4,394.6
1599,100.0,11.4,394.6
1600,100.0,11.4,394.6
1601,100.0,11.4,394.6
1602,100.0,11.4,394.6
1603,100.0,11.4,394.6
1604,100.0,11.4,394.6
1605,100.0,11.4,394.6
1606,100.0,11.4,394.6
1607,100.0,11.4,394.6
1608,100.0,11.4,394.6
1609,100.0,11.4,394.6
1610,100.0,11.4,394.6
1611,100.0,11.4,394.6
1612,100.0,11.4,394.6
1613,100.0,11.4,394.6
1614,100.0,11.4,394.6
1615,100.0,11.4,394.6
1616,100.0,11.4,394.6
1617,100.0,11.4,394.6
1618,100.0,11.4,394.6
1619,100.0,11.4,394.6
1620,100.0,11.4,394.6
1621,100.0,11.4,394.6
1622,100.0,11.4,394.6
1623,100.0,11.4,394.6
1624,100.0,11.4,394.6
1625,100.0,11.4,394.6
1626,100.0,11.4,394.6
1627,100.0,11.4,394.6
1628,100.0,11.4,394.6
1629,100.0,11.4,394.6
1630,100.0,11.4,394.6
1631,100.0,11.4,394.6
1632,100.0,11.4,394.6
1633,100.0,11.4,394.6
1634,100.0,11.4,394.6
1635,100.0,11.4,394.6
1636,100.0,11.4,394.6
1637,100.0,11.4,394.6
1638,100.0,11.4,394.6
1639,100.0,11.4,394.6
1640,100.0,11.4,394.6
1641,100.0,11.4,394.6
1642,100.0,11.4,394.6
1643,100.0,11.4,394.6
1644,100.0,11.4,394.6
1645,100.0,11.4,394.6
1646,100.0,11.4,394.6
1647,100.0,11.4,394.6
1648,100.0,11.4,394.6
1649,100.0,11.4,394.6
1650,100.0,11.4,394.6
1651,100.0,11.4,394.6
1652,100.0,11.4,394.6
1653,100.0,11.4,394.6
1654,100.0,11.4,394.6
1655,100.0,11.4,394.6
1656,100.0,11.4,394.6
1657,100.0,11.4,394.6
1658,100.0,11.4,394.6
1659,100.0,11.4,394.6
1660,100.0,11.4,394.6
1661,100.0,11.4,394.6
1662,100.0,11.4,394.6
1663,100.0,11.4,394.6
1664,100.0,11.4,394.6
1665,100.0,11.4,394.6
1666,100.0,11.4,394.6
1667,100.0,11.4,394.6
1668,100.0,11.4,394.6
1669,100.0,11.4,394.6
1670,100.0,11.4,394.6
1671,100.0,11.4,394.6
1672,100.0,11.4,394.6
1673,100.0,11.4,394.6
1674,100.0,11.4,394.6
1675,100.0,11.4,394.6
1676,100.0,11.4,394.6
1677,100.0,11.4,394.6
1678,100.0,11.4,394.6
1679,100.0,11.4,394.6
1680,100.0,11.4,394.6
1681,100.0,11.4,394.6
1682,100.0,11.4,394.6
1683,100.0,11.4,394.6
1684,100.0,11.4,394.6
1685,100.0,11.4,394.6
1686,100.0,11.4,394.6
1687,100.0,11.4,394.6
1688,100.0,11.4,394.6
1689,100.0,11.4,394.6
1690,100.0,11.4,394.6
1691,100.0,11.4,394.6
1692,100.0,11.4,394.6
1693,100.0,11.4,394.6
1694,100.0,11.4,394.6
1695,100.0,11.4,394.6
1696,100.0,11.4,394.6
1697,100.0,11.4,394.6
1698,100.0,11.4,394.6
1699,100.0,11.4,394.6
1700,100.0,11.4,394.6
1701,100.0,11.4,394.6
1702,100.0,11.4,394.6
1703,100.0,11.4,394.6
1704,100.0,11.4,394.6
1705,100.0,11.4,394.6
1706,100.0,11.4,394.6
1707,100.0,11.4,394.6
1708,100.0,11.4,394.6
1709,100.0,11.4,394.6
1710,100.0,11.4,394.6
1711,100.0,11.4,394.6
1712,100.0,11.4,394.6
1713,100.0,11.4,394.6
1714,100.0,11.4,394.6
1715,100.0,11.4,394.6
1716,100.0,11.4,394.6
1717,100.0,11.4,394.6
1718,100.0,11.4,394.6
1719,100.0,11.4,394.6
1720,100.0,11.4,394.6
1721,100.0,11.4,394.6
1722,100.0,11.4,394.6
1723,100.0,11.4,394.6
1724,100.0,11.4,394.6
1725,100.0,11.4,394.6
1726,100.0,11.4,394.6
1727,100.0,11.4,394.6
1728,100.0,11.4,394.6
1729,100.0,11.4,394.6
1730,100.0,11.4,394.6
1731,100.0,11.4,394.6
1732,100.0,11.4,394.6
1733,100.0,11.4,394.6
1734,100.0,11.4,394.6
1735,100.0,11.4,394.6
1736,100.0,11.4,394.6
1737,100.0,11.4,394.6
1738,100.0,11.4,394.6
1739,100.0,11.4,394.6
1740,100.0,11.4,394.6
1741,100.0,11.4,394.6
1742,100.0,11.4,394.6
1743,100.0,11.4,394.6
1744,100.0,11.4,394.6
1745,100.0,11.4,394.6
1746,100.0,11.4,394.6
1747,100.0,11.4,394.6
1748,100.0,11.4,394.6
1749,100.0,11.4,394.6
1750,100.0,11.4,394.6
1751,100.0,11.4,394.6
1752,100.0,11.4,394.6
1753,100.0,11.4,394.6
1754,100.0,11.4,394.6
1755,100.0,11.4,394.6
1756,100.0,11.4,394.6
1757,100.0,11.4,394.6
1758,100.0,11.4,394.6
1759,100.0,11.4,394.6
1760,100.0,11.4,394.6
1761,100.0,11.4,394.6
1762,100.0,11.4,394.6
1763,100.0,11.4,394.6
1764,100.0,11.4,394.6
1765,100.0,11.4,394.6
1766,100.0,11.4,394.6
1767,100.0,11.4,394.6
1768,100.0,11.4,394.6
1769,100.0,11.4,394.6
1770,100.0,11.4,394.6
1771,100.0,11.4,394.6
1772,100.0,11.4,394.6
1773,100.0,11.4,394.6
1774,100.0,11.4,394.6
1775,100.0,11.4,394.6
1776,100.0,11.4,394.6
1777,100.0,11.4,394.6
1778,100.0,11.4,394.6
1779,100.0,11.4,394.6
1780,100.0,11.4,394.6
1781,100.0,11.4,394.6
1782,100.0,11.4,394.6
1783,100.0,11.4,394.6
1784,100.0,11.4,394.6
1785,100.0,11.4,394.6
1786,100.0,11.4,394.6
1787,100.0,11.4,394.6
1788,100.0,11.4,394.6
1789,100.0,11.4,394.6
1790,100.0,11.4,394.6
1791,100.0,11.4,394.6
1792,100.0,11.4,394.6
1793,100.0,11.4,394.6
1794,100.0,11.4,394.6
1795,100.0,11.4,394.6
1796,100.0,11.4,394.6
1797,100.0,11.4,394.6
1798,100.0,11.4,394.6
1799,100.0,11.4,394.6
1800,100.0,11.4,394.6
1801,100.0,11.4,394.6
1802,100.0,11.4,394.6
1803,100.0,11.4,394.6
1804,100.0,11.4,394.6
1805,100.0,11.4,394.6
1806,100.0,11.4,394.6
1807,100.0,11.4,394.6
1808,100.0,11.4,394.6
1809,100.0,11.4,394.6
1810,100.0,11.4,394.6
1811,100.0,11.4,394.6
1812,100.0,11.4,394.6
1813,100.0,11.4,394.6
1814,100.0,11.4,394.6
1815,100.0,11.4,394.6
1816,100.0,11.4,394.6
1817,100.0,11.4,394.6
1818,100.0,11.4,394.6
1819,100.0,11.4,394.6
1820,100.0,11.4,394.6
1821,100.0,11.4,394.6
1822,100.0,11.4,394.6
1823,100.0,11.4,394.6
1824,100.0,11.4,394.6
1825,100.0,11.4,394.6
1826,100.0,11.4,394.6
1827,100.0,11.4,394.6
1828,100.0,11.4,394.6
1829,100.0,11.4,394.6
1830,100.0,11.4,394.6
1831,100.0,11.4,394.6
1832,100.0,11.4,394.6
1833,100.0,11.4,394.6
1834,100.0,11.4,394.6
1835,100.0,11.4,394.6
1836,100.0,11.4,394.6
1837,100.0,11.4,394.6
1838,100.0,11.4,394.6
1839,100.0,11.4,394.6
1840,100.0,11.4,394.6
1841,100.0,11.4,394.6
1842,100.0,11.4,394.6
1843,100.0,11.4,394.6
1844,100.0,11.4,394.6
1845,100.0,11.4,394.6
1846,100.0,11.4,394.6
1847,100.0,11.4,394.6
1848,100.0,11.4,394.6
1849,100.0,11.4,394.6
1850,100.0,11.4,394.6
1851,100.0,11.4,394.6
1852,100.0,11.4,394.6
1853,100.0,11.4,394.6
1854,100.0,11.4,394.6
1855,100.0,11.4,394.6
1856,100.0,11.4,394.6
1857,100.0,11.4,394.6
1858,100.0,11.4,394.6
1859,100.0,11.4,394.6
1860,100.0,11.4,394.6
1861,100.0,11.4,394.6
1862,100.0,11.4,394.6
1863,100.0,11.4,394.6
1864,100.0,11.4,394.6
1865,100.0,11.4,394.6
1866,100.0,11.4,394.6
1867,100.0,11.4,394.6
1868,100.0,11.4,394.6
1869,100.0,11.4,394.6
1870,100.0,11.4,394.6
1871,100.0,11.4,394.6
1872,100.0,11.4,394.6
1873,100.0,11.4,394.6
1874,100.0,11.4,394.6
1875,100.0,11.4,394.6
1876,100.0,11.4,394.6
1877,100.0,11.4,394.6
1878,100.0,11.4,394.6
1879,100.0,11.4,394.6
1880,100.0,11.4,394.6
1881,100.0,11.4,394.6
1882,100.0,11.4,394.6
1883,100.0,11.4,394.6
1884,100.0,11.4,394.6
1885,100.0,11.4,394.6
1886,100.0,11.4,394.6
1887,100.0,11.4,394.6
1888,100.0,11.4,394.6
1889,100.0,11.4,394.6
1890,100.0,11.4,394.6
1891,100.0,11.4,394.6
1892,100.0,11.4,394.6
1893,100.0,11.4,394.6
1894,100.0,11.4,394.6
1895,100.0,11.4,394.6
1896,100.0,11.4,394.6
1897,100.0,11.4,394.6
1898,100.0,11.4,394.6
1899,100.0,11.4,394.6
1900,100.0,11.4,394.6
1901,100.0,11.4,394.6
1902,100.0,11.4,394.6
1903,100.0,11.4,394.6
1904,100.0,11.4,394.6
1905,100.0,11.4,394.6
1906,100.0,11.4,394.6
1907,100.0,11.4,394.6
1908,100.0,11.4,394.6
1909,100.0,11.4,394.6
1910,100.0,11.4,394.6
1911,100.0,11.4,394.6
1912,100.0,11.4,394.6
1913,100.0,11.4,394.6
1914,100.0,11.4,394.6
1915,100.0,11.4,394.6
1916,100.0,11.4,394.6
1917,100.0,11.4,394.6
1918,100.0,11.4,394.6
1919,100.0,11.4,394.6
1920,100.0,11.4,394.6
1921,100.0,11.4,394.6
1922,100.0,11.4,394.6
1923,100.0,11.4,394.6
1924,100.0,11.4,394.6
1925,100.0,11.4,394.6
1926,100.0,11.4,394.6
1927,100.0,11.4,394.6
1928,100.0,11.4,394.6
1929,100.0,11.4,394.6
1930,100.0,11.4,394.6
1931,100.0,11.4,394.6
1932,100.0,11.4,394.6
1933,100.0,11.4,394.6
1934,100.0,11.4,394.6
1935,100.0,11.4,394.6
1936,100.0,11.4,394.6
1937,100.0,11.4,394.6
1938,100.0,11.4,394.6
1939,100.0,11.4,394.6
1940,100.0,11.4,394.6
1941,100.0,11.4,394.6
1942,100.0,11.4,394.6
1943,100.0,11.4,394.6
1944,100.0,11.4,394.6
1945,100.0,11.4,394.6
1946,100.0,11.4,394.6
1947,100.0,11.4,394.6
1948,100.0,11.4,394.6
1949,100.0,11.4,394.6
1950,100.0,11.4,394.6
1951,100.0,11.4,394.6
1952,100.0,11.4,394.6
1953,100.0,11.4,394.6
1954,100.0,11.4,394.6
1955,100.0,11.4,394.6
1956,100.0,11.4,394.6
1957,100.0,11.4,394.6
1958,100.0,11.4,394.6
1959,100.0,11.4,394.6
1960,100.0,11.4,394.6
1961,100.0,11.4,394.6
1962,100.0,11.4,394.6
1963,100.0,11.4,394.6
1964,100.0,11.4,394.6
1965,100.0,11.4,394.6
1966,100.0,11.4,394.6
1967,100.0,11.4,394.6
1968,100.0,11.4,394.6
1969,100.0,11.4,394.6
1970,100.0,11.4,394.6
1971,100.0,11.4,394.6
1972,100.0,11.4,394.6
1973,100.0,11.4,394.6
1974,100.0,11.4,394.6
1975,100.0,11.4,394.6
1976,100.0,11.4,394.6
1977,100.0,11.4,394.6
1978,100.0,11.4,394.6
1979,100.0,11.4,394.6
1980,100.0,11.4,394.6
1981,100.0,11.4,394.6
1982,100.0,11.4,394.6
1983,100.0,11.4,394.6
1984,100.0,11.4,394.6
1985,100.0,11.4,394.6
1986,100.0,11.4,394.6
1987,100.0,11.4,394.6
1988,100.0,11.4,394.6
1989,100.0,11.4,394.6
1990,100.0,11.4,394.6
1991,100.0,11.4,394.6
1992,100.0,11.4,394.6
1993,100.0,11.4,394.6
1994,100.0,11.4,394.6
1995,100.0,11.4,394.6
1996,100.0,11.4,394.6
1997,100.0,11.4,394.6
1998,100.0,11.4,394.6
1999,100.0,11.4,394.6
2000,100.0,11.4,394.6
2001,100.0,11.4,394.6
2002,100.0,11.4,394.6
2003,100.0,11.4,394.6
2004,100.0,11.4,394.6
2005,100.0,11.4,394.6
2006,100.0,11.4,394.6
2007,100.0,11.4,394.6
2008,100.0,11.4,394.6
2009,100.0,11.4,394.6
2010,100.0,11.4,394.6
2011,100.0,11.4,394.6
2012,100.0,11.4,394.6
2013,100.0,11.4,394.6
2014,100.0,11.4,394.6
2015,100.0,11.4,394.6
2016,100.0,11.4,394.6
2017,100.0,11.4,394.6
2018,100.0,11.4,394.6
2019,100.0,11.4,394.6
2020,100.0,11.4,394.6
2021,100.0,11.4,394.6
2022,100.0,11.4,394.6
2023,100.0,11.4,394.6
2024,100.0,11.4,394.6
2025,100.0,11.4,394.6
2026,100.0,11.4,394.6
2027,100.0,11.4,394.6
2028,100.0,11.4,394.6
2029,100.0,11.4,394.6
2030,100.0,11.4,394.6
2031,100.0,11.4,394.6
2032,100.0,11.4,394.6
2033,100.0,11.4,394.6
2034,100.0,11.4,394.6
2035,100.0,11.4,394.6
2036,100.0,11.4,394.6
2037,100.0,11.4,394.6
2038,100.0,11.4,394.6
2039,100.0,11.4,394.6
2040,100.0,11.4,394.6
2041,100.0,11.4,394.6
2042,100.0,11.4,394.6
2043,100.0,11.4,394.6
2044,100.0,11.4,394.6
2045,100.0,11.4,394.6
2046,100.0,11.4,394.6
2047,100.0,11.4,394.6
