Channel	ROC	FEB	FEBchannel
0	1	1	0
1	1	3	0
2	1	1	1
3	1	3	1
4	1	1	2
5	1	3	2
6	1	1	3
7	1	3	3
8	1	1	4
9	1	3	4
10	1	1	5
11	1	3	5
12	1	1	6
13	1	3	6
14	1	1	7
15	1	3	7
16	1	1	8
17	1	3	8
18	1	1	9
19	1	3	9
20	1	1	10
21	1	3	10
22	1	1	11
23	1	3	11
24	1	1	12
25	1	3	12
26	1	1	13
27	1	3	13
28	1	1	14
29	1	3	14
30	1	1	15
31	1	3	15
32	1	1	16
33	1	3	16
34	1	1	17
35	1	3	17
36	1	1	18
37	1	3	18
38	1	1	19
39	1	3	19
40	1	1	20
41	1	3	20
42	1	1	21
43	1	3	21
44	1	1	22
45	1	3	22
46	1	1	23
47	1	3	23
48	1	1	24
49	1	3	24
50	1	1	25
51	1	3	25
52	1	1	26
53	1	3	26
54	1	1	27
55	1	3	27
56	1	1	28
57	1	3	28
58	1	1	29
59	1	3	29
60	1	1	30
61	1	3	30
62	1	1	31
63	1	3	31
64	1	1	32
65	1	3	32
66	1	1	33
67	1	3	33
68	1	1	34
69	1	3	34
70	1	1	35
71	1	3	35
72	1	1	36
73	1	3	36
74	1	1	37
75	1	3	37
76	1	1	38
77	1	3	38
78	1	1	39
79	1	3	39
80	1	1	40
81	1	3	40
82	1	1	41
83	1	3	41
84	1	1	42
85	1	3	42
86	1	1	43
87	1	3	43
88	1	1	44
89	1	3	44
90	1	1	45
91	1	3	45
92	1	1	46
93	1	3	46
94	1	1	47
95	1	3	47
96	1	1	48
97	1	3	48
98	1	1	49
99	1	3	49
100	1	1	50
101	1	3	50
102	1	1	51
103	1	3	51
104	1	1	52
105	1	3	52
106	1	1	53
107	1	3	53
108	1	1	54
109	1	3	54
110	1	1	55
111	1	3	55
112	1	1	56
113	1	3	56
114	1	1	57
115	1	3	57
116	1	1	58
117	1	3	58
118	1	1	59
119	1	3	59
120	1	1	60
121	1	3	60
122	1	1	61
123	1	3	61
124	1	1	62
125	1	3	62
126	1	1	63
127	1	3	63
128	1	1	0
129	1	3	0
130	1	2	1
131	1	4	1
132	1	2	2
133	1	4	2
134	1	2	3
135	1	4	3
136	1	2	4
137	1	4	4
138	1	2	5
139	1	4	5
140	1	2	6
141	1	4	6
142	1	2	7
143	1	4	7
144	1	2	8
145	1	4	8
146	1	2	9
147	1	4	9
148	1	2	10
149	1	4	10
150	1	2	11
151	1	4	11
152	1	2	12
153	1	4	12
154	1	2	13
155	1	4	13
156	1	2	14
157	1	4	14
158	1	2	15
159	1	4	15
160	1	2	16
161	1	4	16
162	1	2	17
163	1	4	17
164	1	2	18
165	1	4	18
166	1	2	19
167	1	4	19
168	1	2	20
169	1	4	20
170	1	2	21
171	1	4	21
172	1	2	22
173	1	4	22
174	1	2	23
175	1	4	23
176	1	2	24
177	1	4	24
178	1	2	25
179	1	4	25
180	1	2	26
181	1	4	26
182	1	2	27
183	1	4	27
184	1	2	28
185	1	4	28
186	1	2	29
187	1	4	29
188	1	2	30
189	1	4	30
190	1	2	31
191	1	4	31
192	1	2	32
193	1	4	32
194	1	2	33
195	1	4	33
196	1	2	34
197	1	4	34
198	1	2	35
199	1	4	35
200	1	2	36
201	1	4	36
202	1	2	37
203	1	4	37
204	1	2	38
205	1	4	38
206	1	2	39
207	1	4	39
208	1	2	40
209	1	4	40
210	1	2	41
211	1	4	41
212	1	2	42
213	1	4	42
214	1	2	43
215	1	4	43
216	1	2	44
217	1	4	44
218	1	2	45
219	1	4	45
220	1	2	46
221	1	4	46
222	1	2	47
223	1	4	47
224	1	2	48
225	1	4	48
226	1	2	49
227	1	4	49
228	1	2	50
229	1	4	50
230	1	2	51
231	1	4	51
232	1	2	52
233	1	4	52
234	1	2	53
235	1	4	53
236	1	2	54
237	1	4	54
238	1	2	55
239	1	4	55
240	1	2	56
241	1	4	56
242	1	2	57
243	1	4	57
244	1	2	58
245	1	4	58
246	1	2	59
247	1	4	59
248	1	2	60
249	1	4	60
250	1	2	61
251	1	4	61
252	1	2	62
253	1	4	62
254	1	2	63
255	1	4	63
256	1	5	0
257	1	7	0
258	1	5	1
259	1	7	1
260	1	5	2
261	1	7	2
262	1	5	3
263	1	7	3
264	1	5	4
265	1	7	4
266	1	5	5
267	1	7	5
268	1	5	6
269	1	7	6
270	1	5	7
271	1	7	7
272	1	5	8
273	1	7	8
274	1	5	9
275	1	7	9
276	1	5	10
277	1	7	10
278	1	5	11
279	1	7	11
280	1	5	12
281	1	7	12
282	1	5	13
283	1	7	13
284	1	5	14
285	1	7	14
286	1	5	15
287	1	7	15
288	1	5	16
289	1	7	16
290	1	5	17
291	1	7	17
292	1	5	18
293	1	7	18
294	1	5	19
295	1	7	19
296	1	5	20
297	1	7	20
298	1	5	21
299	1	7	21
300	1	5	22
301	1	7	22
302	1	5	23
303	1	7	23
304	1	5	24
305	1	7	24
306	1	5	25
307	1	7	25
308	1	5	26
309	1	7	26
310	1	5	27
311	1	7	27
312	1	5	28
313	1	7	28
314	1	5	29
315	1	7	29
316	1	5	30
317	1	7	30
318	1	5	31
319	1	7	31
320	1	5	32
321	1	7	32
322	1	5	33
323	1	7	33
324	1	5	34
325	1	7	34
326	1	5	35
327	1	7	35
328	1	5	36
329	1	7	36
330	1	5	37
331	1	7	37
332	1	5	38
333	1	7	38
334	1	5	39
335	1	7	39
336	1	5	40
337	1	7	40
338	1	5	41
339	1	7	41
340	1	5	42
341	1	7	42
342	1	5	43
343	1	7	43
344	1	5	44
345	1	7	44
346	1	5	45
347	1	7	45
348	1	5	46
349	1	7	46
350	1	5	47
351	1	7	47
352	1	5	48
353	1	7	48
354	1	5	49
355	1	7	49
356	1	5	50
357	1	7	50
358	1	5	51
359	1	7	51
360	1	5	52
361	1	7	52
362	1	5	53
363	1	7	53
364	1	5	54
365	1	7	54
366	1	5	55
367	1	7	55
368	1	5	56
369	1	7	56
370	1	5	57
371	1	7	57
372	1	5	58
373	1	7	58
374	1	5	59
375	1	7	59
376	1	5	60
377	1	7	60
378	1	5	61
379	1	7	61
380	1	5	62
381	1	7	62
382	1	5	63
383	1	7	63
384	1	6	0
385	1	8	0
386	1	6	1
387	1	8	1
388	1	6	2
389	1	8	2
390	1	6	3
391	1	8	3
392	1	6	4
393	1	8	4
394	1	6	5
395	1	8	5
396	1	6	6
397	1	8	6
398	1	6	7
399	1	8	7
400	1	6	8
401	1	8	8
402	1	6	9
403	1	8	9
404	1	6	10
405	1	8	10
406	1	6	11
407	1	8	11
408	1	6	12
409	1	8	12
410	1	6	13
411	1	8	13
412	1	6	14
413	1	8	14
414	1	6	15
415	1	8	15
416	1	6	16
417	1	8	16
418	1	6	17
419	1	8	17
420	1	6	18
421	1	8	18
422	1	6	19
423	1	8	19
424	1	6	20
425	1	8	20
426	1	6	21
427	1	8	21
428	1	6	22
429	1	8	22
430	1	6	23
431	1	8	23
432	1	6	24
433	1	8	24
434	1	6	25
435	1	8	25
436	1	6	26
437	1	8	26
438	1	6	27
439	1	8	27
440	1	6	28
441	1	8	28
442	1	6	29
443	1	8	29
444	1	6	30
445	1	8	30
446	1	6	31
447	1	8	31
448	1	6	32
449	1	8	32
450	1	6	33
451	1	8	33
452	1	6	34
453	1	8	34
454	1	6	35
455	1	8	35
456	1	6	36
457	1	8	36
458	1	6	37
459	1	8	37
460	1	6	38
461	1	8	38
462	1	6	39
463	1	8	39
464	1	6	40
465	1	8	40
466	1	6	41
467	1	8	41
468	1	6	42
469	1	8	42
470	1	6	43
471	1	8	43
472	1	6	44
473	1	8	44
474	1	6	45
475	1	8	45
476	1	6	46
477	1	8	46
478	1	6	47
479	1	8	47
480	1	6	48
481	1	8	48
482	1	6	49
483	1	8	49
484	1	6	50
485	1	8	50
486	1	6	51
487	1	8	51
488	1	6	52
489	1	8	52
490	1	6	53
491	1	8	53
492	1	6	54
493	1	8	54
494	1	6	55
495	1	8	55
496	1	6	56
497	1	8	56
498	1	6	57
499	1	8	57
500	1	6	58
501	1	8	58
502	1	6	59
503	1	8	59
504	1	6	60
505	1	8	60
506	1	6	61
507	1	8	61
508	1	6	62
509	1	8	62
510	1	6	63
511	1	8	63
512	1	9	0
513	1	11	0
514	1	9	1
515	1	11	1
516	1	9	2
517	1	11	2
518	1	9	3
519	1	11	3
520	1	9	4
521	1	11	4
522	1	9	5
523	1	11	5
524	1	9	6
525	1	11	6
526	1	9	7
527	1	11	7
528	1	9	8
529	1	11	8
530	1	9	9
531	1	11	9
532	1	9	10
533	1	11	10
534	1	9	11
535	1	11	11
536	1	9	12
537	1	11	12
538	1	9	13
539	1	11	13
540	1	9	14
541	1	11	14
542	1	9	15
543	1	11	15
544	1	9	16
545	1	11	16
546	1	9	17
547	1	11	17
548	1	9	18
549	1	11	18
550	1	9	19
551	1	11	19
552	1	9	20
553	1	11	20
554	1	9	21
555	1	11	21
556	1	9	22
557	1	11	22
558	1	9	23
559	1	11	23
560	1	9	24
561	1	11	24
562	1	9	25
563	1	11	25
564	1	9	26
565	1	11	26
566	1	9	27
567	1	11	27
568	1	9	28
569	1	11	28
570	1	9	29
571	1	11	29
572	1	9	30
573	1	11	30
574	1	9	31
575	1	11	31
576	1	9	32
577	1	11	32
578	1	9	33
579	1	11	33
580	1	9	34
581	1	11	34
582	1	9	35
583	1	11	35
584	1	9	36
585	1	11	36
586	1	9	37
587	1	11	37
588	1	9	38
589	1	11	38
590	1	9	39
591	1	11	39
592	1	9	40
593	1	11	40
594	1	9	41
595	1	11	41
596	1	9	42
597	1	11	42
598	1	9	43
599	1	11	43
600	1	9	44
601	1	11	44
602	1	9	45
603	1	11	45
604	1	9	46
605	1	11	46
606	1	9	47
607	1	11	47
608	1	9	48
609	1	11	48
610	1	9	49
611	1	11	49
612	1	9	50
613	1	11	50
614	1	9	51
615	1	11	51
616	1	9	52
617	1	11	52
618	1	9	53
619	1	11	53
620	1	9	54
621	1	11	54
622	1	9	55
623	1	11	55
624	1	9	56
625	1	11	56
626	1	9	57
627	1	11	57
628	1	9	58
629	1	11	58
630	1	9	59
631	1	11	59
632	1	9	60
633	1	11	60
634	1	9	61
635	1	11	61
636	1	9	62
637	1	11	62
638	1	9	63
639	1	11	63
640	1	10	0
641	1	12	0
642	1	10	1
643	1	12	1
644	1	10	2
645	1	12	2
646	1	10	3
647	1	12	3
648	1	10	4
649	1	12	4
650	1	10	5
651	1	12	5
652	1	10	6
653	1	12	6
654	1	10	7
655	1	12	7
656	1	10	8
657	1	12	8
658	1	10	9
659	1	12	9
660	1	10	10
661	1	12	10
662	1	10	11
663	1	12	11
664	1	10	12
665	1	12	12
666	1	10	13
667	1	12	13
668	1	10	14
669	1	12	14
670	1	10	15
671	1	12	15
672	1	10	16
673	1	12	16
674	1	10	17
675	1	12	17
676	1	10	18
677	1	12	18
678	1	10	19
679	1	12	19
680	1	10	20
681	1	12	20
682	1	10	21
683	1	12	21
684	1	10	22
685	1	12	22
686	1	10	23
687	1	12	23
688	1	10	24
689	1	12	24
690	1	10	25
691	1	12	25
692	1	10	26
693	1	12	26
694	1	10	27
695	1	12	27
696	1	10	28
697	1	12	28
698	1	10	29
699	1	12	29
700	1	10	30
701	1	12	30
702	1	10	31
703	1	12	31
704	1	10	32
705	1	12	32
706	1	10	33
707	1	12	33
708	1	10	34
709	1	12	34
710	1	10	35
711	1	12	35
712	1	10	36
713	1	12	36
714	1	10	37
715	1	12	37
716	1	10	38
717	1	12	38
718	1	10	39
719	1	12	39
720	1	10	40
721	1	12	40
722	1	10	41
723	1	12	41
724	1	10	42
725	1	12	42
726	1	10	43
727	1	12	43
728	1	10	44
729	1	12	44
730	1	10	45
731	1	12	45
732	1	10	46
733	1	12	46
734	1	10	47
735	1	12	47
736	1	10	48
737	1	12	48
738	1	10	49
739	1	12	49
740	1	10	50
741	1	12	50
742	1	10	51
743	1	12	51
744	1	10	52
745	1	12	52
746	1	10	53
747	1	12	53
748	1	10	54
749	1	12	54
750	1	10	55
751	1	12	55
752	1	10	56
753	1	12	56
754	1	10	57
755	1	12	57
756	1	10	58
757	1	12	58
758	1	10	59
759	1	12	59
760	1	10	60
761	1	12	60
762	1	10	61
763	1	12	61
764	1	10	62
765	1	12	62
766	1	10	63
767	1	12	63
768	1	13	0
769	1	15	0
770	1	13	1
771	1	15	1
772	1	13	2
773	1	15	2
774	1	13	3
775	1	15	3
776	1	13	4
777	1	15	4
778	1	13	5
779	1	15	5
780	1	13	6
781	1	15	6
782	1	13	7
783	1	15	7
784	1	13	8
785	1	15	8
786	1	13	9
787	1	15	9
788	1	13	10
789	1	15	10
790	1	13	11
791	1	15	11
792	1	13	12
793	1	15	12
794	1	13	13
795	1	15	13
796	1	13	14
797	1	15	14
798	1	13	15
799	1	15	15
800	1	13	16
801	1	15	16
802	1	13	17
803	1	15	17
804	1	13	18
805	1	15	18
806	1	13	19
807	1	15	19
808	1	13	20
809	1	15	20
810	1	13	21
811	1	15	21
812	1	13	22
813	1	15	22
814	1	13	23
815	1	15	23
816	1	13	24
817	1	15	24
818	1	13	25
819	1	15	25
820	1	13	26
821	1	15	26
822	1	13	27
823	1	15	27
824	1	13	28
825	1	15	28
826	1	13	29
827	1	15	29
828	1	13	30
829	1	15	30
830	1	13	31
831	1	15	31
832	1	13	32
833	1	15	32
834	1	13	33
835	1	15	33
836	1	13	34
837	1	15	34
838	1	13	35
839	1	15	35
840	1	13	36
841	1	15	36
842	1	13	37
843	1	15	37
844	1	13	38
845	1	15	38
846	1	13	39
847	1	15	39
848	1	13	40
849	1	15	40
850	1	13	41
851	1	15	41
852	1	13	42
853	1	15	42
854	1	13	43
855	1	15	43
856	1	13	44
857	1	15	44
858	1	13	45
859	1	15	45
860	1	13	46
861	1	15	46
862	1	13	47
863	1	15	47
864	1	13	48
865	1	15	48
866	1	13	49
867	1	15	49
868	1	13	50
869	1	15	50
870	1	13	51
871	1	15	51
872	1	13	52
873	1	15	52
874	1	13	53
875	1	15	53
876	1	13	54
877	1	15	54
878	1	13	55
879	1	15	55
880	1	13	56
881	1	15	56
882	1	13	57
883	1	15	57
884	1	13	58
885	1	15	58
886	1	13	59
887	1	15	59
888	1	13	60
889	1	15	60
890	1	13	61
891	1	15	61
892	1	13	62
893	1	15	62
894	1	13	63
895	1	15	63
896	1	14	0
897	1	16	0
898	1	14	1
899	1	16	1
900	1	14	2
901	1	16	2
902	1	14	3
903	1	16	3
904	1	14	4
905	1	16	4
906	1	14	5
907	1	16	5
908	1	14	6
909	1	16	6
910	1	14	7
911	1	16	7
912	1	14	8
913	1	16	8
914	1	14	9
915	1	16	9
916	1	14	10
917	1	16	10
918	1	14	11
919	1	16	11
920	1	14	12
921	1	16	12
922	1	14	13
923	1	16	13
924	1	14	14
925	1	16	14
926	1	14	15
927	1	16	15
928	1	14	16
929	1	16	16
930	1	14	17
931	1	16	17
932	1	14	18
933	1	16	18
934	1	14	19
935	1	16	19
936	1	14	20
937	1	16	20
938	1	14	21
939	1	16	21
940	1	14	22
941	1	16	22
942	1	14	23
943	1	16	23
944	1	14	24
945	1	16	24
946	1	14	25
947	1	16	25
948	1	14	26
949	1	16	26
950	1	14	27
951	1	16	27
952	1	14	28
953	1	16	28
954	1	14	29
955	1	16	29
956	1	14	30
957	1	16	30
958	1	14	31
959	1	16	31
960	1	14	32
961	1	16	32
962	1	14	33
963	1	16	33
964	1	14	34
965	1	16	34
966	1	14	35
967	1	16	35
968	1	14	36
969	1	16	36
970	1	14	37
971	1	16	37
972	1	14	38
973	1	16	38
974	1	14	39
975	1	16	39
976	1	14	40
977	1	16	40
978	1	14	41
979	1	16	41
980	1	14	42
981	1	16	42
982	1	14	43
983	1	16	43
984	1	14	44
985	1	16	44
986	1	14	45
987	1	16	45
988	1	14	46
989	1	16	46
990	1	14	47
991	1	16	47
992	1	14	48
993	1	16	48
994	1	14	49
995	1	16	49
996	1	14	50
997	1	16	50
998	1	14	51
999	1	16	51
1000	1	14	52
1001	1	16	52
1002	1	14	53
1003	1	16	53
1004	1	14	54
1005	1	16	54
1006	1	14	55
1007	1	16	55
1008	1	14	56
1009	1	16	56
1010	1	14	57
1011	1	16	57
1012	1	14	58
1013	1	16	58
1014	1	14	59
1015	1	16	59
1016	1	14	60
1017	1	16	60
1018	1	14	61
1019	1	16	61
1020	1	14	62
1021	1	16	62
1022	1	14	63
1023	1	16	63
1024	2	1	0
1026	2	1	1
1028	2	1	2
1030	2	1	3
1032	2	1	4
1034	2	1	5
1036	2	1	6
1038	2	1	7
1040	2	1	8
1042	2	1	9
1044	2	1	10
1046	2	1	11
1048	2	1	12
1050	2	1	13
1052	2	1	14
1054	2	1	15
1056	2	1	16
1058	2	1	17
1060	2	1	18
1062	2	1	19
1064	2	1	20
1066	2	1	21
1068	2	1	22
1070	2	1	23
1072	2	1	24
1074	2	1	25
1076	2	1	26
1078	2	1	27
1080	2	1	28
1082	2	1	29
1084	2	1	30
1086	2	1	31
1088	2	1	32
1090	2	1	33
1092	2	1	34
1094	2	1	35
1096	2	1	36
1098	2	1	37
1100	2	1	38
1102	2	1	39
1104	2	1	40
1106	2	1	41
1108	2	1	42
1110	2	1	43
1112	2	1	44
1114	2	1	45
1116	2	1	46
1118	2	1	47
1120	2	1	48
1122	2	1	49
1124	2	1	50
1126	2	1	51
1128	2	1	52
1130	2	1	53
1132	2	1	54
1134	2	1	55
1136	2	1	56
1138	2	1	57
1140	2	1	58
1142	2	1	59
1144	2	1	60
1146	2	1	61
1148	2	1	62
1150	2	1	63
1152	2	2	0
1154	2	2	1
1156	2	2	2
1158	2	2	3
1160	2	2	4
1162	2	2	5
1164	2	2	6
1166	2	2	7
1168	2	2	8
1170	2	2	9
1172	2	2	10
1174	2	2	11
1176	2	2	12
1178	2	2	13
1180	2	2	14
1182	2	2	15
1184	2	2	16
1186	2	2	17
1188	2	2	18
1190	2	2	19
1192	2	2	20
1194	2	2	21
1196	2	2	22
1198	2	2	23
1200	2	2	24
1202	2	2	25
1204	2	2	26
1206	2	2	27
1208	2	2	28
1210	2	2	29
1212	2	2	30
1214	2	2	31
1216	2	2	32
1218	2	2	33
1220	2	2	34
1222	2	2	35
1224	2	2	36
1226	2	2	37
1228	2	2	38
1230	2	2	39
1232	2	2	40
1234	2	2	41
1236	2	2	42
1238	2	2	43
1240	2	2	44
1242	2	2	45
1244	2	2	46
1246	2	2	47
1248	2	2	48
1250	2	2	49
1252	2	2	50
1254	2	2	51
1256	2	2	52
1258	2	2	53
1260	2	2	54
1262	2	2	55
1264	2	2	56
1266	2	2	57
1268	2	2	58
1270	2	2	59
1272	2	2	60
1274	2	2	61
1276	2	2	62
1278	2	2	63
1280	2	3	0
1282	2	3	1
1284	2	3	2
1286	2	3	3
1288	2	3	4
1290	2	3	5
1292	2	3	6
1294	2	3	7
1296	2	3	8
1298	2	3	9
1300	2	3	10
1302	2	3	11
1304	2	3	12
1306	2	3	13
1308	2	3	14
1310	2	3	15
1312	2	3	16
1314	2	3	17
1316	2	3	18
1318	2	3	19
1320	2	3	20
1322	2	3	21
1324	2	3	22
1326	2	3	23
1328	2	3	24
1330	2	3	25
1332	2	3	26
1334	2	3	27
1336	2	3	28
1338	2	3	29
1340	2	3	30
1342	2	3	31
1344	2	3	32
1346	2	3	33
1348	2	3	34
1350	2	3	35
1352	2	3	36
1354	2	3	37
1356	2	3	38
1358	2	3	39
1360	2	3	40
1362	2	3	41
1364	2	3	42
1366	2	3	43
1368	2	3	44
1370	2	3	45
1372	2	3	46
1374	2	3	47
1376	2	3	48
1378	2	3	49
1380	2	3	50
1382	2	3	51
1384	2	3	52
1386	2	3	53
1388	2	3	54
1390	2	3	55
1392	2	3	56
1394	2	3	57
1396	2	3	58
1398	2	3	59
1400	2	3	60
1402	2	3	61
1404	2	3	62
1406	2	3	63
1408	2	4	0
1410	2	4	1
1412	2	4	2
1414	2	4	3
1416	2	4	4
1418	2	4	5
1420	2	4	6
1422	2	4	7
1424	2	4	8
1426	2	4	9
1428	2	4	10
1430	2	4	11
1432	2	4	12
1434	2	4	13
1436	2	4	14
1438	2	4	15
1440	2	4	16
1442	2	4	17
1444	2	4	18
1446	2	4	19
1448	2	4	20
1450	2	4	21
1452	2	4	22
1454	2	4	23
1456	2	4	24
1458	2	4	25
1460	2	4	26
1462	2	4	27
1464	2	4	28
1466	2	4	29
1468	2	4	30
1470	2	4	31
1472	2	4	32
1474	2	4	33
1476	2	4	34
1478	2	4	35
1480	2	4	36
1482	2	4	37
1484	2	4	38
1486	2	4	39
1488	2	4	40
1490	2	4	41
1492	2	4	42
1494	2	4	43
1496	2	4	44
1498	2	4	45
1500	2	4	46
1502	2	4	47
1504	2	4	48
1506	2	4	49
1508	2	4	50
1510	2	4	51
1512	2	4	52
1514	2	4	53
1516	2	4	54
1518	2	4	55
1520	2	4	56
1522	2	4	57
1524	2	4	58
1526	2	4	59
1528	2	4	60
1530	2	4	61
1532	2	4	62
1534	2	4	63
1536	2	5	0
1537	2	7	0
1538	2	5	1
1539	2	7	1
1540	2	5	2
1541	2	7	2
1542	2	5	3
1543	2	7	3
1544	2	5	4
1545	2	7	4
1546	2	5	5
1547	2	7	5
1548	2	5	6
1549	2	7	6
1550	2	5	7
1551	2	7	7
1552	2	5	8
1553	2	7	8
1554	2	5	9
1555	2	7	9
1556	2	5	10
1557	2	7	10
1558	2	5	11
1559	2	7	11
1560	2	5	12
1561	2	7	12
1562	2	5	13
1563	2	7	13
1564	2	5	14
1565	2	7	14
1566	2	5	15
1567	2	7	15
1568	2	5	16
1569	2	7	16
1570	2	5	17
1571	2	7	17
1572	2	5	18
1573	2	7	18
1574	2	5	19
1575	2	7	19
1576	2	5	20
1577	2	7	20
1578	2	5	21
1579	2	7	21
1580	2	5	22
1581	2	7	22
1582	2	5	23
1583	2	7	23
1584	2	5	24
1585	2	7	24
1586	2	5	25
1587	2	7	25
1588	2	5	26
1589	2	7	26
1590	2	5	27
1591	2	7	27
1592	2	5	28
1593	2	7	28
1594	2	5	29
1595	2	7	29
1596	2	5	30
1597	2	7	30
1598	2	5	31
1599	2	7	31
1600	2	5	32
1601	2	7	32
1602	2	5	33
1603	2	7	33
1604	2	5	34
1605	2	7	34
1606	2	5	35
1607	2	7	35
1608	2	5	36
1609	2	7	36
1610	2	5	37
1611	2	7	37
1612	2	5	38
1613	2	7	38
1614	2	5	39
1615	2	7	39
1616	2	5	40
1617	2	7	40
1618	2	5	41
1619	2	7	41
1620	2	5	42
1621	2	7	42
1622	2	5	43
1623	2	7	43
1624	2	5	44
1625	2	7	44
1626	2	5	45
1627	2	7	45
1628	2	5	46
1629	2	7	46
1630	2	5	47
1631	2	7	47
1632	2	5	48
1633	2	7	48
1634	2	5	49
1635	2	7	49
1636	2	5	50
1637	2	7	50
1638	2	5	51
1639	2	7	51
1640	2	5	52
1641	2	7	52
1642	2	5	53
1643	2	7	53
1644	2	5	54
1645	2	7	54
1646	2	5	55
1647	2	7	55
1648	2	5	56
1649	2	7	56
1650	2	5	57
1651	2	7	57
1652	2	5	58
1653	2	7	58
1654	2	5	59
1655	2	7	59
1656	2	5	60
1657	2	7	60
1658	2	5	61
1659	2	7	61
1660	2	5	62
1661	2	7	62
1662	2	5	63
1663	2	7	63
1664	2	6	0
1665	2	8	0
1666	2	6	1
1667	2	8	1
1668	2	6	2
1669	2	8	2
1670	2	6	3
1671	2	8	3
1672	2	6	4
1673	2	8	4
1674	2	6	5
1675	2	8	5
1676	2	6	6
1677	2	8	6
1678	2	6	7
1679	2	8	7
1680	2	6	8
1681	2	8	8
1682	2	6	9
1683	2	8	9
1684	2	6	10
1685	2	8	10
1686	2	6	11
1687	2	8	11
1688	2	6	12
1689	2	8	12
1690	2	6	13
1691	2	8	13
1692	2	6	14
1693	2	8	14
1694	2	6	15
1695	2	8	15
1696	2	6	16
1697	2	8	16
1698	2	6	17
1699	2	8	17
1700	2	6	18
1701	2	8	18
1702	2	6	19
1703	2	8	19
1704	2	6	20
1705	2	8	20
1706	2	6	21
1707	2	8	21
1708	2	6	22
1709	2	8	22
1710	2	6	23
1711	2	8	23
1712	2	6	24
1713	2	8	24
1714	2	6	25
1715	2	8	25
1716	2	6	26
1717	2	8	26
1718	2	6	27
1719	2	8	27
1720	2	6	28
1721	2	8	28
1722	2	6	29
1723	2	8	29
1724	2	6	30
1725	2	8	30
1726	2	6	31
1727	2	8	31
1728	2	6	32
1729	2	8	32
1730	2	6	33
1731	2	8	33
1732	2	6	34
1733	2	8	34
1734	2	6	35
1735	2	8	35
1736	2	6	36
1737	2	8	36
1738	2	6	37
1739	2	8	37
1740	2	6	38
1741	2	8	38
1742	2	6	39
1743	2	8	39
1744	2	6	40
1745	2	8	40
1746	2	6	41
1747	2	8	41
1748	2	6	42
1749	2	8	42
1750	2	6	43
1751	2	8	43
1752	2	6	44
1753	2	8	44
1754	2	6	45
1755	2	8	45
1756	2	6	46
1757	2	8	46
1758	2	6	47
1759	2	8	47
1760	2	6	48
1761	2	8	48
1762	2	6	49
1763	2	8	49
1764	2	6	50
1765	2	8	50
1766	2	6	51
1767	2	8	51
1768	2	6	52
1769	2	8	52
1770	2	6	53
1771	2	8	53
1772	2	6	54
1773	2	8	54
1774	2	6	55
1775	2	8	55
1776	2	6	56
1777	2	8	56
1778	2	6	57
1779	2	8	57
1780	2	6	58
1781	2	8	58
1782	2	6	59
1783	2	8	59
1784	2	6	60
1785	2	8	60
1786	2	6	61
1787	2	8	61
1788	2	6	62
1789	2	8	62
1790	2	6	63
1791	2	8	63
1792	2	9	0
1793	2	11	0
1794	2	9	1
1795	2	11	1
1796	2	9	2
1797	2	11	2
1798	2	9	3
1799	2	11	3
1800	2	9	4
1801	2	11	4
1802	2	9	5
1803	2	11	5
1804	2	9	6
1805	2	11	6
1806	2	9	7
1807	2	11	7
1808	2	9	8
1809	2	11	8
1810	2	9	9
1811	2	11	9
1812	2	9	10
1813	2	11	10
1814	2	9	11
1815	2	11	11
1816	2	9	12
1817	2	11	12
1818	2	9	13
1819	2	11	13
1820	2	9	14
1821	2	11	14
1822	2	9	15
1823	2	11	15
1824	2	9	16
1825	2	11	16
1826	2	9	17
1827	2	11	17
1828	2	9	18
1829	2	11	18
1830	2	9	19
1831	2	11	19
1832	2	9	20
1833	2	11	20
1834	2	9	21
1835	2	11	21
1836	2	9	22
1837	2	11	22
1838	2	9	23
1839	2	11	23
1840	2	9	24
1841	2	11	24
1842	2	9	25
1843	2	11	25
1844	2	9	26
1845	2	11	26
1846	2	9	27
1847	2	11	27
1848	2	9	28
1849	2	11	28
1850	2	9	29
1851	2	11	29
1852	2	9	30
1853	2	11	30
1854	2	9	31
1855	2	11	31
1856	2	9	32
1857	2	11	32
1858	2	9	33
1859	2	11	33
1860	2	9	34
1861	2	11	34
1862	2	9	35
1863	2	11	35
1864	2	9	36
1865	2	11	36
1866	2	9	37
1867	2	11	37
1868	2	9	38
1869	2	11	38
1870	2	9	39
1871	2	11	39
1872	2	9	40
1873	2	11	40
1874	2	9	41
1875	2	11	41
1876	2	9	42
1877	2	11	42
1878	2	9	43
1879	2	11	43
1880	2	9	44
1881	2	11	44
1882	2	9	45
1883	2	11	45
1884	2	9	46
1885	2	11	46
1886	2	9	47
1887	2	11	47
1888	2	9	48
1889	2	11	48
1890	2	9	49
1891	2	11	49
1892	2	9	50
1893	2	11	50
1894	2	9	51
1895	2	11	51
1896	2	9	52
1897	2	11	52
1898	2	9	53
1899	2	11	53
1900	2	9	54
1901	2	11	54
1902	2	9	55
1903	2	11	55
1904	2	9	56
1905	2	11	56
1906	2	9	57
1907	2	11	57
1908	2	9	58
1909	2	11	58
1910	2	9	59
1911	2	11	59
1912	2	9	60
1913	2	11	60
1914	2	9	61
1915	2	11	61
1916	2	9	62
1917	2	11	62
1918	2	9	63
1919	2	11	63
1920	2	10	0
1921	2	12	0
1922	2	10	1
1923	2	12	1
1924	2	10	2
1925	2	12	2
1926	2	10	3
1927	2	12	3
1928	2	10	4
1929	2	12	4
1930	2	10	5
1931	2	12	5
1932	2	10	6
1933	2	12	6
1934	2	10	7
1935	2	12	7
1936	2	10	8
1937	2	12	8
1938	2	10	9
1939	2	12	9
1940	2	10	10
1941	2	12	10
1942	2	10	11
1943	2	12	11
1944	2	10	12
1945	2	12	12
1946	2	10	13
1947	2	12	13
1948	2	10	14
1949	2	12	14
1950	2	10	15
1951	2	12	15
1952	2	10	16
1953	2	12	16
1954	2	10	17
1955	2	12	17
1956	2	10	18
1957	2	12	18
1958	2	10	19
1959	2	12	19
1960	2	10	20
1961	2	12	20
1962	2	10	21
1963	2	12	21
1964	2	10	22
1965	2	12	22
1966	2	10	23
1967	2	12	23
1968	2	10	24
1969	2	12	24
1970	2	10	25
1971	2	12	25
1972	2	10	26
1973	2	12	26
1974	2	10	27
1975	2	12	27
1976	2	10	28
1977	2	12	28
1978	2	10	29
1979	2	12	29
1980	2	10	30
1981	2	12	30
1982	2	10	31
1983	2	12	31
1984	2	10	32
1985	2	12	32
1986	2	10	33
1987	2	12	33
1988	2	10	34
1989	2	12	34
1990	2	10	35
1991	2	12	35
1992	2	10	36
1993	2	12	36
1994	2	10	37
1995	2	12	37
1996	2	10	38
1997	2	12	38
1998	2	10	39
1999	2	12	39
2000	2	10	40
2001	2	12	40
2002	2	10	41
2003	2	12	41
2004	2	10	42
2005	2	12	42
2006	2	10	43
2007	2	12	43
2008	2	10	44
2009	2	12	44
2010	2	10	45
2011	2	12	45
2012	2	10	46
2013	2	12	46
2014	2	10	47
2015	2	12	47
2016	2	10	48
2017	2	12	48
2018	2	10	49
2019	2	12	49
2020	2	10	50
2021	2	12	50
2022	2	10	51
2023	2	12	51
2024	2	10	52
2025	2	12	52
2026	2	10	53
2027	2	12	53
2028	2	10	54
2029	2	12	54
2030	2	10	55
2031	2	12	55
2032	2	10	56
2033	2	12	56
2034	2	10	57
2035	2	12	57
2036	2	10	58
2037	2	12	58
2038	2	10	59
2039	2	12	59
2040	2	10	60
2041	2	12	60
2042	2	10	61
2043	2	12	61
2044	2	10	62
2045	2	12	62
2046	2	10	63
2047	2	12	63
