TABLE CRVPhoton
#5120 channels, sigma: 0.05, limitlow: -0.2, limithigh: 0.2
#channel,photonYieldDeviation
0,0.007
1,0.070
2,0.006
3,0.035
4,0.053
5,0.043
6,0.055
7,-0.053
8,0.116
9,0.073
10,-0.009
11,0.043
12,-0.039
13,-0.002
14,-0.011
15,0.030
16,0.000
17,0.088
18,-0.073
19,0.026
20,-0.062
21,0.010
22,0.015
23,0.111
24,-0.026
25,0.028
26,0.031
27,-0.072
28,0.039
29,0.058
30,-0.034
31,0.073
32,-0.028
33,-0.056
34,-0.008
35,0.022
36,0.002
37,-0.059
38,-0.040
39,-0.019
40,0.005
41,0.004
42,0.034
43,-0.091
44,0.030
45,0.033
46,-0.054
47,0.030
48,-0.036
49,-0.032
50,0.065
51,-0.015
52,-0.066
53,0.012
54,0.024
55,-0.101
56,-0.028
57,-0.027
58,-0.030
59,-0.050
60,0.006
61,-0.043
62,-0.004
63,-0.002
64,0.081
65,0.027
66,0.014
67,-0.028
68,0.056
69,0.051
70,0.037
71,0.020
72,-0.075
73,0.012
74,-0.009
75,-0.052
76,-0.059
77,-0.000
78,0.014
79,0.005
80,-0.063
81,-0.033
82,0.018
83,0.033
84,-0.034
85,-0.013
86,-0.012
87,0.096
88,0.057
89,0.077
90,0.106
91,0.026
92,0.022
93,-0.082
94,-0.075
95,-0.091
96,-0.114
97,-0.004
98,-0.032
99,0.081
100,0.025
101,-0.009
102,-0.062
103,-0.035
104,0.002
105,0.057
106,-0.016
107,0.029
108,-0.016
109,0.025
110,-0.002
111,-0.083
112,-0.039
113,0.096
114,-0.000
115,0.055
116,-0.001
117,-0.026
118,-0.048
119,-0.007
120,-0.020
121,0.040
122,-0.031
123,0.032
124,0.054
125,-0.049
126,-0.049
127,0.045
128,-0.041
129,-0.009
130,-0.003
131,-0.063
132,-0.085
133,-0.054
134,0.063
135,0.026
136,0.043
137,-0.001
138,0.027
139,-0.016
140,0.064
141,-0.048
142,0.055
143,0.041
144,0.032
145,0.005
146,0.052
147,0.062
148,-0.071
149,-0.063
150,0.051
151,0.027
152,-0.002
153,0.087
154,-0.006
155,0.017
156,-0.104
157,0.045
158,0.027
159,-0.022
160,-0.058
161,0.022
162,0.008
163,0.040
164,0.022
165,0.020
166,-0.000
167,0.007
168,-0.093
169,0.069
170,-0.024
171,0.001
172,-0.012
173,0.017
174,0.005
175,-0.005
176,0.037
177,-0.063
178,-0.003
179,0.010
180,0.008
181,-0.064
182,-0.068
183,0.000
184,-0.007
185,-0.027
186,-0.000
187,0.029
188,-0.069
189,-0.059
190,-0.028
191,-0.007
192,0.044
193,0.022
194,0.017
195,0.023
196,0.020
197,0.059
198,0.053
199,-0.026
200,0.045
201,-0.079
202,-0.052
203,-0.031
204,-0.055
205,0.093
206,-0.077
207,0.009
208,0.028
209,-0.055
210,-0.038
211,-0.001
212,0.035
213,-0.057
214,0.036
215,0.045
216,0.133
217,-0.012
218,-0.044
219,0.011
220,0.033
221,0.031
222,-0.032
223,-0.053
224,-0.004
225,-0.028
226,-0.001
227,-0.055
228,-0.072
229,0.012
230,-0.024
231,0.032
232,0.093
233,-0.099
234,-0.023
235,0.001
236,0.014
237,-0.052
238,-0.012
239,-0.025
240,0.027
241,0.090
242,-0.042
243,0.003
244,0.011
245,-0.066
246,0.006
247,-0.013
248,0.071
249,-0.062
250,-0.015
251,0.043
252,0.032
253,0.053
254,0.102
255,-0.043
256,0.016
257,-0.030
258,-0.027
259,0.041
260,-0.008
261,0.022
262,-0.009
263,0.072
264,0.016
265,0.002
266,-0.020
267,0.077
268,-0.020
269,-0.036
270,-0.025
271,0.002
272,-0.056
273,-0.052
274,0.003
275,-0.073
276,0.059
277,-0.017
278,0.041
279,-0.124
280,-0.008
281,-0.033
282,-0.092
283,0.055
284,0.062
285,0.003
286,-0.036
287,-0.017
288,-0.076
289,-0.006
290,-0.067
291,-0.015
292,0.009
293,-0.015
294,-0.022
295,-0.034
296,0.058
297,-0.088
298,-0.058
299,0.033
300,-0.035
301,0.023
302,-0.033
303,-0.079
304,-0.036
305,-0.032
306,0.034
307,-0.003
308,0.080
309,-0.019
310,0.014
311,-0.026
312,-0.005
313,-0.015
314,0.100
315,-0.027
316,0.040
317,-0.000
318,0.026
319,-0.015
320,-0.072
321,0.002
322,0.029
323,-0.002
324,0.034
325,0.105
326,0.070
327,0.002
328,0.088
329,-0.017
330,0.014
331,-0.000
332,0.023
333,-0.013
334,0.073
335,0.054
336,0.123
337,0.001
338,0.009
339,-0.040
340,-0.019
341,0.002
342,0.023
343,0.018
344,-0.046
345,-0.143
346,0.015
347,0.008
348,-0.040
349,0.092
350,-0.085
351,-0.090
352,0.030
353,-0.002
354,-0.010
355,-0.032
356,0.019
357,-0.015
358,0.041
359,0.043
360,-0.005
361,-0.037
362,-0.005
363,-0.052
364,0.022
365,0.014
366,-0.044
367,0.006
368,0.051
369,-0.135
370,0.019
371,-0.055
372,0.117
373,0.048
374,0.040
375,0.001
376,-0.033
377,-0.049
378,-0.024
379,-0.017
380,-0.016
381,-0.033
382,-0.016
383,0.015
384,0.031
385,-0.043
386,-0.038
387,0.006
388,0.025
389,0.012
390,-0.038
391,0.004
392,0.045
393,-0.032
394,0.020
395,0.005
396,0.029
397,0.097
398,0.058
399,0.089
400,-0.026
401,0.006
402,-0.075
403,-0.000
404,-0.024
405,-0.062
406,-0.010
407,-0.022
408,-0.032
409,-0.060
410,-0.087
411,0.051
412,0.018
413,-0.039
414,0.030
415,-0.002
416,0.083
417,0.011
418,0.034
419,0.019
420,0.030
421,0.029
422,-0.036
423,-0.027
424,0.051
425,0.081
426,-0.017
427,-0.036
428,-0.020
429,0.047
430,0.041
431,-0.015
432,-0.061
433,-0.063
434,0.003
435,0.058
436,-0.005
437,0.021
438,-0.037
439,-0.021
440,0.054
441,-0.058
442,0.052
443,0.104
444,0.065
445,-0.071
446,-0.002
447,-0.011
448,-0.059
449,-0.010
450,-0.078
451,0.083
452,-0.019
453,0.004
454,0.086
455,-0.071
456,-0.091
457,-0.011
458,0.025
459,0.054
460,0.040
461,-0.055
462,0.051
463,-0.004
464,0.120
465,-0.005
466,0.016
467,-0.017
468,-0.141
469,0.013
470,-0.001
471,0.054
472,-0.006
473,-0.064
474,0.063
475,-0.015
476,-0.020
477,-0.041
478,-0.060
479,-0.089
480,-0.000
481,0.002
482,0.052
483,0.000
484,0.012
485,-0.025
486,0.027
487,0.016
488,0.007
489,0.019
490,0.130
491,-0.007
492,-0.029
493,-0.020
494,0.095
495,0.001
496,-0.036
497,-0.047
498,0.009
499,-0.065
500,-0.080
501,0.027
502,0.020
503,0.043
504,0.066
505,-0.005
506,-0.044
507,0.036
508,0.035
509,0.047
510,0.006
511,-0.056
512,0.015
513,-0.021
514,0.000
515,-0.098
516,0.002
517,-0.028
518,-0.039
519,0.000
520,0.014
521,0.075
522,0.117
523,0.000
524,-0.028
525,-0.018
526,-0.008
527,0.039
528,0.039
529,-0.045
530,0.043
531,-0.005
532,-0.055
533,-0.069
534,0.034
535,0.012
536,-0.056
537,-0.020
538,0.068
539,0.069
540,-0.066
541,0.063
542,0.012
543,-0.005
544,0.004
545,-0.020
546,0.075
547,-0.007
548,0.079
549,0.043
550,0.006
551,-0.021
552,-0.062
553,0.001
554,-0.094
555,-0.077
556,0.007
557,0.064
558,0.079
559,0.011
560,-0.009
561,0.047
562,0.064
563,0.014
564,-0.003
565,-0.005
566,0.058
567,-0.004
568,-0.037
569,-0.009
570,0.084
571,-0.057
572,-0.039
573,-0.076
574,0.051
575,0.018
576,-0.035
577,0.002
578,0.010
579,0.033
580,-0.011
581,-0.055
582,0.003
583,-0.091
584,0.090
585,0.094
586,-0.051
587,0.054
588,0.005
589,0.001
590,0.013
591,0.065
592,0.091
593,-0.043
594,0.043
595,0.071
596,-0.077
597,0.000
598,0.077
599,0.036
600,0.064
601,-0.041
602,-0.073
603,-0.011
604,0.095
605,0.107
606,-0.014
607,-0.047
608,-0.010
609,0.011
610,-0.052
611,-0.024
612,0.017
613,0.005
614,-0.010
615,-0.013
616,0.009
617,-0.060
618,0.012
619,0.048
620,-0.064
621,0.037
622,0.031
623,0.050
624,-0.027
625,0.025
626,-0.060
627,0.036
628,-0.025
629,-0.034
630,-0.041
631,0.023
632,0.055
633,0.054
634,-0.032
635,0.026
636,-0.045
637,-0.031
638,-0.023
639,-0.017
640,-0.053
641,-0.060
642,-0.098
643,-0.021
644,-0.101
645,0.028
646,-0.078
647,-0.058
648,0.058
649,-0.117
650,-0.015
651,-0.079
652,0.028
653,-0.008
654,0.071
655,-0.005
656,0.005
657,-0.035
658,-0.018
659,-0.039
660,0.031
661,0.053
662,0.111
663,0.012
664,0.029
665,-0.010
666,0.018
667,-0.019
668,0.062
669,-0.055
670,-0.000
671,0.021
672,-0.034
673,-0.006
674,-0.023
675,0.031
676,0.003
677,-0.020
678,-0.120
679,0.068
680,-0.007
681,0.026
682,0.017
683,0.035
684,-0.106
685,-0.075
686,-0.072
687,0.036
688,0.052
689,-0.061
690,-0.031
691,0.002
692,-0.005
693,0.032
694,0.009
695,0.025
696,0.015
697,-0.058
698,-0.035
699,-0.046
700,-0.018
701,-0.032
702,-0.002
703,-0.008
704,0.129
705,0.050
706,-0.041
707,-0.001
708,-0.001
709,-0.000
710,-0.026
711,0.041
712,-0.038
713,0.034
714,0.012
715,0.009
716,-0.027
717,-0.020
718,-0.037
719,0.007
720,-0.132
721,-0.008
722,-0.081
723,0.014
724,0.021
725,-0.014
726,-0.018
727,0.011
728,-0.010
729,-0.060
730,-0.040
731,-0.068
732,0.038
733,0.037
734,-0.009
735,0.047
736,-0.027
737,0.098
738,-0.066
739,-0.012
740,0.034
741,-0.016
742,0.086
743,-0.046
744,0.024
745,0.035
746,-0.048
747,-0.011
748,0.031
749,-0.093
750,0.016
751,0.023
752,-0.048
753,0.051
754,-0.026
755,-0.044
756,-0.010
757,0.005
758,-0.121
759,0.061
760,-0.010
761,0.101
762,0.035
763,0.019
764,0.067
765,-0.037
766,0.069
767,0.075
768,0.007
769,0.005
770,0.002
771,-0.075
772,0.031
773,0.004
774,-0.042
775,0.014
776,-0.062
777,0.053
778,0.022
779,-0.042
780,-0.051
781,-0.015
782,-0.003
783,0.035
784,0.119
785,0.034
786,-0.079
787,-0.008
788,0.076
789,0.016
790,0.012
791,-0.048
792,-0.062
793,0.056
794,-0.034
795,0.003
796,-0.025
797,-0.008
798,-0.072
799,0.049
800,0.000
801,0.006
802,-0.042
803,-0.010
804,0.011
805,0.002
806,0.072
807,0.058
808,0.012
809,-0.020
810,-0.029
811,-0.045
812,-0.066
813,-0.034
814,0.028
815,0.012
816,0.027
817,-0.036
818,0.042
819,-0.032
820,0.006
821,-0.031
822,-0.026
823,-0.041
824,-0.010
825,-0.105
826,0.005
827,0.064
828,-0.033
829,0.015
830,0.068
831,0.003
832,-0.005
833,-0.012
834,-0.032
835,-0.051
836,0.020
837,0.024
838,0.003
839,-0.006
840,-0.031
841,0.022
842,0.089
843,-0.046
844,0.063
845,-0.078
846,-0.011
847,-0.060
848,0.008
849,0.061
850,-0.063
851,-0.016
852,0.025
853,0.070
854,0.009
855,-0.036
856,-0.091
857,-0.006
858,-0.021
859,0.051
860,-0.063
861,0.013
862,-0.037
863,-0.070
864,0.065
865,-0.008
866,0.057
867,0.055
868,-0.013
869,-0.014
870,0.002
871,0.046
872,-0.074
873,-0.016
874,-0.029
875,-0.032
876,0.005
877,-0.005
878,0.018
879,0.023
880,-0.015
881,0.036
882,-0.053
883,-0.073
884,0.028
885,-0.011
886,-0.022
887,-0.046
888,0.103
889,0.062
890,0.136
891,0.030
892,-0.072
893,-0.056
894,-0.101
895,0.033
896,-0.032
897,-0.041
898,-0.023
899,0.009
900,0.030
901,-0.096
902,0.038
903,0.001
904,0.061
905,-0.055
906,0.065
907,-0.058
908,0.026
909,0.009
910,0.037
911,-0.035
912,-0.003
913,-0.005
914,0.037
915,-0.020
916,-0.029
917,0.071
918,-0.000
919,0.036
920,0.025
921,-0.104
922,-0.027
923,-0.002
924,0.017
925,0.023
926,-0.009
927,-0.002
928,-0.093
929,0.024
930,-0.080
931,-0.034
932,-0.014
933,-0.036
934,0.027
935,0.044
936,0.023
937,0.051
938,0.062
939,-0.022
940,0.003
941,0.004
942,0.011
943,0.065
944,0.076
945,0.035
946,0.015
947,-0.037
948,0.034
949,-0.016
950,0.034
951,-0.008
952,0.056
953,-0.045
954,-0.007
955,-0.097
956,-0.069
957,-0.078
958,0.023
959,-0.071
960,-0.046
961,-0.080
962,-0.027
963,0.017
964,-0.019
965,0.050
966,-0.034
967,-0.001
968,0.004
969,-0.019
970,0.000
971,0.105
972,0.014
973,-0.084
974,-0.007
975,0.024
976,-0.053
977,0.000
978,0.038
979,0.018
980,0.012
981,0.016
982,0.027
983,0.027
984,-0.009
985,-0.032
986,0.082
987,-0.027
988,0.100
989,0.033
990,0.043
991,0.007
992,0.013
993,0.044
994,-0.112
995,0.071
996,-0.053
997,0.021
998,-0.026
999,0.063
1000,-0.076
1001,0.008
1002,0.000
1003,0.140
1004,-0.043
1005,0.028
1006,-0.047
1007,-0.028
1008,-0.074
1009,0.002
1010,-0.002
1011,0.024
1012,-0.022
1013,0.037
1014,-0.003
1015,0.108
1016,0.083
1017,-0.071
1018,0.007
1019,0.050
1020,0.066
1021,-0.042
1022,0.067
1023,0.015
1024,-0.043
1025,0.010
1026,0.024
1027,-0.082
1028,-0.068
1029,-0.013
1030,0.019
1031,0.017
1032,0.027
1033,0.098
1034,-0.042
1035,0.014
1036,-0.030
1037,0.049
1038,0.094
1039,-0.024
1040,-0.041
1041,0.046
1042,0.014
1043,-0.045
1044,0.075
1045,-0.062
1046,0.030
1047,0.088
1048,-0.071
1049,0.034
1050,-0.010
1051,0.004
1052,-0.018
1053,-0.000
1054,-0.006
1055,-0.035
1056,0.028
1057,0.046
1058,-0.022
1059,-0.040
1060,-0.031
1061,-0.008
1062,-0.023
1063,-0.102
1064,-0.001
1065,-0.027
1066,0.140
1067,0.021
1068,0.033
1069,-0.082
1070,-0.036
1071,0.078
1072,0.005
1073,-0.013
1074,0.034
1075,-0.001
1076,-0.088
1077,0.076
1078,-0.003
1079,0.053
1080,-0.023
1081,0.008
1082,0.049
1083,0.018
1084,0.097
1085,-0.017
1086,-0.009
1087,0.015
1088,0.005
1089,-0.019
1090,0.056
1091,0.034
1092,-0.025
1093,0.013
1094,0.083
1095,0.069
1096,-0.017
1097,0.075
1098,0.053
1099,0.018
1100,-0.082
1101,0.075
1102,0.007
1103,-0.059
1104,0.091
1105,0.069
1106,-0.036
1107,0.076
1108,0.012
1109,-0.040
1110,0.031
1111,0.016
1112,-0.033
1113,-0.049
1114,0.027
1115,-0.013
1116,-0.035
1117,0.100
1118,-0.006
1119,0.022
1120,0.068
1121,-0.035
1122,0.089
1123,-0.054
1124,0.035
1125,0.020
1126,-0.029
1127,0.044
1128,-0.044
1129,0.062
1130,-0.033
1131,-0.050
1132,0.031
1133,0.038
1134,-0.080
1135,0.009
1136,0.026
1137,0.017
1138,-0.099
1139,-0.080
1140,0.110
1141,-0.041
1142,0.020
1143,-0.023
1144,0.040
1145,-0.009
1146,0.062
1147,-0.026
1148,-0.010
1149,0.048
1150,0.019
1151,-0.043
1152,0.046
1153,-0.016
1154,-0.042
1155,0.001
1156,0.073
1157,0.030
1158,-0.060
1159,-0.072
1160,0.073
1161,-0.012
1162,0.040
1163,0.012
1164,-0.027
1165,0.026
1166,0.002
1167,0.030
1168,0.075
1169,-0.027
1170,0.054
1171,-0.009
1172,0.090
1173,0.012
1174,-0.128
1175,0.013
1176,-0.014
1177,-0.115
1178,0.015
1179,-0.060
1180,0.007
1181,-0.031
1182,-0.089
1183,0.020
1184,-0.027
1185,-0.058
1186,0.009
1187,0.003
1188,-0.017
1189,-0.028
1190,0.009
1191,0.020
1192,0.046
1193,0.028
1194,0.104
1195,-0.070
1196,-0.015
1197,0.059
1198,0.065
1199,-0.061
1200,0.004
1201,-0.056
1202,0.020
1203,0.086
1204,0.016
1205,0.032
1206,-0.022
1207,0.114
1208,0.014
1209,0.033
1210,0.003
1211,-0.007
1212,0.064
1213,-0.074
1214,-0.079
1215,-0.004
1216,-0.007
1217,-0.057
1218,0.028
1219,0.081
1220,0.115
1221,0.078
1222,-0.006
1223,-0.040
1224,-0.027
1225,-0.027
1226,0.031
1227,-0.020
1228,-0.053
1229,-0.056
1230,0.052
1231,0.005
1232,-0.041
1233,0.039
1234,-0.060
1235,-0.054
1236,0.057
1237,0.033
1238,0.039
1239,-0.091
1240,0.113
1241,-0.006
1242,-0.016
1243,-0.059
1244,-0.071
1245,0.017
1246,0.074
1247,-0.026
1248,0.018
1249,-0.064
1250,-0.001
1251,-0.020
1252,0.032
1253,-0.026
1254,0.001
1255,-0.094
1256,-0.017
1257,-0.053
1258,0.086
1259,0.008
1260,-0.015
1261,-0.000
1262,-0.066
1263,0.077
1264,0.038
1265,0.046
1266,-0.045
1267,0.033
1268,0.057
1269,-0.020
1270,-0.040
1271,-0.009
1272,-0.040
1273,0.038
1274,-0.028
1275,-0.017
1276,-0.144
1277,-0.053
1278,-0.072
1279,0.027
1280,-0.025
1281,0.035
1282,0.118
1283,-0.085
1284,-0.009
1285,0.091
1286,0.074
1287,0.074
1288,0.020
1289,0.121
1290,0.033
1291,-0.027
1292,0.058
1293,0.044
1294,-0.068
1295,0.028
1296,0.046
1297,-0.051
1298,-0.000
1299,0.014
1300,0.056
1301,0.004
1302,-0.056
1303,-0.037
1304,0.004
1305,-0.038
1306,-0.039
1307,-0.078
1308,0.004
1309,0.035
1310,-0.058
1311,-0.039
1312,-0.013
1313,0.002
1314,-0.038
1315,-0.044
1316,-0.045
1317,-0.008
1318,0.024
1319,0.062
1320,0.089
1321,0.010
1322,0.012
1323,-0.011
1324,-0.082
1325,0.068
1326,0.003
1327,-0.055
1328,-0.033
1329,-0.017
1330,-0.056
1331,-0.044
1332,-0.070
1333,-0.044
1334,-0.071
1335,-0.046
1336,0.003
1337,-0.010
1338,0.034
1339,-0.062
1340,-0.041
1341,-0.027
1342,0.018
1343,0.033
1344,-0.029
1345,-0.031
1346,0.053
1347,0.026
1348,-0.002
1349,0.018
1350,0.033
1351,-0.048
1352,0.015
1353,-0.053
1354,0.126
1355,-0.015
1356,0.026
1357,-0.112
1358,0.009
1359,-0.042
1360,-0.070
1361,0.095
1362,-0.055
1363,-0.075
1364,-0.009
1365,0.035
1366,-0.006
1367,-0.041
1368,-0.022
1369,-0.038
1370,-0.002
1371,-0.031
1372,0.002
1373,-0.022
1374,-0.087
1375,0.012
1376,0.047
1377,0.011
1378,-0.001
1379,0.052
1380,-0.032
1381,-0.056
1382,0.061
1383,0.051
1384,0.037
1385,0.049
1386,0.007
1387,-0.089
1388,-0.008
1389,0.070
1390,-0.044
1391,0.015
1392,-0.016
1393,0.047
1394,-0.093
1395,0.077
1396,-0.117
1397,-0.049
1398,-0.060
1399,-0.001
1400,-0.023
1401,0.101
1402,0.108
1403,0.064
1404,0.064
1405,-0.011
1406,-0.003
1407,0.012
1408,0.066
1409,-0.027
1410,0.045
1411,-0.012
1412,-0.078
1413,0.068
1414,-0.053
1415,-0.022
1416,-0.008
1417,-0.128
1418,-0.079
1419,-0.036
1420,-0.024
1421,-0.113
1422,-0.054
1423,0.052
1424,-0.013
1425,-0.038
1426,-0.083
1427,-0.054
1428,-0.012
1429,0.044
1430,-0.107
1431,0.003
1432,-0.031
1433,-0.054
1434,-0.034
1435,-0.014
1436,-0.025
1437,-0.017
1438,0.100
1439,0.019
1440,-0.052
1441,0.017
1442,0.050
1443,0.065
1444,0.047
1445,-0.013
1446,-0.020
1447,-0.099
1448,-0.009
1449,-0.044
1450,0.032
1451,0.032
1452,0.060
1453,0.063
1454,-0.045
1455,-0.085
1456,-0.033
1457,-0.039
1458,0.034
1459,0.127
1460,-0.063
1461,0.022
1462,0.030
1463,0.040
1464,-0.016
1465,-0.079
1466,-0.122
1467,0.031
1468,-0.073
1469,-0.075
1470,-0.086
1471,-0.012
1472,0.015
1473,-0.073
1474,-0.026
1475,0.138
1476,0.065
1477,0.017
1478,0.065
1479,0.007
1480,-0.018
1481,0.020
1482,0.035
1483,-0.000
1484,0.068
1485,-0.058
1486,-0.034
1487,-0.024
1488,0.012
1489,-0.022
1490,-0.061
1491,0.048
1492,0.021
1493,0.103
1494,-0.067
1495,-0.041
1496,-0.083
1497,0.002
1498,-0.032
1499,0.007
1500,0.033
1501,-0.023
1502,0.040
1503,-0.034
1504,-0.039
1505,0.078
1506,0.005
1507,-0.066
1508,-0.044
1509,0.001
1510,-0.010
1511,0.008
1512,0.033
1513,0.044
1514,0.001
1515,0.028
1516,0.012
1517,0.004
1518,-0.009
1519,0.043
1520,-0.050
1521,0.039
1522,-0.021
1523,-0.064
1524,-0.038
1525,0.001
1526,-0.066
1527,0.007
1528,-0.068
1529,-0.063
1530,-0.039
1531,0.060
1532,-0.034
1533,-0.080
1534,-0.024
1535,0.010
1536,-0.068
1537,0.115
1538,0.002
1539,0.073
1540,-0.071
1541,0.010
1542,-0.052
1543,0.060
1544,0.014
1545,0.033
1546,-0.006
1547,0.064
1548,-0.027
1549,-0.016
1550,-0.023
1551,0.040
1552,-0.096
1553,0.132
1554,-0.093
1555,-0.040
1556,-0.095
1557,-0.023
1558,0.015
1559,-0.018
1560,-0.011
1561,-0.019
1562,-0.081
1563,0.050
1564,-0.051
1565,-0.005
1566,0.009
1567,-0.060
1568,0.006
1569,0.046
1570,-0.028
1571,0.018
1572,0.040
1573,0.001
1574,-0.002
1575,0.056
1576,0.067
1577,0.060
1578,-0.022
1579,-0.057
1580,-0.024
1581,0.028
1582,-0.010
1583,-0.017
1584,-0.035
1585,0.008
1586,-0.070
1587,0.068
1588,-0.040
1589,0.027
1590,-0.063
1591,0.074
1592,-0.036
1593,-0.004
1594,-0.017
1595,-0.023
1596,-0.043
1597,0.013
1598,-0.024
1599,-0.062
1600,-0.015
1601,-0.077
1602,0.011
1603,0.064
1604,0.049
1605,-0.031
1606,-0.083
1607,0.119
1608,0.003
1609,-0.004
1610,0.004
1611,-0.031
1612,0.027
1613,0.007
1614,0.019
1615,0.053
1616,0.040
1617,0.015
1618,-0.006
1619,-0.078
1620,0.079
1621,0.042
1622,0.067
1623,-0.022
1624,0.069
1625,-0.056
1626,-0.030
1627,-0.035
1628,-0.071
1629,0.002
1630,-0.049
1631,-0.013
1632,0.023
1633,0.101
1634,0.033
1635,0.051
1636,-0.101
1637,-0.004
1638,0.021
1639,-0.078
1640,-0.017
1641,-0.047
1642,-0.012
1643,0.012
1644,0.016
1645,0.012
1646,-0.054
1647,-0.016
1648,-0.012
1649,0.014
1650,-0.065
1651,-0.060
1652,-0.064
1653,0.026
1654,-0.026
1655,0.014
1656,-0.037
1657,0.025
1658,-0.005
1659,0.027
1660,-0.020
1661,-0.039
1662,0.052
1663,0.002
1664,0.049
1665,0.074
1666,-0.001
1667,0.007
1668,0.035
1669,0.062
1670,0.021
1671,-0.168
1672,-0.070
1673,0.007
1674,-0.028
1675,0.015
1676,0.032
1677,0.061
1678,0.008
1679,-0.038
1680,-0.003
1681,-0.043
1682,-0.009
1683,-0.000
1684,-0.002
1685,-0.029
1686,-0.012
1687,0.083
1688,0.040
1689,0.020
1690,-0.002
1691,-0.041
1692,0.027
1693,-0.075
1694,0.053
1695,0.002
1696,-0.087
1697,0.096
1698,0.006
1699,-0.027
1700,0.009
1701,-0.032
1702,-0.004
1703,-0.008
1704,-0.004
1705,-0.016
1706,-0.038
1707,0.084
1708,0.001
1709,0.028
1710,-0.105
1711,0.053
1712,-0.032
1713,0.032
1714,-0.019
1715,-0.077
1716,0.058
1717,-0.059
1718,0.075
1719,-0.009
1720,-0.068
1721,0.016
1722,-0.113
1723,-0.024
1724,-0.021
1725,0.053
1726,0.002
1727,-0.019
1728,-0.068
1729,0.017
1730,0.048
1731,-0.022
1732,0.061
1733,-0.024
1734,-0.048
1735,-0.014
1736,-0.073
1737,0.046
1738,0.076
1739,0.035
1740,0.050
1741,0.005
1742,0.067
1743,-0.027
1744,-0.032
1745,0.004
1746,0.015
1747,0.010
1748,-0.006
1749,0.103
1750,0.001
1751,-0.009
1752,0.007
1753,0.017
1754,0.069
1755,-0.020
1756,-0.062
1757,-0.019
1758,-0.057
1759,0.034
1760,-0.087
1761,0.046
1762,-0.034
1763,-0.004
1764,0.034
1765,-0.032
1766,-0.077
1767,0.023
1768,-0.017
1769,-0.054
1770,-0.109
1771,0.048
1772,0.039
1773,0.012
1774,-0.010
1775,0.023
1776,-0.030
1777,0.041
1778,-0.021
1779,0.091
1780,-0.024
1781,0.042
1782,-0.013
1783,-0.047
1784,-0.007
1785,-0.060
1786,0.096
1787,-0.081
1788,-0.033
1789,0.049
1790,0.050
1791,0.008
1792,-0.027
1793,0.067
1794,0.035
1795,0.003
1796,-0.065
1797,0.034
1798,-0.011
1799,-0.080
1800,0.008
1801,-0.003
1802,0.003
1803,0.017
1804,-0.043
1805,0.116
1806,-0.005
1807,0.034
1808,-0.028
1809,0.049
1810,0.042
1811,-0.038
1812,-0.003
1813,-0.033
1814,0.070
1815,0.053
1816,0.001
1817,0.030
1818,-0.061
1819,-0.051
1820,0.004
1821,-0.003
1822,0.032
1823,0.012
1824,-0.055
1825,-0.020
1826,0.012
1827,0.056
1828,-0.030
1829,-0.042
1830,-0.012
1831,-0.028
1832,-0.090
1833,-0.066
1834,0.061
1835,0.105
1836,-0.005
1837,-0.032
1838,0.018
1839,-0.033
1840,0.105
1841,-0.018
1842,0.015
1843,0.007
1844,-0.014
1845,-0.005
1846,0.015
1847,-0.014
1848,0.008
1849,0.062
1850,-0.026
1851,-0.026
1852,-0.041
1853,0.004
1854,0.020
1855,-0.018
1856,0.042
1857,0.029
1858,0.010
1859,0.061
1860,-0.019
1861,0.021
1862,0.017
1863,-0.046
1864,0.083
1865,-0.056
1866,0.032
1867,0.064
1868,-0.049
1869,-0.002
1870,0.027
1871,0.016
1872,0.032
1873,-0.080
1874,0.078
1875,0.021
1876,0.088
1877,-0.024
1878,-0.013
1879,0.022
1880,-0.026
1881,-0.053
1882,-0.006
1883,0.021
1884,0.058
1885,-0.033
1886,-0.050
1887,0.032
1888,-0.005
1889,-0.002
1890,0.040
1891,-0.014
1892,-0.047
1893,-0.032
1894,-0.038
1895,-0.032
1896,-0.002
1897,0.038
1898,-0.041
1899,-0.014
1900,0.004
1901,0.038
1902,-0.038
1903,-0.034
1904,-0.021
1905,-0.032
1906,0.027
1907,-0.083
1908,0.060
1909,0.099
1910,0.064
1911,0.091
1912,0.061
1913,0.026
1914,-0.052
1915,0.076
1916,0.018
1917,0.070
1918,-0.001
1919,-0.074
1920,0.007
1921,0.021
1922,-0.007
1923,0.016
1924,-0.071
1925,-0.037
1926,-0.027
1927,-0.011
1928,-0.022
1929,-0.084
1930,-0.001
1931,0.039
1932,0.020
1933,0.029
1934,0.072
1935,-0.104
1936,0.018
1937,-0.077
1938,-0.019
1939,-0.020
1940,0.052
1941,0.071
1942,0.051
1943,0.021
1944,0.007
1945,0.043
1946,0.084
1947,-0.033
1948,-0.073
1949,0.023
1950,-0.011
1951,0.055
1952,0.006
1953,-0.008
1954,-0.081
1955,-0.115
1956,-0.037
1957,0.117
1958,-0.014
1959,-0.034
1960,0.061
1961,-0.037
1962,0.004
1963,0.041
1964,0.003
1965,-0.004
1966,-0.039
1967,0.047
1968,-0.028
1969,0.086
1970,0.070
1971,-0.028
1972,-0.014
1973,-0.047
1974,0.002
1975,-0.003
1976,0.052
1977,-0.039
1978,0.001
1979,-0.027
1980,0.003
1981,0.096
1982,0.100
1983,0.014
1984,-0.016
1985,-0.033
1986,-0.060
1987,-0.051
1988,0.009
1989,0.022
1990,-0.041
1991,0.006
1992,-0.087
1993,0.045
1994,0.003
1995,0.015
1996,-0.118
1997,-0.097
1998,0.031
1999,0.094
2000,-0.010
2001,0.048
2002,0.029
2003,-0.030
2004,0.062
2005,-0.023
2006,0.036
2007,0.006
2008,-0.069
2009,-0.014
2010,0.039
2011,0.084
2012,-0.034
2013,-0.003
2014,-0.039
2015,-0.032
2016,0.081
2017,0.027
2018,0.031
2019,0.059
2020,0.095
2021,-0.026
2022,0.022
2023,-0.018
2024,0.006
2025,-0.031
2026,-0.087
2027,-0.058
2028,-0.019
2029,-0.022
2030,0.068
2031,-0.021
2032,-0.017
2033,0.032
2034,0.091
2035,-0.093
2036,0.046
2037,0.052
2038,-0.034
2039,-0.083
2040,0.058
2041,0.018
2042,-0.003
2043,0.052
2044,-0.016
2045,0.072
2046,-0.023
2047,-0.015
2048,0.042
2049,-0.047
2050,-0.019
2051,-0.001
2052,0.047
2053,0.028
2054,0.020
2055,-0.065
2056,0.043
2057,0.050
2058,0.010
2059,-0.018
2060,0.100
2061,0.080
2062,-0.005
2063,-0.019
2064,0.019
2065,-0.016
2066,-0.015
2067,0.006
2068,-0.004
2069,0.054
2070,0.036
2071,-0.080
2072,0.035
2073,-0.026
2074,-0.046
2075,-0.038
2076,-0.089
2077,-0.050
2078,-0.124
2079,-0.075
2080,0.068
2081,0.038
2082,0.089
2083,-0.032
2084,-0.074
2085,0.022
2086,0.133
2087,0.042
2088,0.071
2089,0.034
2090,0.034
2091,-0.007
2092,0.023
2093,-0.016
2094,-0.006
2095,0.038
2096,0.057
2097,-0.001
2098,-0.018
2099,-0.003
2100,0.020
2101,-0.039
2102,-0.022
2103,0.027
2104,-0.022
2105,0.043
2106,0.029
2107,-0.036
2108,0.091
2109,0.145
2110,-0.025
2111,-0.018
2112,-0.005
2113,0.039
2114,-0.006
2115,-0.043
2116,-0.002
2117,0.052
2118,0.050
2119,-0.022
2120,0.022
2121,-0.077
2122,0.102
2123,0.070
2124,-0.086
2125,0.071
2126,0.068
2127,-0.024
2128,-0.117
2129,-0.034
2130,0.024
2131,0.033
2132,0.033
2133,-0.042
2134,0.064
2135,-0.007
2136,-0.024
2137,-0.059
2138,0.052
2139,-0.102
2140,-0.048
2141,-0.123
2142,0.078
2143,0.034
2144,0.024
2145,-0.099
2146,-0.041
2147,-0.084
2148,0.078
2149,-0.016
2150,0.052
2151,-0.041
2152,0.029
2153,0.048
2154,0.008
2155,0.011
2156,0.059
2157,-0.087
2158,-0.087
2159,0.052
2160,0.112
2161,0.089
2162,0.078
2163,-0.037
2164,0.053
2165,-0.056
2166,-0.016
2167,-0.051
2168,0.034
2169,-0.067
2170,-0.002
2171,-0.020
2172,0.025
2173,0.035
2174,0.017
2175,-0.052
2176,0.032
2177,0.064
2178,-0.075
2179,0.080
2180,0.063
2181,0.030
2182,0.016
2183,-0.020
2184,-0.003
2185,0.015
2186,-0.015
2187,-0.017
2188,-0.061
2189,-0.064
2190,0.006
2191,-0.007
2192,0.006
2193,0.009
2194,-0.038
2195,0.029
2196,0.092
2197,0.032
2198,0.057
2199,0.091
2200,0.047
2201,0.050
2202,-0.047
2203,0.075
2204,0.119
2205,0.044
2206,0.051
2207,-0.010
2208,0.046
2209,0.041
2210,-0.094
2211,-0.003
2212,0.009
2213,-0.012
2214,-0.059
2215,0.012
2216,-0.080
2217,0.019
2218,-0.045
2219,0.059
2220,-0.012
2221,0.038
2222,0.010
2223,-0.032
2224,-0.104
2225,-0.068
2226,0.069
2227,0.010
2228,0.054
2229,-0.084
2230,-0.082
2231,0.015
2232,0.070
2233,0.056
2234,0.032
2235,0.084
2236,-0.027
2237,0.071
2238,0.046
2239,-0.031
2240,0.056
2241,0.128
2242,0.020
2243,-0.030
2244,-0.043
2245,0.118
2246,-0.081
2247,-0.091
2248,-0.040
2249,-0.003
2250,0.065
2251,-0.075
2252,-0.127
2253,0.027
2254,0.008
2255,-0.045
2256,-0.058
2257,-0.053
2258,-0.026
2259,-0.020
2260,-0.000
2261,0.002
2262,-0.027
2263,-0.026
2264,0.047
2265,-0.017
2266,-0.010
2267,0.037
2268,-0.113
2269,-0.009
2270,-0.019
2271,0.145
2272,0.009
2273,0.022
2274,-0.018
2275,0.020
2276,-0.020
2277,0.060
2278,0.067
2279,0.117
2280,-0.062
2281,0.041
2282,0.082
2283,0.059
2284,-0.029
2285,0.059
2286,0.004
2287,-0.104
2288,-0.030
2289,0.026
2290,-0.025
2291,0.068
2292,-0.023
2293,0.038
2294,0.043
2295,-0.027
2296,0.023
2297,-0.062
2298,-0.016
2299,-0.029
2300,0.042
2301,-0.040
2302,0.116
2303,0.039
2304,-0.075
2305,-0.004
2306,-0.017
2307,-0.074
2308,0.007
2309,0.005
2310,-0.049
2311,-0.036
2312,-0.018
2313,0.017
2314,0.052
2315,-0.011
2316,-0.041
2317,-0.021
2318,0.057
2319,0.034
2320,-0.068
2321,-0.007
2322,-0.004
2323,0.075
2324,-0.077
2325,0.118
2326,0.016
2327,-0.045
2328,0.073
2329,0.011
2330,0.066
2331,-0.041
2332,0.037
2333,-0.015
2334,0.037
2335,-0.072
2336,0.050
2337,0.013
2338,0.008
2339,0.033
2340,-0.050
2341,0.024
2342,-0.012
2343,0.099
2344,0.063
2345,0.015
2346,0.068
2347,0.089
2348,-0.035
2349,-0.000
2350,0.063
2351,0.017
2352,0.035
2353,0.004
2354,-0.051
2355,-0.021
2356,0.054
2357,-0.001
2358,0.014
2359,-0.066
2360,-0.115
2361,-0.080
2362,0.032
2363,0.013
2364,-0.013
2365,-0.038
2366,0.128
2367,-0.014
2368,0.004
2369,-0.013
2370,0.004
2371,-0.030
2372,-0.007
2373,-0.022
2374,0.044
2375,0.025
2376,0.022
2377,0.025
2378,-0.072
2379,0.021
2380,0.006
2381,-0.085
2382,0.019
2383,-0.032
2384,-0.036
2385,0.021
2386,-0.035
2387,-0.017
2388,-0.091
2389,0.080
2390,0.044
2391,0.073
2392,-0.037
2393,-0.025
2394,-0.010
2395,0.009
2396,-0.038
2397,0.028
2398,-0.010
2399,-0.069
2400,0.020
2401,0.043
2402,0.068
2403,0.028
2404,0.016
2405,0.093
2406,-0.007
2407,0.029
2408,-0.097
2409,-0.012
2410,-0.025
2411,0.052
2412,-0.038
2413,0.066
2414,0.016
2415,0.026
2416,0.011
2417,0.013
2418,-0.127
2419,-0.050
2420,-0.019
2421,0.027
2422,-0.001
2423,0.020
2424,-0.033
2425,0.072
2426,0.067
2427,0.047
2428,0.049
2429,0.000
2430,0.034
2431,-0.080
2432,-0.006
2433,-0.028
2434,-0.004
2435,-0.006
2436,-0.033
2437,0.018
2438,0.007
2439,0.039
2440,-0.004
2441,-0.010
2442,0.065
2443,-0.033
2444,-0.015
2445,-0.049
2446,-0.052
2447,-0.013
2448,0.066
2449,0.054
2450,-0.005
2451,0.006
2452,-0.054
2453,-0.049
2454,0.080
2455,0.012
2456,-0.027
2457,0.055
2458,-0.035
2459,-0.077
2460,0.078
2461,0.094
2462,0.048
2463,-0.027
2464,-0.014
2465,0.053
2466,-0.008
2467,0.048
2468,-0.039
2469,0.016
2470,-0.044
2471,0.041
2472,0.046
2473,0.007
2474,-0.013
2475,-0.044
2476,0.064
2477,0.068
2478,0.032
2479,-0.001
2480,-0.008
2481,-0.014
2482,0.081
2483,-0.023
2484,-0.031
2485,-0.056
2486,-0.040
2487,-0.087
2488,0.018
2489,0.021
2490,-0.018
2491,-0.074
2492,-0.044
2493,0.000
2494,-0.000
2495,-0.030
2496,-0.012
2497,-0.028
2498,-0.014
2499,0.006
2500,0.035
2501,-0.102
2502,-0.009
2503,0.023
2504,0.014
2505,0.028
2506,-0.043
2507,0.056
2508,-0.038
2509,-0.096
2510,0.028
2511,-0.013
2512,0.094
2513,0.036
2514,0.005
2515,-0.047
2516,0.024
2517,0.045
2518,-0.023
2519,0.010
2520,0.029
2521,-0.021
2522,0.017
2523,0.030
2524,0.042
2525,0.012
2526,-0.039
2527,-0.160
2528,0.009
2529,0.084
2530,-0.030
2531,-0.098
2532,0.045
2533,-0.029
2534,0.056
2535,-0.020
2536,-0.059
2537,0.001
2538,-0.002
2539,-0.097
2540,0.000
2541,0.024
2542,-0.071
2543,-0.035
2544,0.040
2545,-0.001
2546,-0.070
2547,0.047
2548,-0.028
2549,-0.054
2550,0.001
2551,0.012
2552,0.080
2553,-0.099
2554,0.020
2555,-0.048
2556,-0.053
2557,0.063
2558,-0.027
2559,0.012
2560,0.147
2561,0.055
2562,0.031
2563,-0.034
2564,-0.019
2565,-0.040
2566,0.014
2567,0.110
2568,0.031
2569,0.017
2570,0.025
2571,0.003
2572,-0.023
2573,0.030
2574,-0.054
2575,-0.007
2576,0.041
2577,-0.014
2578,0.017
2579,0.030
2580,0.061
2581,-0.008
2582,-0.010
2583,-0.024
2584,0.002
2585,-0.049
2586,0.006
2587,0.013
2588,0.043
2589,0.114
2590,0.013
2591,-0.000
2592,-0.104
2593,0.055
2594,0.116
2595,-0.013
2596,0.151
2597,0.064
2598,0.038
2599,-0.024
2600,-0.111
2601,0.031
2602,0.018
2603,-0.042
2604,0.013
2605,-0.014
2606,-0.026
2607,-0.016
2608,-0.056
2609,-0.055
2610,-0.054
2611,0.061
2612,0.028
2613,-0.047
2614,-0.105
2615,-0.016
2616,-0.080
2617,0.023
2618,0.039
2619,0.059
2620,-0.012
2621,0.074
2622,0.011
2623,-0.058
2624,-0.047
2625,-0.007
2626,0.037
2627,0.000
2628,-0.023
2629,0.022
2630,0.029
2631,-0.038
2632,-0.001
2633,-0.135
2634,0.025
2635,-0.014
2636,-0.068
2637,0.083
2638,0.014
2639,-0.041
2640,-0.000
2641,0.021
2642,0.002
2643,0.026
2644,-0.015
2645,-0.043
2646,-0.060
2647,0.009
2648,0.038
2649,-0.007
2650,0.035
2651,0.002
2652,0.000
2653,-0.024
2654,0.093
2655,0.061
2656,0.068
2657,0.064
2658,-0.002
2659,-0.104
2660,0.026
2661,-0.038
2662,-0.006
2663,0.015
2664,0.056
2665,-0.071
2666,0.012
2667,-0.016
2668,0.071
2669,0.029
2670,-0.031
2671,0.134
2672,0.072
2673,-0.099
2674,-0.064
2675,-0.020
2676,-0.000
2677,-0.011
2678,-0.096
2679,-0.044
2680,-0.019
2681,0.016
2682,-0.011
2683,-0.066
2684,0.060
2685,0.006
2686,-0.038
2687,0.039
2688,-0.034
2689,-0.000
2690,0.023
2691,-0.059
2692,-0.025
2693,-0.024
2694,0.035
2695,-0.063
2696,0.067
2697,-0.048
2698,0.003
2699,-0.025
2700,0.072
2701,0.032
2702,-0.058
2703,-0.021
2704,-0.089
2705,0.103
2706,-0.055
2707,0.127
2708,0.050
2709,-0.053
2710,-0.051
2711,0.034
2712,0.055
2713,0.064
2714,-0.020
2715,0.062
2716,0.029
2717,-0.007
2718,0.076
2719,0.054
2720,0.138
2721,-0.067
2722,0.004
2723,0.099
2724,0.059
2725,0.024
2726,0.014
2727,-0.073
2728,0.039
2729,-0.086
2730,0.027
2731,0.027
2732,0.080
2733,0.091
2734,-0.073
2735,0.028
2736,-0.112
2737,-0.083
2738,0.050
2739,-0.065
2740,0.077
2741,0.081
2742,-0.047
2743,-0.033
2744,-0.036
2745,-0.021
2746,-0.017
2747,-0.012
2748,-0.033
2749,0.063
2750,0.009
2751,0.005
2752,-0.016
2753,0.078
2754,-0.090
2755,0.032
2756,-0.027
2757,0.045
2758,0.043
2759,0.052
2760,0.013
2761,-0.021
2762,0.036
2763,0.070
2764,-0.014
2765,0.008
2766,0.142
2767,0.104
2768,-0.043
2769,0.007
2770,0.038
2771,-0.017
2772,-0.033
2773,-0.053
2774,0.059
2775,-0.033
2776,0.113
2777,0.001
2778,0.083
2779,0.063
2780,0.001
2781,-0.013
2782,0.004
2783,0.033
2784,0.091
2785,0.090
2786,-0.046
2787,0.047
2788,-0.005
2789,-0.019
2790,-0.032
2791,0.024
2792,0.047
2793,-0.099
2794,-0.018
2795,0.071
2796,0.042
2797,0.006
2798,0.051
2799,-0.011
2800,-0.058
2801,0.024
2802,0.059
2803,-0.032
2804,-0.044
2805,0.082
2806,0.023
2807,0.007
2808,0.036
2809,-0.015
2810,-0.001
2811,0.101
2812,0.050
2813,0.063
2814,0.038
2815,0.011
2816,-0.004
2817,-0.024
2818,0.086
2819,-0.030
2820,0.056
2821,0.006
2822,0.095
2823,-0.013
2824,-0.017
2825,-0.039
2826,-0.075
2827,0.011
2828,-0.052
2829,-0.031
2830,-0.029
2831,-0.058
2832,0.082
2833,-0.031
2834,-0.061
2835,0.031
2836,-0.028
2837,0.045
2838,0.020
2839,-0.041
2840,0.008
2841,-0.020
2842,0.002
2843,0.002
2844,-0.043
2845,0.051
2846,0.060
2847,0.032
2848,0.038
2849,-0.003
2850,0.056
2851,0.000
2852,-0.004
2853,-0.054
2854,-0.052
2855,0.064
2856,0.002
2857,-0.064
2858,0.036
2859,-0.050
2860,0.073
2861,0.028
2862,-0.072
2863,-0.009
2864,0.068
2865,0.067
2866,-0.004
2867,-0.001
2868,0.050
2869,-0.073
2870,0.075
2871,0.070
2872,-0.053
2873,-0.036
2874,0.063
2875,0.013
2876,-0.001
2877,0.026
2878,0.059
2879,-0.010
2880,-0.083
2881,0.058
2882,0.109
2883,0.007
2884,0.067
2885,0.045
2886,0.018
2887,-0.049
2888,-0.032
2889,0.003
2890,-0.083
2891,-0.024
2892,0.017
2893,-0.017
2894,-0.047
2895,-0.042
2896,0.014
2897,-0.050
2898,0.020
2899,0.122
2900,0.020
2901,0.008
2902,-0.041
2903,0.004
2904,-0.090
2905,-0.026
2906,0.028
2907,0.034
2908,0.056
2909,-0.033
2910,0.008
2911,0.015
2912,-0.010
2913,-0.079
2914,0.008
2915,-0.028
2916,0.004
2917,-0.055
2918,0.028
2919,0.014
2920,-0.028
2921,0.008
2922,0.025
2923,-0.135
2924,-0.016
2925,-0.000
2926,0.091
2927,0.058
2928,-0.044
2929,-0.075
2930,-0.003
2931,-0.008
2932,0.075
2933,0.127
2934,-0.028
2935,-0.018
2936,0.122
2937,0.097
2938,-0.106
2939,-0.015
2940,-0.011
2941,0.047
2942,0.007
2943,0.085
2944,0.036
2945,0.062
2946,0.033
2947,0.048
2948,-0.042
2949,0.003
2950,-0.029
2951,0.018
2952,0.008
2953,0.012
2954,0.091
2955,0.063
2956,-0.041
2957,0.020
2958,-0.060
2959,0.054
2960,0.062
2961,-0.037
2962,0.010
2963,-0.068
2964,-0.082
2965,-0.032
2966,0.054
2967,0.045
2968,0.047
2969,0.070
2970,0.050
2971,-0.073
2972,-0.041
2973,0.020
2974,0.002
2975,0.013
2976,0.075
2977,0.057
2978,-0.033
2979,0.001
2980,-0.060
2981,0.031
2982,0.094
2983,0.056
2984,0.057
2985,-0.020
2986,0.004
2987,0.079
2988,0.019
2989,0.059
2990,-0.037
2991,-0.006
2992,-0.003
2993,-0.007
2994,-0.057
2995,-0.073
2996,0.046
2997,0.003
2998,0.037
2999,0.061
3000,0.004
3001,-0.005
3002,0.122
3003,0.032
3004,-0.103
3005,-0.051
3006,0.024
3007,-0.004
3008,0.021
3009,0.088
3010,0.025
3011,0.047
3012,-0.045
3013,0.003
3014,-0.039
3015,-0.035
3016,0.114
3017,-0.021
3018,-0.073
3019,0.017
3020,-0.126
3021,-0.028
3022,-0.064
3023,-0.148
3024,-0.036
3025,-0.037
3026,0.082
3027,-0.023
3028,-0.089
3029,-0.048
3030,0.030
3031,0.022
3032,-0.062
3033,0.017
3034,-0.031
3035,-0.008
3036,0.011
3037,0.034
3038,0.015
3039,0.052
3040,0.074
3041,0.049
3042,0.060
3043,-0.011
3044,0.005
3045,0.060
3046,0.031
3047,-0.003
3048,-0.031
3049,0.031
3050,0.009
3051,0.000
3052,-0.008
3053,-0.002
3054,0.044
3055,0.015
3056,-0.017
3057,-0.041
3058,0.059
3059,-0.007
3060,0.009
3061,0.018
3062,0.002
3063,0.038
3064,0.060
3065,0.092
3066,0.025
3067,-0.081
3068,-0.002
3069,0.046
3070,-0.075
3071,0.025
3072,-0.080
3073,-0.025
3074,0.021
3075,-0.014
3076,0.017
3077,0.015
3078,0.011
3079,0.021
3080,0.059
3081,0.058
3082,0.020
3083,-0.003
3084,0.036
3085,0.070
3086,0.009
3087,-0.047
3088,0.020
3089,0.031
3090,-0.116
3091,-0.074
3092,-0.059
3093,0.004
3094,0.010
3095,-0.043
3096,0.071
3097,-0.019
3098,-0.050
3099,0.013
3100,-0.008
3101,-0.026
3102,0.028
3103,0.051
3104,-0.045
3105,-0.050
3106,0.034
3107,-0.070
3108,0.037
3109,-0.049
3110,0.013
3111,-0.024
3112,-0.046
3113,0.021
3114,-0.013
3115,0.040
3116,0.011
3117,0.041
3118,-0.007
3119,0.025
3120,-0.009
3121,-0.077
3122,-0.032
3123,0.032
3124,0.020
3125,0.012
3126,-0.018
3127,0.026
3128,0.030
3129,0.023
3130,-0.067
3131,0.090
3132,-0.007
3133,-0.020
3134,-0.023
3135,-0.011
3136,-0.015
3137,-0.049
3138,-0.054
3139,-0.006
3140,-0.042
3141,-0.026
3142,-0.062
3143,0.063
3144,-0.048
3145,0.038
3146,-0.062
3147,-0.020
3148,0.010
3149,-0.016
3150,0.009
3151,-0.015
3152,0.002
3153,-0.020
3154,0.001
3155,0.010
3156,-0.012
3157,-0.080
3158,-0.072
3159,-0.036
3160,-0.013
3161,0.033
3162,-0.025
3163,0.079
3164,-0.079
3165,-0.012
3166,-0.068
3167,-0.008
3168,-0.016
3169,0.037
3170,0.031
3171,-0.074
3172,-0.034
3173,0.016
3174,-0.006
3175,0.040
3176,0.053
3177,-0.009
3178,0.007
3179,-0.017
3180,-0.084
3181,-0.028
3182,-0.044
3183,0.048
3184,0.017
3185,-0.014
3186,0.029
3187,0.042
3188,-0.010
3189,0.068
3190,0.021
3191,0.029
3192,-0.004
3193,-0.000
3194,0.012
3195,-0.025
3196,-0.021
3197,-0.010
3198,-0.018
3199,-0.011
3200,0.055
3201,0.009
3202,-0.022
3203,0.059
3204,0.031
3205,0.055
3206,0.010
3207,0.045
3208,0.014
3209,0.005
3210,0.083
3211,0.046
3212,0.023
3213,-0.011
3214,-0.079
3215,0.010
3216,0.052
3217,0.051
3218,-0.042
3219,-0.004
3220,-0.076
3221,-0.008
3222,-0.048
3223,-0.080
3224,0.023
3225,0.019
3226,-0.083
3227,-0.047
3228,-0.026
3229,0.047
3230,-0.000
3231,0.019
3232,-0.043
3233,0.026
3234,-0.002
3235,0.028
3236,-0.015
3237,-0.004
3238,0.076
3239,-0.015
3240,0.027
3241,0.109
3242,-0.044
3243,0.061
3244,-0.029
3245,-0.029
3246,0.079
3247,-0.013
3248,-0.023
3249,0.002
3250,0.030
3251,0.038
3252,-0.046
3253,-0.053
3254,0.022
3255,-0.001
3256,-0.111
3257,0.053
3258,0.085
3259,-0.031
3260,0.053
3261,-0.033
3262,-0.000
3263,-0.058
3264,-0.005
3265,-0.018
3266,0.028
3267,-0.050
3268,-0.046
3269,0.001
3270,0.035
3271,0.099
3272,0.009
3273,-0.098
3274,0.011
3275,0.126
3276,-0.002
3277,0.057
3278,0.083
3279,-0.019
3280,-0.032
3281,-0.046
3282,-0.014
3283,-0.025
3284,0.028
3285,-0.047
3286,0.043
3287,-0.037
3288,0.086
3289,-0.043
3290,-0.001
3291,-0.012
3292,-0.026
3293,0.038
3294,0.026
3295,-0.001
3296,-0.019
3297,0.009
3298,-0.015
3299,0.023
3300,-0.003
3301,0.008
3302,-0.018
3303,0.055
3304,-0.012
3305,-0.013
3306,0.029
3307,0.007
3308,-0.030
3309,-0.004
3310,0.029
3311,-0.060
3312,-0.078
3313,0.050
3314,-0.056
3315,0.008
3316,-0.035
3317,0.041
3318,-0.009
3319,0.002
3320,-0.068
3321,0.052
3322,0.013
3323,0.064
3324,-0.025
3325,0.031
3326,-0.023
3327,0.016
3328,0.099
3329,-0.055
3330,0.021
3331,0.080
3332,-0.070
3333,0.022
3334,0.002
3335,0.062
3336,0.072
3337,-0.050
3338,0.007
3339,-0.015
3340,-0.039
3341,0.021
3342,-0.023
3343,-0.043
3344,-0.128
3345,0.039
3346,-0.029
3347,-0.038
3348,0.067
3349,0.018
3350,-0.001
3351,-0.012
3352,0.079
3353,0.007
3354,0.005
3355,-0.023
3356,-0.027
3357,0.005
3358,-0.087
3359,-0.071
3360,-0.014
3361,0.016
3362,0.012
3363,0.005
3364,0.027
3365,-0.016
3366,0.011
3367,-0.058
3368,-0.102
3369,0.072
3370,0.007
3371,-0.015
3372,0.113
3373,0.058
3374,-0.034
3375,-0.030
3376,0.035
3377,0.061
3378,-0.007
3379,-0.042
3380,0.030
3381,-0.016
3382,0.049
3383,0.050
3384,0.055
3385,0.076
3386,0.009
3387,0.060
3388,-0.056
3389,-0.119
3390,-0.048
3391,-0.006
3392,-0.030
3393,0.117
3394,0.016
3395,-0.060
3396,0.067
3397,-0.045
3398,-0.060
3399,0.020
3400,0.029
3401,0.128
3402,0.049
3403,-0.001
3404,0.072
3405,0.017
3406,0.058
3407,-0.000
3408,-0.008
3409,-0.028
3410,0.010
3411,-0.099
3412,-0.045
3413,-0.010
3414,-0.044
3415,0.015
3416,-0.016
3417,0.135
3418,0.027
3419,0.027
3420,0.021
3421,0.009
3422,0.084
3423,0.022
3424,0.017
3425,-0.078
3426,-0.010
3427,-0.062
3428,0.144
3429,0.032
3430,0.036
3431,0.062
3432,0.073
3433,-0.036
3434,-0.008
3435,-0.059
3436,-0.041
3437,0.015
3438,0.027
3439,0.002
3440,0.003
3441,0.022
3442,0.012
3443,-0.003
3444,-0.032
3445,0.005
3446,-0.065
3447,-0.038
3448,0.087
3449,0.050
3450,0.019
3451,0.031
3452,-0.006
3453,-0.065
3454,-0.002
3455,0.006
3456,0.059
3457,0.038
3458,0.038
3459,0.028
3460,0.087
3461,0.011
3462,0.112
3463,-0.035
3464,0.002
3465,-0.006
3466,0.000
3467,0.030
3468,0.002
3469,-0.043
3470,0.026
3471,-0.019
3472,-0.078
3473,0.010
3474,0.080
3475,0.056
3476,-0.028
3477,-0.040
3478,-0.026
3479,-0.089
3480,0.018
3481,0.014
3482,-0.039
3483,-0.074
3484,0.070
3485,0.032
3486,-0.043
3487,0.088
3488,-0.019
3489,-0.006
3490,-0.021
3491,-0.031
3492,0.008
3493,-0.015
3494,-0.026
3495,-0.008
3496,-0.028
3497,-0.023
3498,0.045
3499,-0.025
3500,0.006
3501,0.015
3502,0.035
3503,0.038
3504,0.083
3505,0.000
3506,-0.065
3507,-0.057
3508,-0.008
3509,0.069
3510,-0.009
3511,0.006
3512,0.017
3513,0.059
3514,-0.012
3515,-0.094
3516,-0.028
3517,-0.008
3518,-0.020
3519,-0.040
3520,0.023
3521,0.143
3522,-0.022
3523,0.041
3524,0.027
3525,-0.029
3526,-0.009
3527,-0.095
3528,-0.009
3529,-0.026
3530,0.013
3531,-0.064
3532,-0.018
3533,-0.022
3534,0.011
3535,0.005
3536,-0.009
3537,-0.040
3538,-0.028
3539,-0.017
3540,0.024
3541,-0.039
3542,-0.014
3543,0.000
3544,-0.017
3545,-0.008
3546,0.011
3547,-0.022
3548,0.138
3549,0.042
3550,-0.010
3551,-0.122
3552,0.033
3553,0.052
3554,-0.044
3555,0.058
3556,0.011
3557,0.020
3558,0.055
3559,-0.067
3560,-0.017
3561,0.015
3562,-0.066
3563,-0.060
3564,-0.024
3565,-0.067
3566,0.050
3567,0.055
3568,0.016
3569,-0.039
3570,0.005
3571,0.040
3572,0.140
3573,0.035
3574,0.012
3575,0.024
3576,0.015
3577,0.013
3578,0.042
3579,0.005
3580,0.003
3581,-0.082
3582,0.016
3583,0.022
3584,0.050
3585,0.057
3586,-0.077
3587,0.044
3588,0.009
3589,-0.017
3590,-0.043
3591,-0.095
3592,-0.038
3593,0.076
3594,-0.030
3595,0.011
3596,0.022
3597,-0.045
3598,-0.054
3599,0.069
3600,0.041
3601,-0.065
3602,0.007
3603,-0.034
3604,-0.093
3605,0.043
3606,0.023
3607,-0.052
3608,-0.012
3609,0.049
3610,-0.035
3611,0.056
3612,0.012
3613,-0.086
3614,-0.026
3615,-0.046
3616,-0.030
3617,0.100
3618,0.080
3619,0.083
3620,-0.015
3621,-0.008
3622,0.014
3623,0.010
3624,-0.030
3625,0.067
3626,-0.088
3627,-0.031
3628,0.045
3629,-0.040
3630,0.010
3631,-0.037
3632,0.030
3633,-0.102
3634,-0.047
3635,-0.044
3636,-0.003
3637,0.066
3638,-0.029
3639,-0.063
3640,-0.141
3641,-0.045
3642,0.057
3643,0.076
3644,0.043
3645,0.002
3646,0.039
3647,-0.011
3648,-0.023
3649,0.034
3650,0.003
3651,0.005
3652,0.082
3653,-0.017
3654,-0.073
3655,-0.027
3656,-0.046
3657,0.025
3658,0.050
3659,-0.047
3660,-0.122
3661,0.021
3662,0.121
3663,0.033
3664,-0.009
3665,0.007
3666,0.044
3667,-0.083
3668,0.044
3669,-0.052
3670,-0.011
3671,-0.010
3672,0.095
3673,0.062
3674,-0.050
3675,0.064
3676,0.008
3677,0.080
3678,-0.041
3679,-0.008
3680,-0.018
3681,-0.000
3682,-0.005
3683,-0.028
3684,0.084
3685,-0.093
3686,-0.045
3687,-0.050
3688,0.018
3689,0.015
3690,-0.068
3691,0.002
3692,-0.019
3693,0.024
3694,0.024
3695,-0.016
3696,0.041
3697,0.044
3698,-0.086
3699,-0.002
3700,-0.032
3701,-0.040
3702,0.007
3703,0.054
3704,0.093
3705,0.005
3706,-0.016
3707,-0.019
3708,0.020
3709,-0.081
3710,0.047
3711,-0.092
3712,0.033
3713,0.036
3714,-0.000
3715,0.030
3716,-0.052
3717,-0.014
3718,-0.020
3719,0.074
3720,0.035
3721,-0.052
3722,0.042
3723,-0.042
3724,0.083
3725,-0.010
3726,0.041
3727,-0.048
3728,0.056
3729,-0.007
3730,0.071
3731,0.013
3732,0.039
3733,-0.071
3734,-0.009
3735,-0.024
3736,0.087
3737,-0.023
3738,-0.030
3739,0.035
3740,-0.029
3741,-0.017
3742,0.006
3743,0.105
3744,0.052
3745,0.013
3746,-0.027
3747,0.011
3748,0.026
3749,0.100
3750,-0.017
3751,-0.000
3752,0.045
3753,0.028
3754,0.031
3755,0.044
3756,0.071
3757,0.091
3758,-0.022
3759,-0.039
3760,-0.006
3761,0.012
3762,0.011
3763,-0.093
3764,-0.056
3765,0.086
3766,0.009
3767,0.065
3768,0.008
3769,-0.013
3770,-0.055
3771,0.083
3772,-0.025
3773,-0.009
3774,-0.008
3775,0.019
3776,-0.012
3777,0.058
3778,-0.045
3779,-0.058
3780,-0.024
3781,0.050
3782,-0.058
3783,0.046
3784,-0.043
3785,-0.032
3786,-0.004
3787,-0.050
3788,-0.043
3789,-0.024
3790,-0.028
3791,0.055
3792,-0.117
3793,-0.012
3794,0.009
3795,-0.043
3796,0.034
3797,-0.056
3798,0.000
3799,-0.002
3800,0.034
3801,0.027
3802,-0.089
3803,-0.075
3804,-0.038
3805,0.006
3806,-0.016
3807,-0.075
3808,0.013
3809,0.037
3810,0.004
3811,0.037
3812,0.064
3813,-0.026
3814,-0.022
3815,0.045
3816,-0.043
3817,-0.043
3818,-0.021
3819,-0.053
3820,0.070
3821,0.018
3822,-0.027
3823,0.103
3824,-0.021
3825,-0.033
3826,0.002
3827,-0.014
3828,-0.041
3829,0.084
3830,-0.003
3831,0.021
3832,0.032
3833,-0.054
3834,0.044
3835,-0.088
3836,-0.054
3837,-0.040
3838,0.035
3839,-0.058
3840,0.032
3841,-0.014
3842,0.028
3843,-0.059
3844,-0.004
3845,0.086
3846,-0.010
3847,0.015
3848,0.018
3849,0.058
3850,-0.015
3851,0.045
3852,0.090
3853,-0.021
3854,0.054
3855,0.056
3856,0.036
3857,0.033
3858,0.070
3859,0.036
3860,-0.027
3861,-0.048
3862,-0.063
3863,-0.034
3864,0.024
3865,0.054
3866,0.020
3867,-0.055
3868,-0.038
3869,-0.068
3870,-0.045
3871,-0.010
3872,-0.046
3873,0.012
3874,-0.023
3875,0.006
3876,-0.001
3877,0.030
3878,0.047
3879,0.047
3880,-0.074
3881,0.029
3882,-0.000
3883,0.021
3884,0.088
3885,0.058
3886,-0.069
3887,0.008
3888,-0.053
3889,-0.075
3890,0.037
3891,-0.017
3892,-0.003
3893,0.011
3894,0.046
3895,-0.046
3896,0.008
3897,0.019
3898,-0.013
3899,-0.031
3900,0.004
3901,-0.076
3902,0.031
3903,0.003
3904,-0.039
3905,-0.064
3906,0.000
3907,0.034
3908,-0.061
3909,0.030
3910,-0.001
3911,0.047
3912,0.000
3913,-0.024
3914,0.030
3915,0.102
3916,-0.021
3917,0.042
3918,-0.071
3919,0.026
3920,0.017
3921,-0.075
3922,0.038
3923,-0.111
3924,0.059
3925,0.034
3926,-0.010
3927,0.000
3928,0.093
3929,-0.010
3930,0.023
3931,0.040
3932,0.011
3933,0.031
3934,-0.040
3935,0.021
3936,0.025
3937,-0.085
3938,-0.013
3939,-0.049
3940,0.066
3941,0.001
3942,0.094
3943,-0.009
3944,0.086
3945,-0.053
3946,-0.073
3947,0.010
3948,0.108
3949,0.007
3950,-0.073
3951,-0.066
3952,0.061
3953,0.020
3954,0.035
3955,0.001
3956,0.020
3957,-0.074
3958,0.067
3959,0.059
3960,-0.054
3961,0.009
3962,-0.006
3963,-0.012
3964,-0.022
3965,0.060
3966,0.094
3967,0.071
3968,0.032
3969,0.006
3970,-0.038
3971,0.039
3972,0.018
3973,0.057
3974,-0.060
3975,0.035
3976,-0.010
3977,0.021
3978,0.003
3979,0.016
3980,-0.038
3981,0.033
3982,0.045
3983,0.059
3984,-0.050
3985,0.053
3986,-0.081
3987,0.057
3988,-0.022
3989,0.038
3990,-0.003
3991,-0.079
3992,-0.010
3993,-0.061
3994,0.041
3995,-0.078
3996,0.026
3997,0.021
3998,0.068
3999,-0.037
4000,0.050
4001,0.024
4002,-0.001
4003,0.014
4004,0.065
4005,-0.089
4006,0.021
4007,-0.036
4008,0.137
4009,-0.085
4010,-0.013
4011,-0.002
4012,-0.020
4013,-0.018
4014,-0.039
4015,-0.050
4016,0.078
4017,0.060
4018,0.098
4019,0.007
4020,0.040
4021,-0.045
4022,-0.031
4023,0.038
4024,0.061
4025,0.017
4026,-0.020
4027,0.049
4028,0.032
4029,0.038
4030,0.065
4031,0.031
4032,-0.070
4033,-0.035
4034,0.024
4035,-0.043
4036,0.024
4037,0.003
4038,0.092
4039,-0.032
4040,-0.035
4041,-0.060
4042,0.034
4043,0.004
4044,0.019
4045,0.071
4046,-0.003
4047,0.011
4048,0.083
4049,0.017
4050,-0.013
4051,0.038
4052,0.096
4053,-0.035
4054,0.006
4055,0.001
4056,0.048
4057,0.033
4058,-0.038
4059,0.009
4060,-0.007
4061,0.030
4062,0.034
4063,-0.047
4064,0.016
4065,-0.002
4066,0.021
4067,-0.007
4068,0.002
4069,-0.008
4070,-0.089
4071,-0.011
4072,-0.023
4073,0.003
4074,0.053
4075,-0.052
4076,-0.000
4077,0.028
4078,0.017
4079,-0.020
4080,-0.048
4081,0.059
4082,0.044
4083,0.018
4084,0.054
4085,-0.132
4086,-0.058
4087,-0.046
4088,0.028
4089,0.039
4090,-0.017
4091,-0.001
4092,-0.081
4093,0.020
4094,0.011
4095,-0.119
4096,-0.007
4097,-0.014
4098,-0.025
4099,0.041
4100,-0.058
4101,0.031
4102,0.038
4103,0.018
4104,-0.030
4105,-0.015
4106,0.005
4107,-0.042
4108,0.062
4109,-0.010
4110,0.042
4111,-0.015
4112,-0.032
4113,-0.015
4114,0.030
4115,-0.016
4116,0.023
4117,0.105
4118,0.018
4119,0.057
4120,0.022
4121,0.030
4122,-0.034
4123,0.004
4124,-0.017
4125,0.051
4126,0.012
4127,-0.015
4128,-0.051
4129,-0.032
4130,-0.004
4131,0.066
4132,-0.048
4133,-0.042
4134,-0.013
4135,0.065
4136,-0.045
4137,0.058
4138,-0.023
4139,-0.019
4140,0.017
4141,-0.021
4142,-0.025
4143,-0.055
4144,-0.021
4145,-0.079
4146,-0.010
4147,0.110
4148,0.022
4149,-0.058
4150,-0.008
4151,0.113
4152,0.024
4153,-0.082
4154,0.045
4155,0.010
4156,0.020
4157,-0.010
4158,0.065
4159,0.017
4160,-0.036
4161,-0.058
4162,-0.021
4163,-0.029
4164,0.040
4165,0.059
4166,0.028
4167,0.043
4168,0.012
4169,-0.088
4170,0.023
4171,0.055
4172,0.004
4173,0.089
4174,-0.059
4175,0.015
4176,-0.059
4177,0.053
4178,-0.009
4179,-0.028
4180,0.084
4181,0.070
4182,-0.000
4183,-0.055
4184,-0.008
4185,-0.038
4186,-0.067
4187,-0.003
4188,0.008
4189,0.061
4190,-0.091
4191,0.044
4192,0.001
4193,0.017
4194,0.014
4195,-0.031
4196,-0.048
4197,0.025
4198,-0.074
4199,0.067
4200,0.027
4201,0.022
4202,0.091
4203,-0.096
4204,-0.036
4205,-0.052
4206,0.027
4207,-0.101
4208,-0.050
4209,-0.015
4210,0.013
4211,-0.047
4212,0.016
4213,-0.006
4214,0.016
4215,0.069
4216,0.004
4217,-0.009
4218,-0.041
4219,-0.005
4220,0.028
4221,0.012
4222,-0.082
4223,-0.030
4224,0.039
4225,-0.071
4226,-0.050
4227,0.080
4228,-0.047
4229,-0.020
4230,0.006
4231,-0.024
4232,-0.060
4233,0.056
4234,0.036
4235,-0.002
4236,0.019
4237,-0.016
4238,-0.039
4239,0.023
4240,-0.002
4241,-0.066
4242,0.028
4243,0.023
4244,-0.018
4245,-0.032
4246,0.041
4247,0.067
4248,0.042
4249,-0.003
4250,-0.019
4251,-0.043
4252,-0.004
4253,-0.022
4254,0.054
4255,-0.046
4256,-0.071
4257,-0.040
4258,0.025
4259,-0.019
4260,-0.022
4261,-0.032
4262,0.024
4263,0.037
4264,0.057
4265,0.021
4266,0.010
4267,-0.019
4268,0.017
4269,-0.075
4270,0.087
4271,-0.038
4272,0.011
4273,0.028
4274,0.066
4275,-0.050
4276,0.072
4277,0.073
4278,-0.060
4279,-0.046
4280,0.039
4281,-0.025
4282,-0.004
4283,-0.015
4284,0.058
4285,0.004
4286,0.073
4287,-0.057
4288,-0.040
4289,0.021
4290,0.015
4291,0.032
4292,-0.075
4293,-0.022
4294,-0.025
4295,0.043
4296,-0.054
4297,-0.038
4298,-0.009
4299,-0.043
4300,0.042
4301,0.041
4302,0.020
4303,0.002
4304,0.053
4305,-0.028
4306,-0.046
4307,-0.016
4308,0.050
4309,0.070
4310,-0.055
4311,0.017
4312,-0.016
4313,0.062
4314,-0.023
4315,-0.020
4316,0.010
4317,-0.039
4318,0.030
4319,-0.017
4320,-0.095
4321,-0.038
4322,-0.050
4323,-0.058
4324,0.030
4325,-0.002
4326,-0.069
4327,0.064
4328,-0.059
4329,-0.011
4330,-0.077
4331,-0.019
4332,0.039
4333,0.061
4334,-0.040
4335,-0.008
4336,-0.006
4337,0.109
4338,-0.049
4339,-0.061
4340,-0.006
4341,-0.005
4342,-0.045
4343,-0.009
4344,0.002
4345,0.088
4346,-0.016
4347,0.047
4348,-0.099
4349,-0.016
4350,-0.088
4351,-0.007
4352,-0.027
4353,-0.065
4354,-0.116
4355,-0.060
4356,0.075
4357,0.006
4358,-0.123
4359,0.031
4360,-0.071
4361,-0.076
4362,0.041
4363,0.022
4364,-0.063
4365,-0.044
4366,0.052
4367,0.061
4368,-0.013
4369,-0.041
4370,-0.038
4371,-0.075
4372,-0.089
4373,-0.015
4374,0.020
4375,-0.062
4376,-0.041
4377,-0.018
4378,-0.024
4379,-0.037
4380,0.001
4381,-0.005
4382,-0.000
4383,0.020
4384,0.018
4385,0.039
4386,-0.014
4387,-0.006
4388,0.051
4389,0.006
4390,-0.012
4391,-0.031
4392,0.018
4393,0.023
4394,0.021
4395,-0.035
4396,-0.082
4397,0.106
4398,-0.087
4399,0.009
4400,0.040
4401,0.099
4402,0.021
4403,0.004
4404,0.048
4405,0.033
4406,0.008
4407,0.008
4408,-0.030
4409,-0.057
4410,0.041
4411,0.034
4412,-0.091
4413,0.047
4414,-0.031
4415,0.052
4416,0.028
4417,-0.069
4418,0.072
4419,0.036
4420,-0.078
4421,-0.087
4422,-0.063
4423,-0.018
4424,0.007
4425,-0.014
4426,0.012
4427,-0.074
4428,0.036
4429,0.043
4430,-0.065
4431,0.120
4432,0.052
4433,0.007
4434,0.054
4435,-0.107
4436,-0.038
4437,0.099
4438,0.024
4439,-0.068
4440,-0.005
4441,0.047
4442,0.025
4443,0.080
4444,-0.022
4445,-0.083
4446,-0.079
4447,0.034
4448,-0.074
4449,0.021
4450,0.008
4451,-0.038
4452,0.011
4453,0.004
4454,-0.048
4455,0.003
4456,0.052
4457,-0.050
4458,-0.010
4459,-0.025
4460,0.010
4461,-0.105
4462,0.096
4463,-0.063
4464,0.061
4465,-0.097
4466,-0.006
4467,-0.025
4468,0.039
4469,0.040
4470,-0.056
4471,0.007
4472,-0.004
4473,0.063
4474,-0.077
4475,-0.068
4476,-0.050
4477,0.013
4478,-0.004
4479,0.014
4480,-0.020
4481,-0.081
4482,0.031
4483,-0.012
4484,0.114
4485,-0.035
4486,0.084
4487,-0.027
4488,-0.051
4489,-0.006
4490,0.004
4491,-0.084
4492,0.008
4493,0.053
4494,-0.015
4495,0.017
4496,-0.007
4497,0.037
4498,0.016
4499,0.019
4500,-0.007
4501,-0.071
4502,0.084
4503,-0.042
4504,0.018
4505,0.114
4506,0.070
4507,-0.020
4508,-0.025
4509,0.037
4510,-0.030
4511,-0.074
4512,-0.062
4513,-0.043
4514,0.003
4515,-0.041
4516,0.037
4517,-0.047
4518,-0.061
4519,-0.077
4520,0.035
4521,0.079
4522,-0.051
4523,-0.030
4524,0.029
4525,0.021
4526,0.018
4527,-0.072
4528,-0.071
4529,-0.052
4530,0.004
4531,0.004
4532,-0.009
4533,-0.010
4534,-0.022
4535,-0.006
4536,-0.019
4537,0.015
4538,0.040
4539,0.036
4540,-0.007
4541,-0.059
4542,-0.049
4543,-0.017
4544,0.040
4545,-0.046
4546,0.003
4547,0.060
4548,-0.050
4549,-0.018
4550,-0.032
4551,0.045
4552,0.025
4553,-0.002
4554,-0.012
4555,0.047
4556,0.044
4557,-0.027
4558,-0.004
4559,-0.041
4560,0.029
4561,-0.019
4562,-0.070
4563,-0.001
4564,-0.055
4565,-0.008
4566,0.019
4567,-0.028
4568,0.022
4569,0.016
4570,0.085
4571,0.047
4572,0.041
4573,0.024
4574,0.032
4575,-0.084
4576,0.029
4577,0.053
4578,0.048
4579,0.088
4580,0.009
4581,-0.036
4582,0.009
4583,-0.065
4584,-0.003
4585,-0.011
4586,0.012
4587,-0.067
4588,0.059
4589,-0.003
4590,-0.049
4591,0.061
4592,0.054
4593,0.099
4594,0.064
4595,0.083
4596,-0.024
4597,-0.102
4598,-0.021
4599,0.044
4600,0.023
4601,0.027
4602,0.012
4603,0.006
4604,-0.003
4605,0.040
4606,-0.019
4607,-0.002
4608,-0.011
4609,0.011
4610,-0.024
4611,-0.013
4612,-0.102
4613,0.043
4614,0.034
4615,0.032
4616,0.009
4617,0.047
4618,-0.115
4619,-0.055
4620,0.062
4621,0.008
4622,-0.053
4623,-0.027
4624,-0.053
4625,0.057
4626,0.021
4627,0.088
4628,0.044
4629,0.093
4630,0.044
4631,0.085
4632,0.052
4633,0.061
4634,0.078
4635,0.066
4636,-0.043
4637,0.014
4638,0.008
4639,-0.042
4640,0.059
4641,-0.008
4642,0.076
4643,0.048
4644,0.006
4645,-0.047
4646,-0.025
4647,0.067
4648,0.059
4649,-0.008
4650,0.024
4651,-0.000
4652,0.113
4653,0.021
4654,0.034
4655,-0.050
4656,-0.069
4657,0.101
4658,-0.076
4659,-0.004
4660,0.026
4661,0.032
4662,-0.010
4663,-0.095
4664,0.007
4665,0.018
4666,0.038
4667,0.038
4668,0.060
4669,-0.099
4670,0.030
4671,-0.050
4672,-0.016
4673,0.006
4674,0.021
4675,0.105
4676,-0.045
4677,-0.012
4678,0.040
4679,0.041
4680,0.056
4681,-0.001
4682,-0.036
4683,-0.082
4684,0.022
4685,-0.047
4686,0.023
4687,0.104
4688,-0.078
4689,-0.012
4690,-0.009
4691,-0.016
4692,0.057
4693,-0.074
4694,-0.013
4695,0.054
4696,-0.038
4697,0.038
4698,0.077
4699,-0.007
4700,-0.003
4701,-0.103
4702,-0.012
4703,0.020
4704,-0.016
4705,-0.062
4706,-0.016
4707,0.037
4708,0.057
4709,-0.008
4710,0.047
4711,-0.039
4712,-0.015
4713,-0.004
4714,-0.038
4715,0.022
4716,-0.026
4717,-0.077
4718,-0.042
4719,-0.001
4720,-0.020
4721,-0.073
4722,0.021
4723,-0.039
4724,0.051
4725,0.009
4726,-0.048
4727,0.000
4728,-0.005
4729,-0.007
4730,-0.059
4731,-0.061
4732,-0.133
4733,0.025
4734,0.002
4735,0.063
4736,0.058
4737,0.006
4738,-0.071
4739,-0.000
4740,-0.018
4741,-0.150
4742,-0.006
4743,-0.021
4744,0.018
4745,0.030
4746,0.062
4747,0.033
4748,-0.064
4749,0.073
4750,-0.002
4751,0.048
4752,-0.037
4753,-0.039
4754,-0.015
4755,-0.074
4756,-0.019
4757,-0.004
4758,0.015
4759,0.022
4760,-0.058
4761,0.047
4762,-0.013
4763,0.088
4764,0.047
4765,-0.011
4766,-0.056
4767,-0.001
4768,-0.010
4769,0.050
4770,-0.087
4771,-0.029
4772,0.028
4773,0.103
4774,-0.090
4775,0.048
4776,-0.015
4777,-0.115
4778,0.059
4779,0.078
4780,-0.061
4781,0.010
4782,-0.027
4783,0.016
4784,0.052
4785,0.038
4786,0.150
4787,0.016
4788,-0.079
4789,-0.016
4790,-0.125
4791,-0.016
4792,0.097
4793,-0.033
4794,0.015
4795,0.045
4796,0.040
4797,0.059
4798,0.057
4799,-0.027
4800,-0.018
4801,-0.015
4802,-0.058
4803,0.048
4804,0.091
4805,-0.048
4806,-0.027
4807,0.058
4808,0.031
4809,-0.003
4810,0.076
4811,-0.002
4812,0.016
4813,-0.001
4814,-0.092
4815,0.044
4816,0.012
4817,-0.022
4818,0.024
4819,-0.031
4820,0.033
4821,-0.069
4822,0.035
4823,0.026
4824,0.056
4825,0.038
4826,-0.065
4827,-0.024
4828,0.049
4829,-0.001
4830,-0.005
4831,0.053
4832,-0.003
4833,0.029
4834,0.106
4835,0.003
4836,-0.028
4837,0.106
4838,0.041
4839,-0.010
4840,0.051
4841,-0.055
4842,-0.037
4843,-0.090
4844,-0.091
4845,0.016
4846,-0.031
4847,-0.002
4848,0.035
4849,0.004
4850,0.071
4851,0.069
4852,0.028
4853,0.042
4854,-0.056
4855,0.054
4856,-0.004
4857,-0.057
4858,0.065
4859,0.010
4860,0.028
4861,-0.051
4862,0.069
4863,0.048
4864,-0.008
4865,0.092
4866,0.023
4867,-0.120
4868,0.043
4869,0.035
4870,0.060
4871,-0.037
4872,-0.020
4873,-0.108
4874,0.019
4875,0.022
4876,-0.046
4877,0.032
4878,-0.036
4879,0.076
4880,-0.003
4881,-0.029
4882,-0.015
4883,-0.023
4884,0.002
4885,0.004
4886,0.035
4887,-0.007
4888,0.030
4889,0.014
4890,-0.045
4891,0.060
4892,-0.081
4893,0.006
4894,-0.065
4895,0.031
4896,-0.017
4897,-0.040
4898,0.061
4899,-0.087
4900,-0.069
4901,0.017
4902,-0.094
4903,0.106
4904,-0.052
4905,0.005
4906,-0.058
4907,-0.009
4908,0.072
4909,0.038
4910,-0.040
4911,-0.069
4912,0.090
4913,-0.066
4914,-0.009
4915,-0.016
4916,0.086
4917,-0.024
4918,0.070
4919,0.002
4920,0.023
4921,-0.046
4922,0.047
4923,-0.075
4924,0.079
4925,-0.004
4926,-0.011
4927,0.028
4928,-0.093
4929,-0.083
4930,-0.079
4931,-0.018
4932,0.046
4933,0.042
4934,0.057
4935,-0.069
4936,0.012
4937,0.032
4938,0.014
4939,0.050
4940,-0.005
4941,0.014
4942,-0.061
4943,-0.098
4944,-0.019
4945,-0.004
4946,0.032
4947,0.014
4948,0.009
4949,-0.078
4950,0.018
4951,-0.013
4952,0.056
4953,0.019
4954,0.012
4955,-0.070
4956,0.027
4957,-0.002
4958,0.017
4959,0.036
4960,-0.022
4961,0.050
4962,0.029
4963,0.038
4964,-0.007
4965,-0.037
4966,0.048
4967,-0.028
4968,-0.103
4969,-0.005
4970,-0.035
4971,0.000
4972,0.049
4973,-0.018
4974,-0.055
4975,-0.016
4976,0.032
4977,0.018
4978,0.016
4979,0.081
4980,0.012
4981,-0.028
4982,-0.018
4983,-0.042
4984,-0.018
4985,0.058
4986,0.054
4987,-0.062
4988,-0.141
4989,-0.009
4990,0.024
4991,0.023
4992,0.031
4993,-0.002
4994,0.014
4995,0.000
4996,0.013
4997,0.110
4998,-0.043
4999,-0.012
5000,0.009
5001,0.008
5002,-0.002
5003,-0.062
5004,-0.030
5005,0.033
5006,0.026
5007,0.058
5008,-0.069
5009,0.002
5010,-0.035
5011,-0.050
5012,-0.087
5013,-0.049
5014,0.027
5015,-0.027
5016,0.043
5017,-0.007
5018,-0.136
5019,-0.108
5020,0.017
5021,0.065
5022,0.027
5023,0.103
5024,-0.063
5025,0.040
5026,-0.017
5027,0.057
5028,0.045
5029,-0.044
5030,-0.037
5031,0.016
5032,0.036
5033,-0.021
5034,-0.068
5035,-0.021
5036,0.039
5037,-0.002
5038,0.001
5039,0.065
5040,-0.146
5041,0.017
5042,0.028
5043,0.088
5044,-0.012
5045,0.039
5046,-0.001
5047,0.007
5048,-0.015
5049,-0.063
5050,-0.067
5051,0.005
5052,-0.072
5053,0.017
5054,-0.030
5055,-0.046
5056,0.046
5057,0.015
5058,-0.043
5059,0.059
5060,-0.011
5061,-0.013
5062,0.019
5063,0.082
5064,0.095
5065,-0.018
5066,0.058
5067,-0.037
5068,0.064
5069,0.034
5070,0.015
5071,0.092
5072,-0.086
5073,-0.000
5074,-0.029
5075,-0.045
5076,-0.011
5077,0.046
5078,-0.020
5079,-0.054
5080,-0.010
5081,-0.043
5082,-0.012
5083,0.009
5084,0.058
5085,-0.008
5086,0.080
5087,-0.040
5088,-0.009
5089,-0.002
5090,-0.080
5091,0.031
5092,0.044
5093,0.027
5094,-0.066
5095,-0.014
5096,-0.032
5097,-0.153
5098,0.039
5099,0.027
5100,0.035
5101,-0.072
5102,-0.051
5103,-0.006
5104,0.016
5105,0.060
5106,-0.016
5107,-0.029
5108,0.036
5109,-0.027
5110,0.080
5111,0.050
5112,-0.068
5113,0.025
5114,0.099
5115,0.022
5116,0.036
5117,-0.024
5118,0.089
5119,0.014
