Channel	ROC	FEB	FEBchannel
0	1	0	0
1	1	2	0
2	1	0	1
3	1	2	1
4	1	0	2
5	1	2	2
6	1	0	3
7	1	2	3
8	1	0	4
9	1	2	4
10	1	0	5
11	1	2	5
12	1	0	6
13	1	2	6
14	1	0	7
15	1	2	7
16	1	0	8
17	1	2	8
18	1	0	9
19	1	2	9
20	1	0	10
21	1	2	10
22	1	0	11
23	1	2	11
24	1	0	12
25	1	2	12
26	1	0	13
27	1	2	13
28	1	0	14
29	1	2	14
30	1	0	15
31	1	2	15
32	1	0	16
33	1	2	16
34	1	0	17
35	1	2	17
36	1	0	18
37	1	2	18
38	1	0	19
39	1	2	19
40	1	0	20
41	1	2	20
42	1	0	21
43	1	2	21
44	1	0	22
45	1	2	22
46	1	0	23
47	1	2	23
48	1	0	24
49	1	2	24
50	1	0	25
51	1	2	25
52	1	0	26
53	1	2	26
54	1	0	27
55	1	2	27
56	1	0	28
57	1	2	28
58	1	0	29
59	1	2	29
60	1	0	30
61	1	2	30
62	1	0	31
63	1	2	31
64	1	0	32
65	1	2	32
66	1	0	33
67	1	2	33
68	1	0	34
69	1	2	34
70	1	0	35
71	1	2	35
72	1	0	36
73	1	2	36
74	1	0	37
75	1	2	37
76	1	0	38
77	1	2	38
78	1	0	39
79	1	2	39
80	1	0	40
81	1	2	40
82	1	0	41
83	1	2	41
84	1	0	42
85	1	2	42
86	1	0	43
87	1	2	43
88	1	0	44
89	1	2	44
90	1	0	45
91	1	2	45
92	1	0	46
93	1	2	46
94	1	0	47
95	1	2	47
96	1	0	48
97	1	2	48
98	1	0	49
99	1	2	49
100	1	0	50
101	1	2	50
102	1	0	51
103	1	2	51
104	1	0	52
105	1	2	52
106	1	0	53
107	1	2	53
108	1	0	54
109	1	2	54
110	1	0	55
111	1	2	55
112	1	0	56
113	1	2	56
114	1	0	57
115	1	2	57
116	1	0	58
117	1	2	58
118	1	0	59
119	1	2	59
120	1	0	60
121	1	2	60
122	1	0	61
123	1	2	61
124	1	0	62
125	1	2	62
126	1	0	63
127	1	2	63
128	1	1	0
129	1	3	0
130	1	1	1
131	1	3	1
132	1	1	2
133	1	3	2
134	1	1	3
135	1	3	3
136	1	1	4
137	1	3	4
138	1	1	5
139	1	3	5
140	1	1	6
141	1	3	6
142	1	1	7
143	1	3	7
144	1	1	8
145	1	3	8
146	1	1	9
147	1	3	9
148	1	1	10
149	1	3	10
150	1	1	11
151	1	3	11
152	1	1	12
153	1	3	12
154	1	1	13
155	1	3	13
156	1	1	14
157	1	3	14
158	1	1	15
159	1	3	15
160	1	1	16
161	1	3	16
162	1	1	17
163	1	3	17
164	1	1	18
165	1	3	18
166	1	1	19
167	1	3	19
168	1	1	20
169	1	3	20
170	1	1	21
171	1	3	21
172	1	1	22
173	1	3	22
174	1	1	23
175	1	3	23
176	1	1	24
177	1	3	24
178	1	1	25
179	1	3	25
180	1	1	26
181	1	3	26
182	1	1	27
183	1	3	27
184	1	1	28
185	1	3	28
186	1	1	29
187	1	3	29
188	1	1	30
189	1	3	30
190	1	1	31
191	1	3	31
192	1	1	32
193	1	3	32
194	1	1	33
195	1	3	33
196	1	1	34
197	1	3	34
198	1	1	35
199	1	3	35
200	1	1	36
201	1	3	36
202	1	1	37
203	1	3	37
204	1	1	38
205	1	3	38
206	1	1	39
207	1	3	39
208	1	1	40
209	1	3	40
210	1	1	41
211	1	3	41
212	1	1	42
213	1	3	42
214	1	1	43
215	1	3	43
216	1	1	44
217	1	3	44
218	1	1	45
219	1	3	45
220	1	1	46
221	1	3	46
222	1	1	47
223	1	3	47
224	1	1	48
225	1	3	48
226	1	1	49
227	1	3	49
228	1	1	50
229	1	3	50
230	1	1	51
231	1	3	51
232	1	1	52
233	1	3	52
234	1	1	53
235	1	3	53
236	1	1	54
237	1	3	54
238	1	1	55
239	1	3	55
240	1	1	56
241	1	3	56
242	1	1	57
243	1	3	57
244	1	1	58
245	1	3	58
246	1	1	59
247	1	3	59
248	1	1	60
249	1	3	60
250	1	1	61
251	1	3	61
252	1	1	62
253	1	3	62
254	1	1	63
255	1	3	63
256	1	4	0
257	1	6	0
258	1	4	1
259	1	6	1
260	1	4	2
261	1	6	2
262	1	4	3
263	1	6	3
264	1	4	4
265	1	6	4
266	1	4	5
267	1	6	5
268	1	4	6
269	1	6	6
270	1	4	7
271	1	6	7
272	1	4	8
273	1	6	8
274	1	4	9
275	1	6	9
276	1	4	10
277	1	6	10
278	1	4	11
279	1	6	11
280	1	4	12
281	1	6	12
282	1	4	13
283	1	6	13
284	1	4	14
285	1	6	14
286	1	4	15
287	1	6	15
288	1	4	16
289	1	6	16
290	1	4	17
291	1	6	17
292	1	4	18
293	1	6	18
294	1	4	19
295	1	6	19
296	1	4	20
297	1	6	20
298	1	4	21
299	1	6	21
300	1	4	22
301	1	6	22
302	1	4	23
303	1	6	23
304	1	4	24
305	1	6	24
306	1	4	25
307	1	6	25
308	1	4	26
309	1	6	26
310	1	4	27
311	1	6	27
312	1	4	28
313	1	6	28
314	1	4	29
315	1	6	29
316	1	4	30
317	1	6	30
318	1	4	31
319	1	6	31
320	1	4	32
321	1	6	32
322	1	4	33
323	1	6	33
324	1	4	34
325	1	6	34
326	1	4	35
327	1	6	35
328	1	4	36
329	1	6	36
330	1	4	37
331	1	6	37
332	1	4	38
333	1	6	38
334	1	4	39
335	1	6	39
336	1	4	40
337	1	6	40
338	1	4	41
339	1	6	41
340	1	4	42
341	1	6	42
342	1	4	43
343	1	6	43
344	1	4	44
345	1	6	44
346	1	4	45
347	1	6	45
348	1	4	46
349	1	6	46
350	1	4	47
351	1	6	47
352	1	4	48
353	1	6	48
354	1	4	49
355	1	6	49
356	1	4	50
357	1	6	50
358	1	4	51
359	1	6	51
360	1	4	52
361	1	6	52
362	1	4	53
363	1	6	53
364	1	4	54
365	1	6	54
366	1	4	55
367	1	6	55
368	1	4	56
369	1	6	56
370	1	4	57
371	1	6	57
372	1	4	58
373	1	6	58
374	1	4	59
375	1	6	59
376	1	4	60
377	1	6	60
378	1	4	61
379	1	6	61
380	1	4	62
381	1	6	62
382	1	4	63
383	1	6	63
384	1	5	0
385	1	7	0
386	1	5	1
387	1	7	1
388	1	5	2
389	1	7	2
390	1	5	3
391	1	7	3
392	1	5	4
393	1	7	4
394	1	5	5
395	1	7	5
396	1	5	6
397	1	7	6
398	1	5	7
399	1	7	7
400	1	5	8
401	1	7	8
402	1	5	9
403	1	7	9
404	1	5	10
405	1	7	10
406	1	5	11
407	1	7	11
408	1	5	12
409	1	7	12
410	1	5	13
411	1	7	13
412	1	5	14
413	1	7	14
414	1	5	15
415	1	7	15
416	1	5	16
417	1	7	16
418	1	5	17
419	1	7	17
420	1	5	18
421	1	7	18
422	1	5	19
423	1	7	19
424	1	5	20
425	1	7	20
426	1	5	21
427	1	7	21
428	1	5	22
429	1	7	22
430	1	5	23
431	1	7	23
432	1	5	24
433	1	7	24
434	1	5	25
435	1	7	25
436	1	5	26
437	1	7	26
438	1	5	27
439	1	7	27
440	1	5	28
441	1	7	28
442	1	5	29
443	1	7	29
444	1	5	30
445	1	7	30
446	1	5	31
447	1	7	31
448	1	5	32
449	1	7	32
450	1	5	33
451	1	7	33
452	1	5	34
453	1	7	34
454	1	5	35
455	1	7	35
456	1	5	36
457	1	7	36
458	1	5	37
459	1	7	37
460	1	5	38
461	1	7	38
462	1	5	39
463	1	7	39
464	1	5	40
465	1	7	40
466	1	5	41
467	1	7	41
468	1	5	42
469	1	7	42
470	1	5	43
471	1	7	43
472	1	5	44
473	1	7	44
474	1	5	45
475	1	7	45
476	1	5	46
477	1	7	46
478	1	5	47
479	1	7	47
480	1	5	48
481	1	7	48
482	1	5	49
483	1	7	49
484	1	5	50
485	1	7	50
486	1	5	51
487	1	7	51
488	1	5	52
489	1	7	52
490	1	5	53
491	1	7	53
492	1	5	54
493	1	7	54
494	1	5	55
495	1	7	55
496	1	5	56
497	1	7	56
498	1	5	57
499	1	7	57
500	1	5	58
501	1	7	58
502	1	5	59
503	1	7	59
504	1	5	60
505	1	7	60
506	1	5	61
507	1	7	61
508	1	5	62
509	1	7	62
510	1	5	63
511	1	7	63
512	1	8	0
513	1	10	0
514	1	8	1
515	1	10	1
516	1	8	2
517	1	10	2
518	1	8	3
519	1	10	3
520	1	8	4
521	1	10	4
522	1	8	5
523	1	10	5
524	1	8	6
525	1	10	6
526	1	8	7
527	1	10	7
528	1	8	8
529	1	10	8
530	1	8	9
531	1	10	9
532	1	8	10
533	1	10	10
534	1	8	11
535	1	10	11
536	1	8	12
537	1	10	12
538	1	8	13
539	1	10	13
540	1	8	14
541	1	10	14
542	1	8	15
543	1	10	15
544	1	8	16
545	1	10	16
546	1	8	17
547	1	10	17
548	1	8	18
549	1	10	18
550	1	8	19
551	1	10	19
552	1	8	20
553	1	10	20
554	1	8	21
555	1	10	21
556	1	8	22
557	1	10	22
558	1	8	23
559	1	10	23
560	1	8	24
561	1	10	24
562	1	8	25
563	1	10	25
564	1	8	26
565	1	10	26
566	1	8	27
567	1	10	27
568	1	8	28
569	1	10	28
570	1	8	29
571	1	10	29
572	1	8	30
573	1	10	30
574	1	8	31
575	1	10	31
576	1	8	32
577	1	10	32
578	1	8	33
579	1	10	33
580	1	8	34
581	1	10	34
582	1	8	35
583	1	10	35
584	1	8	36
585	1	10	36
586	1	8	37
587	1	10	37
588	1	8	38
589	1	10	38
590	1	8	39
591	1	10	39
592	1	8	40
593	1	10	40
594	1	8	41
595	1	10	41
596	1	8	42
597	1	10	42
598	1	8	43
599	1	10	43
600	1	8	44
601	1	10	44
602	1	8	45
603	1	10	45
604	1	8	46
605	1	10	46
606	1	8	47
607	1	10	47
608	1	8	48
609	1	10	48
610	1	8	49
611	1	10	49
612	1	8	50
613	1	10	50
614	1	8	51
615	1	10	51
616	1	8	52
617	1	10	52
618	1	8	53
619	1	10	53
620	1	8	54
621	1	10	54
622	1	8	55
623	1	10	55
624	1	8	56
625	1	10	56
626	1	8	57
627	1	10	57
628	1	8	58
629	1	10	58
630	1	8	59
631	1	10	59
632	1	8	60
633	1	10	60
634	1	8	61
635	1	10	61
636	1	8	62
637	1	10	62
638	1	8	63
639	1	10	63
640	1	9	0
641	1	11	0
642	1	9	1
643	1	11	1
644	1	9	2
645	1	11	2
646	1	9	3
647	1	11	3
648	1	9	4
649	1	11	4
650	1	9	5
651	1	11	5
652	1	9	6
653	1	11	6
654	1	9	7
655	1	11	7
656	1	9	8
657	1	11	8
658	1	9	9
659	1	11	9
660	1	9	10
661	1	11	10
662	1	9	11
663	1	11	11
664	1	9	12
665	1	11	12
666	1	9	13
667	1	11	13
668	1	9	14
669	1	11	14
670	1	9	15
671	1	11	15
672	1	9	16
673	1	11	16
674	1	9	17
675	1	11	17
676	1	9	18
677	1	11	18
678	1	9	19
679	1	11	19
680	1	9	20
681	1	11	20
682	1	9	21
683	1	11	21
684	1	9	22
685	1	11	22
686	1	9	23
687	1	11	23
688	1	9	24
689	1	11	24
690	1	9	25
691	1	11	25
692	1	9	26
693	1	11	26
694	1	9	27
695	1	11	27
696	1	9	28
697	1	11	28
698	1	9	29
699	1	11	29
700	1	9	30
701	1	11	30
702	1	9	31
703	1	11	31
704	1	9	32
705	1	11	32
706	1	9	33
707	1	11	33
708	1	9	34
709	1	11	34
710	1	9	35
711	1	11	35
712	1	9	36
713	1	11	36
714	1	9	37
715	1	11	37
716	1	9	38
717	1	11	38
718	1	9	39
719	1	11	39
720	1	9	40
721	1	11	40
722	1	9	41
723	1	11	41
724	1	9	42
725	1	11	42
726	1	9	43
727	1	11	43
728	1	9	44
729	1	11	44
730	1	9	45
731	1	11	45
732	1	9	46
733	1	11	46
734	1	9	47
735	1	11	47
736	1	9	48
737	1	11	48
738	1	9	49
739	1	11	49
740	1	9	50
741	1	11	50
742	1	9	51
743	1	11	51
744	1	9	52
745	1	11	52
746	1	9	53
747	1	11	53
748	1	9	54
749	1	11	54
750	1	9	55
751	1	11	55
752	1	9	56
753	1	11	56
754	1	9	57
755	1	11	57
756	1	9	58
757	1	11	58
758	1	9	59
759	1	11	59
760	1	9	60
761	1	11	60
762	1	9	61
763	1	11	61
764	1	9	62
765	1	11	62
766	1	9	63
767	1	11	63
768	1	12	0
769	1	14	0
770	1	12	1
771	1	14	1
772	1	12	2
773	1	14	2
774	1	12	3
775	1	14	3
776	1	12	4
777	1	14	4
778	1	12	5
779	1	14	5
780	1	12	6
781	1	14	6
782	1	12	7
783	1	14	7
784	1	12	8
785	1	14	8
786	1	12	9
787	1	14	9
788	1	12	10
789	1	14	10
790	1	12	11
791	1	14	11
792	1	12	12
793	1	14	12
794	1	12	13
795	1	14	13
796	1	12	14
797	1	14	14
798	1	12	15
799	1	14	15
800	1	12	16
801	1	14	16
802	1	12	17
803	1	14	17
804	1	12	18
805	1	14	18
806	1	12	19
807	1	14	19
808	1	12	20
809	1	14	20
810	1	12	21
811	1	14	21
812	1	12	22
813	1	14	22
814	1	12	23
815	1	14	23
816	1	12	24
817	1	14	24
818	1	12	25
819	1	14	25
820	1	12	26
821	1	14	26
822	1	12	27
823	1	14	27
824	1	12	28
825	1	14	28
826	1	12	29
827	1	14	29
828	1	12	30
829	1	14	30
830	1	12	31
831	1	14	31
832	1	12	32
833	1	14	32
834	1	12	33
835	1	14	33
836	1	12	34
837	1	14	34
838	1	12	35
839	1	14	35
840	1	12	36
841	1	14	36
842	1	12	37
843	1	14	37
844	1	12	38
845	1	14	38
846	1	12	39
847	1	14	39
848	1	12	40
849	1	14	40
850	1	12	41
851	1	14	41
852	1	12	42
853	1	14	42
854	1	12	43
855	1	14	43
856	1	12	44
857	1	14	44
858	1	12	45
859	1	14	45
860	1	12	46
861	1	14	46
862	1	12	47
863	1	14	47
864	1	12	48
865	1	14	48
866	1	12	49
867	1	14	49
868	1	12	50
869	1	14	50
870	1	12	51
871	1	14	51
872	1	12	52
873	1	14	52
874	1	12	53
875	1	14	53
876	1	12	54
877	1	14	54
878	1	12	55
879	1	14	55
880	1	12	56
881	1	14	56
882	1	12	57
883	1	14	57
884	1	12	58
885	1	14	58
886	1	12	59
887	1	14	59
888	1	12	60
889	1	14	60
890	1	12	61
891	1	14	61
892	1	12	62
893	1	14	62
894	1	12	63
895	1	14	63
896	1	13	0
897	1	15	0
898	1	13	1
899	1	15	1
900	1	13	2
901	1	15	2
902	1	13	3
903	1	15	3
904	1	13	4
905	1	15	4
906	1	13	5
907	1	15	5
908	1	13	6
909	1	15	6
910	1	13	7
911	1	15	7
912	1	13	8
913	1	15	8
914	1	13	9
915	1	15	9
916	1	13	10
917	1	15	10
918	1	13	11
919	1	15	11
920	1	13	12
921	1	15	12
922	1	13	13
923	1	15	13
924	1	13	14
925	1	15	14
926	1	13	15
927	1	15	15
928	1	13	16
929	1	15	16
930	1	13	17
931	1	15	17
932	1	13	18
933	1	15	18
934	1	13	19
935	1	15	19
936	1	13	20
937	1	15	20
938	1	13	21
939	1	15	21
940	1	13	22
941	1	15	22
942	1	13	23
943	1	15	23
944	1	13	24
945	1	15	24
946	1	13	25
947	1	15	25
948	1	13	26
949	1	15	26
950	1	13	27
951	1	15	27
952	1	13	28
953	1	15	28
954	1	13	29
955	1	15	29
956	1	13	30
957	1	15	30
958	1	13	31
959	1	15	31
960	1	13	32
961	1	15	32
962	1	13	33
963	1	15	33
964	1	13	34
965	1	15	34
966	1	13	35
967	1	15	35
968	1	13	36
969	1	15	36
970	1	13	37
971	1	15	37
972	1	13	38
973	1	15	38
974	1	13	39
975	1	15	39
976	1	13	40
977	1	15	40
978	1	13	41
979	1	15	41
980	1	13	42
981	1	15	42
982	1	13	43
983	1	15	43
984	1	13	44
985	1	15	44
986	1	13	45
987	1	15	45
988	1	13	46
989	1	15	46
990	1	13	47
991	1	15	47
992	1	13	48
993	1	15	48
994	1	13	49
995	1	15	49
996	1	13	50
997	1	15	50
998	1	13	51
999	1	15	51
1000	1	13	52
1001	1	15	52
1002	1	13	53
1003	1	15	53
1004	1	13	54
1005	1	15	54
1006	1	13	55
1007	1	15	55
1008	1	13	56
1009	1	15	56
1010	1	13	57
1011	1	15	57
1012	1	13	58
1013	1	15	58
1014	1	13	59
1015	1	15	59
1016	1	13	60
1017	1	15	60
1018	1	13	61
1019	1	15	61
1020	1	13	62
1021	1	15	62
1022	1	13	63
1023	1	15	63
1024	1	16	0
1025	1	18	0
1026	1	16	1
1027	1	18	1
1028	1	16	2
1029	1	18	2
1030	1	16	3
1031	1	18	3
1032	1	16	4
1033	1	18	4
1034	1	16	5
1035	1	18	5
1036	1	16	6
1037	1	18	6
1038	1	16	7
1039	1	18	7
1040	1	16	8
1041	1	18	8
1042	1	16	9
1043	1	18	9
1044	1	16	10
1045	1	18	10
1046	1	16	11
1047	1	18	11
1048	1	16	12
1049	1	18	12
1050	1	16	13
1051	1	18	13
1052	1	16	14
1053	1	18	14
1054	1	16	15
1055	1	18	15
1056	1	16	16
1057	1	18	16
1058	1	16	17
1059	1	18	17
1060	1	16	18
1061	1	18	18
1062	1	16	19
1063	1	18	19
1064	1	16	20
1065	1	18	20
1066	1	16	21
1067	1	18	21
1068	1	16	22
1069	1	18	22
1070	1	16	23
1071	1	18	23
1072	1	16	24
1073	1	18	24
1074	1	16	25
1075	1	18	25
1076	1	16	26
1077	1	18	26
1078	1	16	27
1079	1	18	27
1080	1	16	28
1081	1	18	28
1082	1	16	29
1083	1	18	29
1084	1	16	30
1085	1	18	30
1086	1	16	31
1087	1	18	31
1088	1	16	32
1089	1	18	32
1090	1	16	33
1091	1	18	33
1092	1	16	34
1093	1	18	34
1094	1	16	35
1095	1	18	35
1096	1	16	36
1097	1	18	36
1098	1	16	37
1099	1	18	37
1100	1	16	38
1101	1	18	38
1102	1	16	39
1103	1	18	39
1104	1	16	40
1105	1	18	40
1106	1	16	41
1107	1	18	41
1108	1	16	42
1109	1	18	42
1110	1	16	43
1111	1	18	43
1112	1	16	44
1113	1	18	44
1114	1	16	45
1115	1	18	45
1116	1	16	46
1117	1	18	46
1118	1	16	47
1119	1	18	47
1120	1	16	48
1121	1	18	48
1122	1	16	49
1123	1	18	49
1124	1	16	50
1125	1	18	50
1126	1	16	51
1127	1	18	51
1128	1	16	52
1129	1	18	52
1130	1	16	53
1131	1	18	53
1132	1	16	54
1133	1	18	54
1134	1	16	55
1135	1	18	55
1136	1	16	56
1137	1	18	56
1138	1	16	57
1139	1	18	57
1140	1	16	58
1141	1	18	58
1142	1	16	59
1143	1	18	59
1144	1	16	60
1145	1	18	60
1146	1	16	61
1147	1	18	61
1148	1	16	62
1149	1	18	62
1150	1	16	63
1151	1	18	63
1152	1	17	0
1153	1	19	0
1154	1	17	1
1155	1	19	1
1156	1	17	2
1157	1	19	2
1158	1	17	3
1159	1	19	3
1160	1	17	4
1161	1	19	4
1162	1	17	5
1163	1	19	5
1164	1	17	6
1165	1	19	6
1166	1	17	7
1167	1	19	7
1168	1	17	8
1169	1	19	8
1170	1	17	9
1171	1	19	9
1172	1	17	10
1173	1	19	10
1174	1	17	11
1175	1	19	11
1176	1	17	12
1177	1	19	12
1178	1	17	13
1179	1	19	13
1180	1	17	14
1181	1	19	14
1182	1	17	15
1183	1	19	15
1184	1	17	16
1185	1	19	16
1186	1	17	17
1187	1	19	17
1188	1	17	18
1189	1	19	18
1190	1	17	19
1191	1	19	19
1192	1	17	20
1193	1	19	20
1194	1	17	21
1195	1	19	21
1196	1	17	22
1197	1	19	22
1198	1	17	23
1199	1	19	23
1200	1	17	24
1201	1	19	24
1202	1	17	25
1203	1	19	25
1204	1	17	26
1205	1	19	26
1206	1	17	27
1207	1	19	27
1208	1	17	28
1209	1	19	28
1210	1	17	29
1211	1	19	29
1212	1	17	30
1213	1	19	30
1214	1	17	31
1215	1	19	31
1216	1	17	32
1217	1	19	32
1218	1	17	33
1219	1	19	33
1220	1	17	34
1221	1	19	34
1222	1	17	35
1223	1	19	35
1224	1	17	36
1225	1	19	36
1226	1	17	37
1227	1	19	37
1228	1	17	38
1229	1	19	38
1230	1	17	39
1231	1	19	39
1232	1	17	40
1233	1	19	40
1234	1	17	41
1235	1	19	41
1236	1	17	42
1237	1	19	42
1238	1	17	43
1239	1	19	43
1240	1	17	44
1241	1	19	44
1242	1	17	45
1243	1	19	45
1244	1	17	46
1245	1	19	46
1246	1	17	47
1247	1	19	47
1248	1	17	48
1249	1	19	48
1250	1	17	49
1251	1	19	49
1252	1	17	50
1253	1	19	50
1254	1	17	51
1255	1	19	51
1256	1	17	52
1257	1	19	52
1258	1	17	53
1259	1	19	53
1260	1	17	54
1261	1	19	54
1262	1	17	55
1263	1	19	55
1264	1	17	56
1265	1	19	56
1266	1	17	57
1267	1	19	57
1268	1	17	58
1269	1	19	58
1270	1	17	59
1271	1	19	59
1272	1	17	60
1273	1	19	60
1274	1	17	61
1275	1	19	61
1276	1	17	62
1277	1	19	62
1278	1	17	63
1279	1	19	63
1280	1	20	0
1281	1	22	0
1282	1	20	1
1283	1	22	1
1284	1	20	2
1285	1	22	2
1286	1	20	3
1287	1	22	3
1288	1	20	4
1289	1	22	4
1290	1	20	5
1291	1	22	5
1292	1	20	6
1293	1	22	6
1294	1	20	7
1295	1	22	7
1296	1	20	8
1297	1	22	8
1298	1	20	9
1299	1	22	9
1300	1	20	10
1301	1	22	10
1302	1	20	11
1303	1	22	11
1304	1	20	12
1305	1	22	12
1306	1	20	13
1307	1	22	13
1308	1	20	14
1309	1	22	14
1310	1	20	15
1311	1	22	15
1312	1	20	16
1313	1	22	16
1314	1	20	17
1315	1	22	17
1316	1	20	18
1317	1	22	18
1318	1	20	19
1319	1	22	19
1320	1	20	20
1321	1	22	20
1322	1	20	21
1323	1	22	21
1324	1	20	22
1325	1	22	22
1326	1	20	23
1327	1	22	23
1328	1	20	24
1329	1	22	24
1330	1	20	25
1331	1	22	25
1332	1	20	26
1333	1	22	26
1334	1	20	27
1335	1	22	27
1336	1	20	28
1337	1	22	28
1338	1	20	29
1339	1	22	29
1340	1	20	30
1341	1	22	30
1342	1	20	31
1343	1	22	31
1344	1	20	32
1345	1	22	32
1346	1	20	33
1347	1	22	33
1348	1	20	34
1349	1	22	34
1350	1	20	35
1351	1	22	35
1352	1	20	36
1353	1	22	36
1354	1	20	37
1355	1	22	37
1356	1	20	38
1357	1	22	38
1358	1	20	39
1359	1	22	39
1360	1	20	40
1361	1	22	40
1362	1	20	41
1363	1	22	41
1364	1	20	42
1365	1	22	42
1366	1	20	43
1367	1	22	43
1368	1	20	44
1369	1	22	44
1370	1	20	45
1371	1	22	45
1372	1	20	46
1373	1	22	46
1374	1	20	47
1375	1	22	47
1376	1	20	48
1377	1	22	48
1378	1	20	49
1379	1	22	49
1380	1	20	50
1381	1	22	50
1382	1	20	51
1383	1	22	51
1384	1	20	52
1385	1	22	52
1386	1	20	53
1387	1	22	53
1388	1	20	54
1389	1	22	54
1390	1	20	55
1391	1	22	55
1392	1	20	56
1393	1	22	56
1394	1	20	57
1395	1	22	57
1396	1	20	58
1397	1	22	58
1398	1	20	59
1399	1	22	59
1400	1	20	60
1401	1	22	60
1402	1	20	61
1403	1	22	61
1404	1	20	62
1405	1	22	62
1406	1	20	63
1407	1	22	63
1408	1	21	0
1409	1	23	0
1410	1	21	1
1411	1	23	1
1412	1	21	2
1413	1	23	2
1414	1	21	3
1415	1	23	3
1416	1	21	4
1417	1	23	4
1418	1	21	5
1419	1	23	5
1420	1	21	6
1421	1	23	6
1422	1	21	7
1423	1	23	7
1424	1	21	8
1425	1	23	8
1426	1	21	9
1427	1	23	9
1428	1	21	10
1429	1	23	10
1430	1	21	11
1431	1	23	11
1432	1	21	12
1433	1	23	12
1434	1	21	13
1435	1	23	13
1436	1	21	14
1437	1	23	14
1438	1	21	15
1439	1	23	15
1440	1	21	16
1441	1	23	16
1442	1	21	17
1443	1	23	17
1444	1	21	18
1445	1	23	18
1446	1	21	19
1447	1	23	19
1448	1	21	20
1449	1	23	20
1450	1	21	21
1451	1	23	21
1452	1	21	22
1453	1	23	22
1454	1	21	23
1455	1	23	23
1456	1	21	24
1457	1	23	24
1458	1	21	25
1459	1	23	25
1460	1	21	26
1461	1	23	26
1462	1	21	27
1463	1	23	27
1464	1	21	28
1465	1	23	28
1466	1	21	29
1467	1	23	29
1468	1	21	30
1469	1	23	30
1470	1	21	31
1471	1	23	31
1472	1	21	32
1473	1	23	32
1474	1	21	33
1475	1	23	33
1476	1	21	34
1477	1	23	34
1478	1	21	35
1479	1	23	35
1480	1	21	36
1481	1	23	36
1482	1	21	37
1483	1	23	37
1484	1	21	38
1485	1	23	38
1486	1	21	39
1487	1	23	39
1488	1	21	40
1489	1	23	40
1490	1	21	41
1491	1	23	41
1492	1	21	42
1493	1	23	42
1494	1	21	43
1495	1	23	43
1496	1	21	44
1497	1	23	44
1498	1	21	45
1499	1	23	45
1500	1	21	46
1501	1	23	46
1502	1	21	47
1503	1	23	47
1504	1	21	48
1505	1	23	48
1506	1	21	49
1507	1	23	49
1508	1	21	50
1509	1	23	50
1510	1	21	51
1511	1	23	51
1512	1	21	52
1513	1	23	52
1514	1	21	53
1515	1	23	53
1516	1	21	54
1517	1	23	54
1518	1	21	55
1519	1	23	55
1520	1	21	56
1521	1	23	56
1522	1	21	57
1523	1	23	57
1524	1	21	58
1525	1	23	58
1526	1	21	59
1527	1	23	59
1528	1	21	60
1529	1	23	60
1530	1	21	61
1531	1	23	61
1532	1	21	62
1533	1	23	62
1534	1	21	63
1535	1	23	63
1536	2	0	0
1537	2	2	0
1538	2	0	1
1539	2	2	1
1540	2	0	2
1541	2	2	2
1542	2	0	3
1543	2	2	3
1544	2	0	4
1545	2	2	4
1546	2	0	5
1547	2	2	5
1548	2	0	6
1549	2	2	6
1550	2	0	7
1551	2	2	7
1552	2	0	8
1553	2	2	8
1554	2	0	9
1555	2	2	9
1556	2	0	10
1557	2	2	10
1558	2	0	11
1559	2	2	11
1560	2	0	12
1561	2	2	12
1562	2	0	13
1563	2	2	13
1564	2	0	14
1565	2	2	14
1566	2	0	15
1567	2	2	15
1568	2	0	16
1569	2	2	16
1570	2	0	17
1571	2	2	17
1572	2	0	18
1573	2	2	18
1574	2	0	19
1575	2	2	19
1576	2	0	20
1577	2	2	20
1578	2	0	21
1579	2	2	21
1580	2	0	22
1581	2	2	22
1582	2	0	23
1583	2	2	23
1584	2	0	24
1585	2	2	24
1586	2	0	25
1587	2	2	25
1588	2	0	26
1589	2	2	26
1590	2	0	27
1591	2	2	27
1592	2	0	28
1593	2	2	28
1594	2	0	29
1595	2	2	29
1596	2	0	30
1597	2	2	30
1598	2	0	31
1599	2	2	31
1600	2	0	32
1601	2	2	32
1602	2	0	33
1603	2	2	33
1604	2	0	34
1605	2	2	34
1606	2	0	35
1607	2	2	35
1608	2	0	36
1609	2	2	36
1610	2	0	37
1611	2	2	37
1612	2	0	38
1613	2	2	38
1614	2	0	39
1615	2	2	39
1616	2	0	40
1617	2	2	40
1618	2	0	41
1619	2	2	41
1620	2	0	42
1621	2	2	42
1622	2	0	43
1623	2	2	43
1624	2	0	44
1625	2	2	44
1626	2	0	45
1627	2	2	45
1628	2	0	46
1629	2	2	46
1630	2	0	47
1631	2	2	47
1632	2	0	48
1633	2	2	48
1634	2	0	49
1635	2	2	49
1636	2	0	50
1637	2	2	50
1638	2	0	51
1639	2	2	51
1640	2	0	52
1641	2	2	52
1642	2	0	53
1643	2	2	53
1644	2	0	54
1645	2	2	54
1646	2	0	55
1647	2	2	55
1648	2	0	56
1649	2	2	56
1650	2	0	57
1651	2	2	57
1652	2	0	58
1653	2	2	58
1654	2	0	59
1655	2	2	59
1656	2	0	60
1657	2	2	60
1658	2	0	61
1659	2	2	61
1660	2	0	62
1661	2	2	62
1662	2	0	63
1663	2	2	63
1664	2	1	0
1665	2	3	0
1666	2	1	1
1667	2	3	1
1668	2	1	2
1669	2	3	2
1670	2	1	3
1671	2	3	3
1672	2	1	4
1673	2	3	4
1674	2	1	5
1675	2	3	5
1676	2	1	6
1677	2	3	6
1678	2	1	7
1679	2	3	7
1680	2	1	8
1681	2	3	8
1682	2	1	9
1683	2	3	9
1684	2	1	10
1685	2	3	10
1686	2	1	11
1687	2	3	11
1688	2	1	12
1689	2	3	12
1690	2	1	13
1691	2	3	13
1692	2	1	14
1693	2	3	14
1694	2	1	15
1695	2	3	15
1696	2	1	16
1697	2	3	16
1698	2	1	17
1699	2	3	17
1700	2	1	18
1701	2	3	18
1702	2	1	19
1703	2	3	19
1704	2	1	20
1705	2	3	20
1706	2	1	21
1707	2	3	21
1708	2	1	22
1709	2	3	22
1710	2	1	23
1711	2	3	23
1712	2	1	24
1713	2	3	24
1714	2	1	25
1715	2	3	25
1716	2	1	26
1717	2	3	26
1718	2	1	27
1719	2	3	27
1720	2	1	28
1721	2	3	28
1722	2	1	29
1723	2	3	29
1724	2	1	30
1725	2	3	30
1726	2	1	31
1727	2	3	31
1728	2	1	32
1729	2	3	32
1730	2	1	33
1731	2	3	33
1732	2	1	34
1733	2	3	34
1734	2	1	35
1735	2	3	35
1736	2	1	36
1737	2	3	36
1738	2	1	37
1739	2	3	37
1740	2	1	38
1741	2	3	38
1742	2	1	39
1743	2	3	39
1744	2	1	40
1745	2	3	40
1746	2	1	41
1747	2	3	41
1748	2	1	42
1749	2	3	42
1750	2	1	43
1751	2	3	43
1752	2	1	44
1753	2	3	44
1754	2	1	45
1755	2	3	45
1756	2	1	46
1757	2	3	46
1758	2	1	47
1759	2	3	47
1760	2	1	48
1761	2	3	48
1762	2	1	49
1763	2	3	49
1764	2	1	50
1765	2	3	50
1766	2	1	51
1767	2	3	51
1768	2	1	52
1769	2	3	52
1770	2	1	53
1771	2	3	53
1772	2	1	54
1773	2	3	54
1774	2	1	55
1775	2	3	55
1776	2	1	56
1777	2	3	56
1778	2	1	57
1779	2	3	57
1780	2	1	58
1781	2	3	58
1782	2	1	59
1783	2	3	59
1784	2	1	60
1785	2	3	60
1786	2	1	61
1787	2	3	61
1788	2	1	62
1789	2	3	62
1790	2	1	63
1791	2	3	63
1792	2	4	0
1793	2	6	0
1794	2	4	1
1795	2	6	1
1796	2	4	2
1797	2	6	2
1798	2	4	3
1799	2	6	3
1800	2	4	4
1801	2	6	4
1802	2	4	5
1803	2	6	5
1804	2	4	6
1805	2	6	6
1806	2	4	7
1807	2	6	7
1808	2	4	8
1809	2	6	8
1810	2	4	9
1811	2	6	9
1812	2	4	10
1813	2	6	10
1814	2	4	11
1815	2	6	11
1816	2	4	12
1817	2	6	12
1818	2	4	13
1819	2	6	13
1820	2	4	14
1821	2	6	14
1822	2	4	15
1823	2	6	15
1824	2	4	16
1825	2	6	16
1826	2	4	17
1827	2	6	17
1828	2	4	18
1829	2	6	18
1830	2	4	19
1831	2	6	19
1832	2	4	20
1833	2	6	20
1834	2	4	21
1835	2	6	21
1836	2	4	22
1837	2	6	22
1838	2	4	23
1839	2	6	23
1840	2	4	24
1841	2	6	24
1842	2	4	25
1843	2	6	25
1844	2	4	26
1845	2	6	26
1846	2	4	27
1847	2	6	27
1848	2	4	28
1849	2	6	28
1850	2	4	29
1851	2	6	29
1852	2	4	30
1853	2	6	30
1854	2	4	31
1855	2	6	31
1856	2	4	32
1857	2	6	32
1858	2	4	33
1859	2	6	33
1860	2	4	34
1861	2	6	34
1862	2	4	35
1863	2	6	35
1864	2	4	36
1865	2	6	36
1866	2	4	37
1867	2	6	37
1868	2	4	38
1869	2	6	38
1870	2	4	39
1871	2	6	39
1872	2	4	40
1873	2	6	40
1874	2	4	41
1875	2	6	41
1876	2	4	42
1877	2	6	42
1878	2	4	43
1879	2	6	43
1880	2	4	44
1881	2	6	44
1882	2	4	45
1883	2	6	45
1884	2	4	46
1885	2	6	46
1886	2	4	47
1887	2	6	47
1888	2	4	48
1889	2	6	48
1890	2	4	49
1891	2	6	49
1892	2	4	50
1893	2	6	50
1894	2	4	51
1895	2	6	51
1896	2	4	52
1897	2	6	52
1898	2	4	53
1899	2	6	53
1900	2	4	54
1901	2	6	54
1902	2	4	55
1903	2	6	55
1904	2	4	56
1905	2	6	56
1906	2	4	57
1907	2	6	57
1908	2	4	58
1909	2	6	58
1910	2	4	59
1911	2	6	59
1912	2	4	60
1913	2	6	60
1914	2	4	61
1915	2	6	61
1916	2	4	62
1917	2	6	62
1918	2	4	63
1919	2	6	63
1920	2	5	0
1921	2	7	0
1922	2	5	1
1923	2	7	1
1924	2	5	2
1925	2	7	2
1926	2	5	3
1927	2	7	3
1928	2	5	4
1929	2	7	4
1930	2	5	5
1931	2	7	5
1932	2	5	6
1933	2	7	6
1934	2	5	7
1935	2	7	7
1936	2	5	8
1937	2	7	8
1938	2	5	9
1939	2	7	9
1940	2	5	10
1941	2	7	10
1942	2	5	11
1943	2	7	11
1944	2	5	12
1945	2	7	12
1946	2	5	13
1947	2	7	13
1948	2	5	14
1949	2	7	14
1950	2	5	15
1951	2	7	15
1952	2	5	16
1953	2	7	16
1954	2	5	17
1955	2	7	17
1956	2	5	18
1957	2	7	18
1958	2	5	19
1959	2	7	19
1960	2	5	20
1961	2	7	20
1962	2	5	21
1963	2	7	21
1964	2	5	22
1965	2	7	22
1966	2	5	23
1967	2	7	23
1968	2	5	24
1969	2	7	24
1970	2	5	25
1971	2	7	25
1972	2	5	26
1973	2	7	26
1974	2	5	27
1975	2	7	27
1976	2	5	28
1977	2	7	28
1978	2	5	29
1979	2	7	29
1980	2	5	30
1981	2	7	30
1982	2	5	31
1983	2	7	31
1984	2	5	32
1985	2	7	32
1986	2	5	33
1987	2	7	33
1988	2	5	34
1989	2	7	34
1990	2	5	35
1991	2	7	35
1992	2	5	36
1993	2	7	36
1994	2	5	37
1995	2	7	37
1996	2	5	38
1997	2	7	38
1998	2	5	39
1999	2	7	39
2000	2	5	40
2001	2	7	40
2002	2	5	41
2003	2	7	41
2004	2	5	42
2005	2	7	42
2006	2	5	43
2007	2	7	43
2008	2	5	44
2009	2	7	44
2010	2	5	45
2011	2	7	45
2012	2	5	46
2013	2	7	46
2014	2	5	47
2015	2	7	47
2016	2	5	48
2017	2	7	48
2018	2	5	49
2019	2	7	49
2020	2	5	50
2021	2	7	50
2022	2	5	51
2023	2	7	51
2024	2	5	52
2025	2	7	52
2026	2	5	53
2027	2	7	53
2028	2	5	54
2029	2	7	54
2030	2	5	55
2031	2	7	55
2032	2	5	56
2033	2	7	56
2034	2	5	57
2035	2	7	57
2036	2	5	58
2037	2	7	58
2038	2	5	59
2039	2	7	59
2040	2	5	60
2041	2	7	60
2042	2	5	61
2043	2	7	61
2044	2	5	62
2045	2	7	62
2046	2	5	63
2047	2	7	63
2048	2	8	0
2049	2	10	0
2050	2	8	1
2051	2	10	1
2052	2	8	2
2053	2	10	2
2054	2	8	3
2055	2	10	3
2056	2	8	4
2057	2	10	4
2058	2	8	5
2059	2	10	5
2060	2	8	6
2061	2	10	6
2062	2	8	7
2063	2	10	7
2064	2	8	8
2065	2	10	8
2066	2	8	9
2067	2	10	9
2068	2	8	10
2069	2	10	10
2070	2	8	11
2071	2	10	11
2072	2	8	12
2073	2	10	12
2074	2	8	13
2075	2	10	13
2076	2	8	14
2077	2	10	14
2078	2	8	15
2079	2	10	15
2080	2	8	16
2081	2	10	16
2082	2	8	17
2083	2	10	17
2084	2	8	18
2085	2	10	18
2086	2	8	19
2087	2	10	19
2088	2	8	20
2089	2	10	20
2090	2	8	21
2091	2	10	21
2092	2	8	22
2093	2	10	22
2094	2	8	23
2095	2	10	23
2096	2	8	24
2097	2	10	24
2098	2	8	25
2099	2	10	25
2100	2	8	26
2101	2	10	26
2102	2	8	27
2103	2	10	27
2104	2	8	28
2105	2	10	28
2106	2	8	29
2107	2	10	29
2108	2	8	30
2109	2	10	30
2110	2	8	31
2111	2	10	31
2112	2	8	32
2113	2	10	32
2114	2	8	33
2115	2	10	33
2116	2	8	34
2117	2	10	34
2118	2	8	35
2119	2	10	35
2120	2	8	36
2121	2	10	36
2122	2	8	37
2123	2	10	37
2124	2	8	38
2125	2	10	38
2126	2	8	39
2127	2	10	39
2128	2	8	40
2129	2	10	40
2130	2	8	41
2131	2	10	41
2132	2	8	42
2133	2	10	42
2134	2	8	43
2135	2	10	43
2136	2	8	44
2137	2	10	44
2138	2	8	45
2139	2	10	45
2140	2	8	46
2141	2	10	46
2142	2	8	47
2143	2	10	47
2144	2	8	48
2145	2	10	48
2146	2	8	49
2147	2	10	49
2148	2	8	50
2149	2	10	50
2150	2	8	51
2151	2	10	51
2152	2	8	52
2153	2	10	52
2154	2	8	53
2155	2	10	53
2156	2	8	54
2157	2	10	54
2158	2	8	55
2159	2	10	55
2160	2	8	56
2161	2	10	56
2162	2	8	57
2163	2	10	57
2164	2	8	58
2165	2	10	58
2166	2	8	59
2167	2	10	59
2168	2	8	60
2169	2	10	60
2170	2	8	61
2171	2	10	61
2172	2	8	62
2173	2	10	62
2174	2	8	63
2175	2	10	63
2176	2	9	0
2177	2	11	0
2178	2	9	1
2179	2	11	1
2180	2	9	2
2181	2	11	2
2182	2	9	3
2183	2	11	3
2184	2	9	4
2185	2	11	4
2186	2	9	5
2187	2	11	5
2188	2	9	6
2189	2	11	6
2190	2	9	7
2191	2	11	7
2192	2	9	8
2193	2	11	8
2194	2	9	9
2195	2	11	9
2196	2	9	10
2197	2	11	10
2198	2	9	11
2199	2	11	11
2200	2	9	12
2201	2	11	12
2202	2	9	13
2203	2	11	13
2204	2	9	14
2205	2	11	14
2206	2	9	15
2207	2	11	15
2208	2	9	16
2209	2	11	16
2210	2	9	17
2211	2	11	17
2212	2	9	18
2213	2	11	18
2214	2	9	19
2215	2	11	19
2216	2	9	20
2217	2	11	20
2218	2	9	21
2219	2	11	21
2220	2	9	22
2221	2	11	22
2222	2	9	23
2223	2	11	23
2224	2	9	24
2225	2	11	24
2226	2	9	25
2227	2	11	25
2228	2	9	26
2229	2	11	26
2230	2	9	27
2231	2	11	27
2232	2	9	28
2233	2	11	28
2234	2	9	29
2235	2	11	29
2236	2	9	30
2237	2	11	30
2238	2	9	31
2239	2	11	31
2240	2	9	32
2241	2	11	32
2242	2	9	33
2243	2	11	33
2244	2	9	34
2245	2	11	34
2246	2	9	35
2247	2	11	35
2248	2	9	36
2249	2	11	36
2250	2	9	37
2251	2	11	37
2252	2	9	38
2253	2	11	38
2254	2	9	39
2255	2	11	39
2256	2	9	40
2257	2	11	40
2258	2	9	41
2259	2	11	41
2260	2	9	42
2261	2	11	42
2262	2	9	43
2263	2	11	43
2264	2	9	44
2265	2	11	44
2266	2	9	45
2267	2	11	45
2268	2	9	46
2269	2	11	46
2270	2	9	47
2271	2	11	47
2272	2	9	48
2273	2	11	48
2274	2	9	49
2275	2	11	49
2276	2	9	50
2277	2	11	50
2278	2	9	51
2279	2	11	51
2280	2	9	52
2281	2	11	52
2282	2	9	53
2283	2	11	53
2284	2	9	54
2285	2	11	54
2286	2	9	55
2287	2	11	55
2288	2	9	56
2289	2	11	56
2290	2	9	57
2291	2	11	57
2292	2	9	58
2293	2	11	58
2294	2	9	59
2295	2	11	59
2296	2	9	60
2297	2	11	60
2298	2	9	61
2299	2	11	61
2300	2	9	62
2301	2	11	62
2302	2	9	63
2303	2	11	63
2304	2	12	0
2305	2	14	0
2306	2	12	1
2307	2	14	1
2308	2	12	2
2309	2	14	2
2310	2	12	3
2311	2	14	3
2312	2	12	4
2313	2	14	4
2314	2	12	5
2315	2	14	5
2316	2	12	6
2317	2	14	6
2318	2	12	7
2319	2	14	7
2320	2	12	8
2321	2	14	8
2322	2	12	9
2323	2	14	9
2324	2	12	10
2325	2	14	10
2326	2	12	11
2327	2	14	11
2328	2	12	12
2329	2	14	12
2330	2	12	13
2331	2	14	13
2332	2	12	14
2333	2	14	14
2334	2	12	15
2335	2	14	15
2336	2	12	16
2337	2	14	16
2338	2	12	17
2339	2	14	17
2340	2	12	18
2341	2	14	18
2342	2	12	19
2343	2	14	19
2344	2	12	20
2345	2	14	20
2346	2	12	21
2347	2	14	21
2348	2	12	22
2349	2	14	22
2350	2	12	23
2351	2	14	23
2352	2	12	24
2353	2	14	24
2354	2	12	25
2355	2	14	25
2356	2	12	26
2357	2	14	26
2358	2	12	27
2359	2	14	27
2360	2	12	28
2361	2	14	28
2362	2	12	29
2363	2	14	29
2364	2	12	30
2365	2	14	30
2366	2	12	31
2367	2	14	31
2368	2	12	32
2369	2	14	32
2370	2	12	33
2371	2	14	33
2372	2	12	34
2373	2	14	34
2374	2	12	35
2375	2	14	35
2376	2	12	36
2377	2	14	36
2378	2	12	37
2379	2	14	37
2380	2	12	38
2381	2	14	38
2382	2	12	39
2383	2	14	39
2384	2	12	40
2385	2	14	40
2386	2	12	41
2387	2	14	41
2388	2	12	42
2389	2	14	42
2390	2	12	43
2391	2	14	43
2392	2	12	44
2393	2	14	44
2394	2	12	45
2395	2	14	45
2396	2	12	46
2397	2	14	46
2398	2	12	47
2399	2	14	47
2400	2	12	48
2401	2	14	48
2402	2	12	49
2403	2	14	49
2404	2	12	50
2405	2	14	50
2406	2	12	51
2407	2	14	51
2408	2	12	52
2409	2	14	52
2410	2	12	53
2411	2	14	53
2412	2	12	54
2413	2	14	54
2414	2	12	55
2415	2	14	55
2416	2	12	56
2417	2	14	56
2418	2	12	57
2419	2	14	57
2420	2	12	58
2421	2	14	58
2422	2	12	59
2423	2	14	59
2424	2	12	60
2425	2	14	60
2426	2	12	61
2427	2	14	61
2428	2	12	62
2429	2	14	62
2430	2	12	63
2431	2	14	63
2432	2	13	0
2433	2	15	0
2434	2	13	1
2435	2	15	1
2436	2	13	2
2437	2	15	2
2438	2	13	3
2439	2	15	3
2440	2	13	4
2441	2	15	4
2442	2	13	5
2443	2	15	5
2444	2	13	6
2445	2	15	6
2446	2	13	7
2447	2	15	7
2448	2	13	8
2449	2	15	8
2450	2	13	9
2451	2	15	9
2452	2	13	10
2453	2	15	10
2454	2	13	11
2455	2	15	11
2456	2	13	12
2457	2	15	12
2458	2	13	13
2459	2	15	13
2460	2	13	14
2461	2	15	14
2462	2	13	15
2463	2	15	15
2464	2	13	16
2465	2	15	16
2466	2	13	17
2467	2	15	17
2468	2	13	18
2469	2	15	18
2470	2	13	19
2471	2	15	19
2472	2	13	20
2473	2	15	20
2474	2	13	21
2475	2	15	21
2476	2	13	22
2477	2	15	22
2478	2	13	23
2479	2	15	23
2480	2	13	24
2481	2	15	24
2482	2	13	25
2483	2	15	25
2484	2	13	26
2485	2	15	26
2486	2	13	27
2487	2	15	27
2488	2	13	28
2489	2	15	28
2490	2	13	29
2491	2	15	29
2492	2	13	30
2493	2	15	30
2494	2	13	31
2495	2	15	31
2496	2	13	32
2497	2	15	32
2498	2	13	33
2499	2	15	33
2500	2	13	34
2501	2	15	34
2502	2	13	35
2503	2	15	35
2504	2	13	36
2505	2	15	36
2506	2	13	37
2507	2	15	37
2508	2	13	38
2509	2	15	38
2510	2	13	39
2511	2	15	39
2512	2	13	40
2513	2	15	40
2514	2	13	41
2515	2	15	41
2516	2	13	42
2517	2	15	42
2518	2	13	43
2519	2	15	43
2520	2	13	44
2521	2	15	44
2522	2	13	45
2523	2	15	45
2524	2	13	46
2525	2	15	46
2526	2	13	47
2527	2	15	47
2528	2	13	48
2529	2	15	48
2530	2	13	49
2531	2	15	49
2532	2	13	50
2533	2	15	50
2534	2	13	51
2535	2	15	51
2536	2	13	52
2537	2	15	52
2538	2	13	53
2539	2	15	53
2540	2	13	54
2541	2	15	54
2542	2	13	55
2543	2	15	55
2544	2	13	56
2545	2	15	56
2546	2	13	57
2547	2	15	57
2548	2	13	58
2549	2	15	58
2550	2	13	59
2551	2	15	59
2552	2	13	60
2553	2	15	60
2554	2	13	61
2555	2	15	61
2556	2	13	62
2557	2	15	62
2558	2	13	63
2559	2	15	63
2560	2	16	0
2561	2	18	0
2562	2	16	1
2563	2	18	1
2564	2	16	2
2565	2	18	2
2566	2	16	3
2567	2	18	3
2568	2	16	4
2569	2	18	4
2570	2	16	5
2571	2	18	5
2572	2	16	6
2573	2	18	6
2574	2	16	7
2575	2	18	7
2576	2	16	8
2577	2	18	8
2578	2	16	9
2579	2	18	9
2580	2	16	10
2581	2	18	10
2582	2	16	11
2583	2	18	11
2584	2	16	12
2585	2	18	12
2586	2	16	13
2587	2	18	13
2588	2	16	14
2589	2	18	14
2590	2	16	15
2591	2	18	15
2592	2	16	16
2593	2	18	16
2594	2	16	17
2595	2	18	17
2596	2	16	18
2597	2	18	18
2598	2	16	19
2599	2	18	19
2600	2	16	20
2601	2	18	20
2602	2	16	21
2603	2	18	21
2604	2	16	22
2605	2	18	22
2606	2	16	23
2607	2	18	23
2608	2	16	24
2609	2	18	24
2610	2	16	25
2611	2	18	25
2612	2	16	26
2613	2	18	26
2614	2	16	27
2615	2	18	27
2616	2	16	28
2617	2	18	28
2618	2	16	29
2619	2	18	29
2620	2	16	30
2621	2	18	30
2622	2	16	31
2623	2	18	31
2624	2	16	32
2625	2	18	32
2626	2	16	33
2627	2	18	33
2628	2	16	34
2629	2	18	34
2630	2	16	35
2631	2	18	35
2632	2	16	36
2633	2	18	36
2634	2	16	37
2635	2	18	37
2636	2	16	38
2637	2	18	38
2638	2	16	39
2639	2	18	39
2640	2	16	40
2641	2	18	40
2642	2	16	41
2643	2	18	41
2644	2	16	42
2645	2	18	42
2646	2	16	43
2647	2	18	43
2648	2	16	44
2649	2	18	44
2650	2	16	45
2651	2	18	45
2652	2	16	46
2653	2	18	46
2654	2	16	47
2655	2	18	47
2656	2	16	48
2657	2	18	48
2658	2	16	49
2659	2	18	49
2660	2	16	50
2661	2	18	50
2662	2	16	51
2663	2	18	51
2664	2	16	52
2665	2	18	52
2666	2	16	53
2667	2	18	53
2668	2	16	54
2669	2	18	54
2670	2	16	55
2671	2	18	55
2672	2	16	56
2673	2	18	56
2674	2	16	57
2675	2	18	57
2676	2	16	58
2677	2	18	58
2678	2	16	59
2679	2	18	59
2680	2	16	60
2681	2	18	60
2682	2	16	61
2683	2	18	61
2684	2	16	62
2685	2	18	62
2686	2	16	63
2687	2	18	63
2688	2	17	0
2689	2	19	0
2690	2	17	1
2691	2	19	1
2692	2	17	2
2693	2	19	2
2694	2	17	3
2695	2	19	3
2696	2	17	4
2697	2	19	4
2698	2	17	5
2699	2	19	5
2700	2	17	6
2701	2	19	6
2702	2	17	7
2703	2	19	7
2704	2	17	8
2705	2	19	8
2706	2	17	9
2707	2	19	9
2708	2	17	10
2709	2	19	10
2710	2	17	11
2711	2	19	11
2712	2	17	12
2713	2	19	12
2714	2	17	13
2715	2	19	13
2716	2	17	14
2717	2	19	14
2718	2	17	15
2719	2	19	15
2720	2	17	16
2721	2	19	16
2722	2	17	17
2723	2	19	17
2724	2	17	18
2725	2	19	18
2726	2	17	19
2727	2	19	19
2728	2	17	20
2729	2	19	20
2730	2	17	21
2731	2	19	21
2732	2	17	22
2733	2	19	22
2734	2	17	23
2735	2	19	23
2736	2	17	24
2737	2	19	24
2738	2	17	25
2739	2	19	25
2740	2	17	26
2741	2	19	26
2742	2	17	27
2743	2	19	27
2744	2	17	28
2745	2	19	28
2746	2	17	29
2747	2	19	29
2748	2	17	30
2749	2	19	30
2750	2	17	31
2751	2	19	31
2752	2	17	32
2753	2	19	32
2754	2	17	33
2755	2	19	33
2756	2	17	34
2757	2	19	34
2758	2	17	35
2759	2	19	35
2760	2	17	36
2761	2	19	36
2762	2	17	37
2763	2	19	37
2764	2	17	38
2765	2	19	38
2766	2	17	39
2767	2	19	39
2768	2	17	40
2769	2	19	40
2770	2	17	41
2771	2	19	41
2772	2	17	42
2773	2	19	42
2774	2	17	43
2775	2	19	43
2776	2	17	44
2777	2	19	44
2778	2	17	45
2779	2	19	45
2780	2	17	46
2781	2	19	46
2782	2	17	47
2783	2	19	47
2784	2	17	48
2785	2	19	48
2786	2	17	49
2787	2	19	49
2788	2	17	50
2789	2	19	50
2790	2	17	51
2791	2	19	51
2792	2	17	52
2793	2	19	52
2794	2	17	53
2795	2	19	53
2796	2	17	54
2797	2	19	54
2798	2	17	55
2799	2	19	55
2800	2	17	56
2801	2	19	56
2802	2	17	57
2803	2	19	57
2804	2	17	58
2805	2	19	58
2806	2	17	59
2807	2	19	59
2808	2	17	60
2809	2	19	60
2810	2	17	61
2811	2	19	61
2812	2	17	62
2813	2	19	62
2814	2	17	63
2815	2	19	63
2816	2	20	0
2817	2	22	0
2818	2	20	1
2819	2	22	1
2820	2	20	2
2821	2	22	2
2822	2	20	3
2823	2	22	3
2824	2	20	4
2825	2	22	4
2826	2	20	5
2827	2	22	5
2828	2	20	6
2829	2	22	6
2830	2	20	7
2831	2	22	7
2832	2	20	8
2833	2	22	8
2834	2	20	9
2835	2	22	9
2836	2	20	10
2837	2	22	10
2838	2	20	11
2839	2	22	11
2840	2	20	12
2841	2	22	12
2842	2	20	13
2843	2	22	13
2844	2	20	14
2845	2	22	14
2846	2	20	15
2847	2	22	15
2848	2	20	16
2849	2	22	16
2850	2	20	17
2851	2	22	17
2852	2	20	18
2853	2	22	18
2854	2	20	19
2855	2	22	19
2856	2	20	20
2857	2	22	20
2858	2	20	21
2859	2	22	21
2860	2	20	22
2861	2	22	22
2862	2	20	23
2863	2	22	23
2864	2	20	24
2865	2	22	24
2866	2	20	25
2867	2	22	25
2868	2	20	26
2869	2	22	26
2870	2	20	27
2871	2	22	27
2872	2	20	28
2873	2	22	28
2874	2	20	29
2875	2	22	29
2876	2	20	30
2877	2	22	30
2878	2	20	31
2879	2	22	31
2880	2	20	32
2881	2	22	32
2882	2	20	33
2883	2	22	33
2884	2	20	34
2885	2	22	34
2886	2	20	35
2887	2	22	35
2888	2	20	36
2889	2	22	36
2890	2	20	37
2891	2	22	37
2892	2	20	38
2893	2	22	38
2894	2	20	39
2895	2	22	39
2896	2	20	40
2897	2	22	40
2898	2	20	41
2899	2	22	41
2900	2	20	42
2901	2	22	42
2902	2	20	43
2903	2	22	43
2904	2	20	44
2905	2	22	44
2906	2	20	45
2907	2	22	45
2908	2	20	46
2909	2	22	46
2910	2	20	47
2911	2	22	47
2912	2	20	48
2913	2	22	48
2914	2	20	49
2915	2	22	49
2916	2	20	50
2917	2	22	50
2918	2	20	51
2919	2	22	51
2920	2	20	52
2921	2	22	52
2922	2	20	53
2923	2	22	53
2924	2	20	54
2925	2	22	54
2926	2	20	55
2927	2	22	55
2928	2	20	56
2929	2	22	56
2930	2	20	57
2931	2	22	57
2932	2	20	58
2933	2	22	58
2934	2	20	59
2935	2	22	59
2936	2	20	60
2937	2	22	60
2938	2	20	61
2939	2	22	61
2940	2	20	62
2941	2	22	62
2942	2	20	63
2943	2	22	63
2944	2	21	0
2945	2	23	0
2946	2	21	1
2947	2	23	1
2948	2	21	2
2949	2	23	2
2950	2	21	3
2951	2	23	3
2952	2	21	4
2953	2	23	4
2954	2	21	5
2955	2	23	5
2956	2	21	6
2957	2	23	6
2958	2	21	7
2959	2	23	7
2960	2	21	8
2961	2	23	8
2962	2	21	9
2963	2	23	9
2964	2	21	10
2965	2	23	10
2966	2	21	11
2967	2	23	11
2968	2	21	12
2969	2	23	12
2970	2	21	13
2971	2	23	13
2972	2	21	14
2973	2	23	14
2974	2	21	15
2975	2	23	15
2976	2	21	16
2977	2	23	16
2978	2	21	17
2979	2	23	17
2980	2	21	18
2981	2	23	18
2982	2	21	19
2983	2	23	19
2984	2	21	20
2985	2	23	20
2986	2	21	21
2987	2	23	21
2988	2	21	22
2989	2	23	22
2990	2	21	23
2991	2	23	23
2992	2	21	24
2993	2	23	24
2994	2	21	25
2995	2	23	25
2996	2	21	26
2997	2	23	26
2998	2	21	27
2999	2	23	27
3000	2	21	28
3001	2	23	28
3002	2	21	29
3003	2	23	29
3004	2	21	30
3005	2	23	30
3006	2	21	31
3007	2	23	31
3008	2	21	32
3009	2	23	32
3010	2	21	33
3011	2	23	33
3012	2	21	34
3013	2	23	34
3014	2	21	35
3015	2	23	35
3016	2	21	36
3017	2	23	36
3018	2	21	37
3019	2	23	37
3020	2	21	38
3021	2	23	38
3022	2	21	39
3023	2	23	39
3024	2	21	40
3025	2	23	40
3026	2	21	41
3027	2	23	41
3028	2	21	42
3029	2	23	42
3030	2	21	43
3031	2	23	43
3032	2	21	44
3033	2	23	44
3034	2	21	45
3035	2	23	45
3036	2	21	46
3037	2	23	46
3038	2	21	47
3039	2	23	47
3040	2	21	48
3041	2	23	48
3042	2	21	49
3043	2	23	49
3044	2	21	50
3045	2	23	50
3046	2	21	51
3047	2	23	51
3048	2	21	52
3049	2	23	52
3050	2	21	53
3051	2	23	53
3052	2	21	54
3053	2	23	54
3054	2	21	55
3055	2	23	55
3056	2	21	56
3057	2	23	56
3058	2	21	57
3059	2	23	57
3060	2	21	58
3061	2	23	58
3062	2	21	59
3063	2	23	59
3064	2	21	60
3065	2	23	60
3066	2	21	61
3067	2	23	61
3068	2	21	62
3069	2	23	62
3070	2	21	63
3071	2	23	63
3072	3	0	0
3073	3	2	0
3074	3	0	1
3075	3	2	1
3076	3	0	2
3077	3	2	2
3078	3	0	3
3079	3	2	3
3080	3	0	4
3081	3	2	4
3082	3	0	5
3083	3	2	5
3084	3	0	6
3085	3	2	6
3086	3	0	7
3087	3	2	7
3088	3	0	8
3089	3	2	8
3090	3	0	9
3091	3	2	9
3092	3	0	10
3093	3	2	10
3094	3	0	11
3095	3	2	11
3096	3	0	12
3097	3	2	12
3098	3	0	13
3099	3	2	13
3100	3	0	14
3101	3	2	14
3102	3	0	15
3103	3	2	15
3104	3	0	16
3105	3	2	16
3106	3	0	17
3107	3	2	17
3108	3	0	18
3109	3	2	18
3110	3	0	19
3111	3	2	19
3112	3	0	20
3113	3	2	20
3114	3	0	21
3115	3	2	21
3116	3	0	22
3117	3	2	22
3118	3	0	23
3119	3	2	23
3120	3	0	24
3121	3	2	24
3122	3	0	25
3123	3	2	25
3124	3	0	26
3125	3	2	26
3126	3	0	27
3127	3	2	27
3128	3	0	28
3129	3	2	28
3130	3	0	29
3131	3	2	29
3132	3	0	30
3133	3	2	30
3134	3	0	31
3135	3	2	31
3136	3	0	32
3137	3	2	32
3138	3	0	33
3139	3	2	33
3140	3	0	34
3141	3	2	34
3142	3	0	35
3143	3	2	35
3144	3	0	36
3145	3	2	36
3146	3	0	37
3147	3	2	37
3148	3	0	38
3149	3	2	38
3150	3	0	39
3151	3	2	39
3152	3	0	40
3153	3	2	40
3154	3	0	41
3155	3	2	41
3156	3	0	42
3157	3	2	42
3158	3	0	43
3159	3	2	43
3160	3	0	44
3161	3	2	44
3162	3	0	45
3163	3	2	45
3164	3	0	46
3165	3	2	46
3166	3	0	47
3167	3	2	47
3168	3	0	48
3169	3	2	48
3170	3	0	49
3171	3	2	49
3172	3	0	50
3173	3	2	50
3174	3	0	51
3175	3	2	51
3176	3	0	52
3177	3	2	52
3178	3	0	53
3179	3	2	53
3180	3	0	54
3181	3	2	54
3182	3	0	55
3183	3	2	55
3184	3	0	56
3185	3	2	56
3186	3	0	57
3187	3	2	57
3188	3	0	58
3189	3	2	58
3190	3	0	59
3191	3	2	59
3192	3	0	60
3193	3	2	60
3194	3	0	61
3195	3	2	61
3196	3	0	62
3197	3	2	62
3198	3	0	63
3199	3	2	63
3200	3	1	0
3201	3	3	0
3202	3	1	1
3203	3	3	1
3204	3	1	2
3205	3	3	2
3206	3	1	3
3207	3	3	3
3208	3	1	4
3209	3	3	4
3210	3	1	5
3211	3	3	5
3212	3	1	6
3213	3	3	6
3214	3	1	7
3215	3	3	7
3216	3	1	8
3217	3	3	8
3218	3	1	9
3219	3	3	9
3220	3	1	10
3221	3	3	10
3222	3	1	11
3223	3	3	11
3224	3	1	12
3225	3	3	12
3226	3	1	13
3227	3	3	13
3228	3	1	14
3229	3	3	14
3230	3	1	15
3231	3	3	15
3232	3	1	16
3233	3	3	16
3234	3	1	17
3235	3	3	17
3236	3	1	18
3237	3	3	18
3238	3	1	19
3239	3	3	19
3240	3	1	20
3241	3	3	20
3242	3	1	21
3243	3	3	21
3244	3	1	22
3245	3	3	22
3246	3	1	23
3247	3	3	23
3248	3	1	24
3249	3	3	24
3250	3	1	25
3251	3	3	25
3252	3	1	26
3253	3	3	26
3254	3	1	27
3255	3	3	27
3256	3	1	28
3257	3	3	28
3258	3	1	29
3259	3	3	29
3260	3	1	30
3261	3	3	30
3262	3	1	31
3263	3	3	31
3264	3	1	32
3265	3	3	32
3266	3	1	33
3267	3	3	33
3268	3	1	34
3269	3	3	34
3270	3	1	35
3271	3	3	35
3272	3	1	36
3273	3	3	36
3274	3	1	37
3275	3	3	37
3276	3	1	38
3277	3	3	38
3278	3	1	39
3279	3	3	39
3280	3	1	40
3281	3	3	40
3282	3	1	41
3283	3	3	41
3284	3	1	42
3285	3	3	42
3286	3	1	43
3287	3	3	43
3288	3	1	44
3289	3	3	44
3290	3	1	45
3291	3	3	45
3292	3	1	46
3293	3	3	46
3294	3	1	47
3295	3	3	47
3296	3	1	48
3297	3	3	48
3298	3	1	49
3299	3	3	49
3300	3	1	50
3301	3	3	50
3302	3	1	51
3303	3	3	51
3304	3	1	52
3305	3	3	52
3306	3	1	53
3307	3	3	53
3308	3	1	54
3309	3	3	54
3310	3	1	55
3311	3	3	55
3312	3	1	56
3313	3	3	56
3314	3	1	57
3315	3	3	57
3316	3	1	58
3317	3	3	58
3318	3	1	59
3319	3	3	59
3320	3	1	60
3321	3	3	60
3322	3	1	61
3323	3	3	61
3324	3	1	62
3325	3	3	62
3326	3	1	63
3327	3	3	63
3328	3	4	0
3329	3	6	0
3330	3	4	1
3331	3	6	1
3332	3	4	2
3333	3	6	2
3334	3	4	3
3335	3	6	3
3336	3	4	4
3337	3	6	4
3338	3	4	5
3339	3	6	5
3340	3	4	6
3341	3	6	6
3342	3	4	7
3343	3	6	7
3344	3	4	8
3345	3	6	8
3346	3	4	9
3347	3	6	9
3348	3	4	10
3349	3	6	10
3350	3	4	11
3351	3	6	11
3352	3	4	12
3353	3	6	12
3354	3	4	13
3355	3	6	13
3356	3	4	14
3357	3	6	14
3358	3	4	15
3359	3	6	15
3360	3	4	16
3361	3	6	16
3362	3	4	17
3363	3	6	17
3364	3	4	18
3365	3	6	18
3366	3	4	19
3367	3	6	19
3368	3	4	20
3369	3	6	20
3370	3	4	21
3371	3	6	21
3372	3	4	22
3373	3	6	22
3374	3	4	23
3375	3	6	23
3376	3	4	24
3377	3	6	24
3378	3	4	25
3379	3	6	25
3380	3	4	26
3381	3	6	26
3382	3	4	27
3383	3	6	27
3384	3	4	28
3385	3	6	28
3386	3	4	29
3387	3	6	29
3388	3	4	30
3389	3	6	30
3390	3	4	31
3391	3	6	31
3392	3	4	32
3393	3	6	32
3394	3	4	33
3395	3	6	33
3396	3	4	34
3397	3	6	34
3398	3	4	35
3399	3	6	35
3400	3	4	36
3401	3	6	36
3402	3	4	37
3403	3	6	37
3404	3	4	38
3405	3	6	38
3406	3	4	39
3407	3	6	39
3408	3	4	40
3409	3	6	40
3410	3	4	41
3411	3	6	41
3412	3	4	42
3413	3	6	42
3414	3	4	43
3415	3	6	43
3416	3	4	44
3417	3	6	44
3418	3	4	45
3419	3	6	45
3420	3	4	46
3421	3	6	46
3422	3	4	47
3423	3	6	47
3424	3	4	48
3425	3	6	48
3426	3	4	49
3427	3	6	49
3428	3	4	50
3429	3	6	50
3430	3	4	51
3431	3	6	51
3432	3	4	52
3433	3	6	52
3434	3	4	53
3435	3	6	53
3436	3	4	54
3437	3	6	54
3438	3	4	55
3439	3	6	55
3440	3	4	56
3441	3	6	56
3442	3	4	57
3443	3	6	57
3444	3	4	58
3445	3	6	58
3446	3	4	59
3447	3	6	59
3448	3	4	60
3449	3	6	60
3450	3	4	61
3451	3	6	61
3452	3	4	62
3453	3	6	62
3454	3	4	63
3455	3	6	63
3456	3	5	0
3457	3	7	0
3458	3	5	1
3459	3	7	1
3460	3	5	2
3461	3	7	2
3462	3	5	3
3463	3	7	3
3464	3	5	4
3465	3	7	4
3466	3	5	5
3467	3	7	5
3468	3	5	6
3469	3	7	6
3470	3	5	7
3471	3	7	7
3472	3	5	8
3473	3	7	8
3474	3	5	9
3475	3	7	9
3476	3	5	10
3477	3	7	10
3478	3	5	11
3479	3	7	11
3480	3	5	12
3481	3	7	12
3482	3	5	13
3483	3	7	13
3484	3	5	14
3485	3	7	14
3486	3	5	15
3487	3	7	15
3488	3	5	16
3489	3	7	16
3490	3	5	17
3491	3	7	17
3492	3	5	18
3493	3	7	18
3494	3	5	19
3495	3	7	19
3496	3	5	20
3497	3	7	20
3498	3	5	21
3499	3	7	21
3500	3	5	22
3501	3	7	22
3502	3	5	23
3503	3	7	23
3504	3	5	24
3505	3	7	24
3506	3	5	25
3507	3	7	25
3508	3	5	26
3509	3	7	26
3510	3	5	27
3511	3	7	27
3512	3	5	28
3513	3	7	28
3514	3	5	29
3515	3	7	29
3516	3	5	30
3517	3	7	30
3518	3	5	31
3519	3	7	31
3520	3	5	32
3521	3	7	32
3522	3	5	33
3523	3	7	33
3524	3	5	34
3525	3	7	34
3526	3	5	35
3527	3	7	35
3528	3	5	36
3529	3	7	36
3530	3	5	37
3531	3	7	37
3532	3	5	38
3533	3	7	38
3534	3	5	39
3535	3	7	39
3536	3	5	40
3537	3	7	40
3538	3	5	41
3539	3	7	41
3540	3	5	42
3541	3	7	42
3542	3	5	43
3543	3	7	43
3544	3	5	44
3545	3	7	44
3546	3	5	45
3547	3	7	45
3548	3	5	46
3549	3	7	46
3550	3	5	47
3551	3	7	47
3552	3	5	48
3553	3	7	48
3554	3	5	49
3555	3	7	49
3556	3	5	50
3557	3	7	50
3558	3	5	51
3559	3	7	51
3560	3	5	52
3561	3	7	52
3562	3	5	53
3563	3	7	53
3564	3	5	54
3565	3	7	54
3566	3	5	55
3567	3	7	55
3568	3	5	56
3569	3	7	56
3570	3	5	57
3571	3	7	57
3572	3	5	58
3573	3	7	58
3574	3	5	59
3575	3	7	59
3576	3	5	60
3577	3	7	60
3578	3	5	61
3579	3	7	61
3580	3	5	62
3581	3	7	62
3582	3	5	63
3583	3	7	63
3584	3	8	0
3585	3	10	0
3586	3	8	1
3587	3	10	1
3588	3	8	2
3589	3	10	2
3590	3	8	3
3591	3	10	3
3592	3	8	4
3593	3	10	4
3594	3	8	5
3595	3	10	5
3596	3	8	6
3597	3	10	6
3598	3	8	7
3599	3	10	7
3600	3	8	8
3601	3	10	8
3602	3	8	9
3603	3	10	9
3604	3	8	10
3605	3	10	10
3606	3	8	11
3607	3	10	11
3608	3	8	12
3609	3	10	12
3610	3	8	13
3611	3	10	13
3612	3	8	14
3613	3	10	14
3614	3	8	15
3615	3	10	15
3616	3	8	16
3617	3	10	16
3618	3	8	17
3619	3	10	17
3620	3	8	18
3621	3	10	18
3622	3	8	19
3623	3	10	19
3624	3	8	20
3625	3	10	20
3626	3	8	21
3627	3	10	21
3628	3	8	22
3629	3	10	22
3630	3	8	23
3631	3	10	23
3632	3	8	24
3633	3	10	24
3634	3	8	25
3635	3	10	25
3636	3	8	26
3637	3	10	26
3638	3	8	27
3639	3	10	27
3640	3	8	28
3641	3	10	28
3642	3	8	29
3643	3	10	29
3644	3	8	30
3645	3	10	30
3646	3	8	31
3647	3	10	31
3648	3	8	32
3649	3	10	32
3650	3	8	33
3651	3	10	33
3652	3	8	34
3653	3	10	34
3654	3	8	35
3655	3	10	35
3656	3	8	36
3657	3	10	36
3658	3	8	37
3659	3	10	37
3660	3	8	38
3661	3	10	38
3662	3	8	39
3663	3	10	39
3664	3	8	40
3665	3	10	40
3666	3	8	41
3667	3	10	41
3668	3	8	42
3669	3	10	42
3670	3	8	43
3671	3	10	43
3672	3	8	44
3673	3	10	44
3674	3	8	45
3675	3	10	45
3676	3	8	46
3677	3	10	46
3678	3	8	47
3679	3	10	47
3680	3	8	48
3681	3	10	48
3682	3	8	49
3683	3	10	49
3684	3	8	50
3685	3	10	50
3686	3	8	51
3687	3	10	51
3688	3	8	52
3689	3	10	52
3690	3	8	53
3691	3	10	53
3692	3	8	54
3693	3	10	54
3694	3	8	55
3695	3	10	55
3696	3	8	56
3697	3	10	56
3698	3	8	57
3699	3	10	57
3700	3	8	58
3701	3	10	58
3702	3	8	59
3703	3	10	59
3704	3	8	60
3705	3	10	60
3706	3	8	61
3707	3	10	61
3708	3	8	62
3709	3	10	62
3710	3	8	63
3711	3	10	63
3712	3	9	0
3713	3	11	0
3714	3	9	1
3715	3	11	1
3716	3	9	2
3717	3	11	2
3718	3	9	3
3719	3	11	3
3720	3	9	4
3721	3	11	4
3722	3	9	5
3723	3	11	5
3724	3	9	6
3725	3	11	6
3726	3	9	7
3727	3	11	7
3728	3	9	8
3729	3	11	8
3730	3	9	9
3731	3	11	9
3732	3	9	10
3733	3	11	10
3734	3	9	11
3735	3	11	11
3736	3	9	12
3737	3	11	12
3738	3	9	13
3739	3	11	13
3740	3	9	14
3741	3	11	14
3742	3	9	15
3743	3	11	15
3744	3	9	16
3745	3	11	16
3746	3	9	17
3747	3	11	17
3748	3	9	18
3749	3	11	18
3750	3	9	19
3751	3	11	19
3752	3	9	20
3753	3	11	20
3754	3	9	21
3755	3	11	21
3756	3	9	22
3757	3	11	22
3758	3	9	23
3759	3	11	23
3760	3	9	24
3761	3	11	24
3762	3	9	25
3763	3	11	25
3764	3	9	26
3765	3	11	26
3766	3	9	27
3767	3	11	27
3768	3	9	28
3769	3	11	28
3770	3	9	29
3771	3	11	29
3772	3	9	30
3773	3	11	30
3774	3	9	31
3775	3	11	31
3776	3	9	32
3777	3	11	32
3778	3	9	33
3779	3	11	33
3780	3	9	34
3781	3	11	34
3782	3	9	35
3783	3	11	35
3784	3	9	36
3785	3	11	36
3786	3	9	37
3787	3	11	37
3788	3	9	38
3789	3	11	38
3790	3	9	39
3791	3	11	39
3792	3	9	40
3793	3	11	40
3794	3	9	41
3795	3	11	41
3796	3	9	42
3797	3	11	42
3798	3	9	43
3799	3	11	43
3800	3	9	44
3801	3	11	44
3802	3	9	45
3803	3	11	45
3804	3	9	46
3805	3	11	46
3806	3	9	47
3807	3	11	47
3808	3	9	48
3809	3	11	48
3810	3	9	49
3811	3	11	49
3812	3	9	50
3813	3	11	50
3814	3	9	51
3815	3	11	51
3816	3	9	52
3817	3	11	52
3818	3	9	53
3819	3	11	53
3820	3	9	54
3821	3	11	54
3822	3	9	55
3823	3	11	55
3824	3	9	56
3825	3	11	56
3826	3	9	57
3827	3	11	57
3828	3	9	58
3829	3	11	58
3830	3	9	59
3831	3	11	59
3832	3	9	60
3833	3	11	60
3834	3	9	61
3835	3	11	61
3836	3	9	62
3837	3	11	62
3838	3	9	63
3839	3	11	63
3840	3	12	0
3841	3	14	0
3842	3	12	1
3843	3	14	1
3844	3	12	2
3845	3	14	2
3846	3	12	3
3847	3	14	3
3848	3	12	4
3849	3	14	4
3850	3	12	5
3851	3	14	5
3852	3	12	6
3853	3	14	6
3854	3	12	7
3855	3	14	7
3856	3	12	8
3857	3	14	8
3858	3	12	9
3859	3	14	9
3860	3	12	10
3861	3	14	10
3862	3	12	11
3863	3	14	11
3864	3	12	12
3865	3	14	12
3866	3	12	13
3867	3	14	13
3868	3	12	14
3869	3	14	14
3870	3	12	15
3871	3	14	15
3872	3	12	16
3873	3	14	16
3874	3	12	17
3875	3	14	17
3876	3	12	18
3877	3	14	18
3878	3	12	19
3879	3	14	19
3880	3	12	20
3881	3	14	20
3882	3	12	21
3883	3	14	21
3884	3	12	22
3885	3	14	22
3886	3	12	23
3887	3	14	23
3888	3	12	24
3889	3	14	24
3890	3	12	25
3891	3	14	25
3892	3	12	26
3893	3	14	26
3894	3	12	27
3895	3	14	27
3896	3	12	28
3897	3	14	28
3898	3	12	29
3899	3	14	29
3900	3	12	30
3901	3	14	30
3902	3	12	31
3903	3	14	31
3904	3	12	32
3905	3	14	32
3906	3	12	33
3907	3	14	33
3908	3	12	34
3909	3	14	34
3910	3	12	35
3911	3	14	35
3912	3	12	36
3913	3	14	36
3914	3	12	37
3915	3	14	37
3916	3	12	38
3917	3	14	38
3918	3	12	39
3919	3	14	39
3920	3	12	40
3921	3	14	40
3922	3	12	41
3923	3	14	41
3924	3	12	42
3925	3	14	42
3926	3	12	43
3927	3	14	43
3928	3	12	44
3929	3	14	44
3930	3	12	45
3931	3	14	45
3932	3	12	46
3933	3	14	46
3934	3	12	47
3935	3	14	47
3936	3	12	48
3937	3	14	48
3938	3	12	49
3939	3	14	49
3940	3	12	50
3941	3	14	50
3942	3	12	51
3943	3	14	51
3944	3	12	52
3945	3	14	52
3946	3	12	53
3947	3	14	53
3948	3	12	54
3949	3	14	54
3950	3	12	55
3951	3	14	55
3952	3	12	56
3953	3	14	56
3954	3	12	57
3955	3	14	57
3956	3	12	58
3957	3	14	58
3958	3	12	59
3959	3	14	59
3960	3	12	60
3961	3	14	60
3962	3	12	61
3963	3	14	61
3964	3	12	62
3965	3	14	62
3966	3	12	63
3967	3	14	63
3968	3	13	0
3969	3	15	0
3970	3	13	1
3971	3	15	1
3972	3	13	2
3973	3	15	2
3974	3	13	3
3975	3	15	3
3976	3	13	4
3977	3	15	4
3978	3	13	5
3979	3	15	5
3980	3	13	6
3981	3	15	6
3982	3	13	7
3983	3	15	7
3984	3	13	8
3985	3	15	8
3986	3	13	9
3987	3	15	9
3988	3	13	10
3989	3	15	10
3990	3	13	11
3991	3	15	11
3992	3	13	12
3993	3	15	12
3994	3	13	13
3995	3	15	13
3996	3	13	14
3997	3	15	14
3998	3	13	15
3999	3	15	15
4000	3	13	16
4001	3	15	16
4002	3	13	17
4003	3	15	17
4004	3	13	18
4005	3	15	18
4006	3	13	19
4007	3	15	19
4008	3	13	20
4009	3	15	20
4010	3	13	21
4011	3	15	21
4012	3	13	22
4013	3	15	22
4014	3	13	23
4015	3	15	23
4016	3	13	24
4017	3	15	24
4018	3	13	25
4019	3	15	25
4020	3	13	26
4021	3	15	26
4022	3	13	27
4023	3	15	27
4024	3	13	28
4025	3	15	28
4026	3	13	29
4027	3	15	29
4028	3	13	30
4029	3	15	30
4030	3	13	31
4031	3	15	31
4032	3	13	32
4033	3	15	32
4034	3	13	33
4035	3	15	33
4036	3	13	34
4037	3	15	34
4038	3	13	35
4039	3	15	35
4040	3	13	36
4041	3	15	36
4042	3	13	37
4043	3	15	37
4044	3	13	38
4045	3	15	38
4046	3	13	39
4047	3	15	39
4048	3	13	40
4049	3	15	40
4050	3	13	41
4051	3	15	41
4052	3	13	42
4053	3	15	42
4054	3	13	43
4055	3	15	43
4056	3	13	44
4057	3	15	44
4058	3	13	45
4059	3	15	45
4060	3	13	46
4061	3	15	46
4062	3	13	47
4063	3	15	47
4064	3	13	48
4065	3	15	48
4066	3	13	49
4067	3	15	49
4068	3	13	50
4069	3	15	50
4070	3	13	51
4071	3	15	51
4072	3	13	52
4073	3	15	52
4074	3	13	53
4075	3	15	53
4076	3	13	54
4077	3	15	54
4078	3	13	55
4079	3	15	55
4080	3	13	56
4081	3	15	56
4082	3	13	57
4083	3	15	57
4084	3	13	58
4085	3	15	58
4086	3	13	59
4087	3	15	59
4088	3	13	60
4089	3	15	60
4090	3	13	61
4091	3	15	61
4092	3	13	62
4093	3	15	62
4094	3	13	63
4095	3	15	63
4096	3	16	0
4097	3	18	0
4098	3	16	1
4099	3	18	1
4100	3	16	2
4101	3	18	2
4102	3	16	3
4103	3	18	3
4104	3	16	4
4105	3	18	4
4106	3	16	5
4107	3	18	5
4108	3	16	6
4109	3	18	6
4110	3	16	7
4111	3	18	7
4112	3	16	8
4113	3	18	8
4114	3	16	9
4115	3	18	9
4116	3	16	10
4117	3	18	10
4118	3	16	11
4119	3	18	11
4120	3	16	12
4121	3	18	12
4122	3	16	13
4123	3	18	13
4124	3	16	14
4125	3	18	14
4126	3	16	15
4127	3	18	15
4128	3	16	16
4129	3	18	16
4130	3	16	17
4131	3	18	17
4132	3	16	18
4133	3	18	18
4134	3	16	19
4135	3	18	19
4136	3	16	20
4137	3	18	20
4138	3	16	21
4139	3	18	21
4140	3	16	22
4141	3	18	22
4142	3	16	23
4143	3	18	23
4144	3	16	24
4145	3	18	24
4146	3	16	25
4147	3	18	25
4148	3	16	26
4149	3	18	26
4150	3	16	27
4151	3	18	27
4152	3	16	28
4153	3	18	28
4154	3	16	29
4155	3	18	29
4156	3	16	30
4157	3	18	30
4158	3	16	31
4159	3	18	31
4160	3	16	32
4161	3	18	32
4162	3	16	33
4163	3	18	33
4164	3	16	34
4165	3	18	34
4166	3	16	35
4167	3	18	35
4168	3	16	36
4169	3	18	36
4170	3	16	37
4171	3	18	37
4172	3	16	38
4173	3	18	38
4174	3	16	39
4175	3	18	39
4176	3	16	40
4177	3	18	40
4178	3	16	41
4179	3	18	41
4180	3	16	42
4181	3	18	42
4182	3	16	43
4183	3	18	43
4184	3	16	44
4185	3	18	44
4186	3	16	45
4187	3	18	45
4188	3	16	46
4189	3	18	46
4190	3	16	47
4191	3	18	47
4192	3	16	48
4193	3	18	48
4194	3	16	49
4195	3	18	49
4196	3	16	50
4197	3	18	50
4198	3	16	51
4199	3	18	51
4200	3	16	52
4201	3	18	52
4202	3	16	53
4203	3	18	53
4204	3	16	54
4205	3	18	54
4206	3	16	55
4207	3	18	55
4208	3	16	56
4209	3	18	56
4210	3	16	57
4211	3	18	57
4212	3	16	58
4213	3	18	58
4214	3	16	59
4215	3	18	59
4216	3	16	60
4217	3	18	60
4218	3	16	61
4219	3	18	61
4220	3	16	62
4221	3	18	62
4222	3	16	63
4223	3	18	63
4224	3	17	0
4225	3	19	0
4226	3	17	1
4227	3	19	1
4228	3	17	2
4229	3	19	2
4230	3	17	3
4231	3	19	3
4232	3	17	4
4233	3	19	4
4234	3	17	5
4235	3	19	5
4236	3	17	6
4237	3	19	6
4238	3	17	7
4239	3	19	7
4240	3	17	8
4241	3	19	8
4242	3	17	9
4243	3	19	9
4244	3	17	10
4245	3	19	10
4246	3	17	11
4247	3	19	11
4248	3	17	12
4249	3	19	12
4250	3	17	13
4251	3	19	13
4252	3	17	14
4253	3	19	14
4254	3	17	15
4255	3	19	15
4256	3	17	16
4257	3	19	16
4258	3	17	17
4259	3	19	17
4260	3	17	18
4261	3	19	18
4262	3	17	19
4263	3	19	19
4264	3	17	20
4265	3	19	20
4266	3	17	21
4267	3	19	21
4268	3	17	22
4269	3	19	22
4270	3	17	23
4271	3	19	23
4272	3	17	24
4273	3	19	24
4274	3	17	25
4275	3	19	25
4276	3	17	26
4277	3	19	26
4278	3	17	27
4279	3	19	27
4280	3	17	28
4281	3	19	28
4282	3	17	29
4283	3	19	29
4284	3	17	30
4285	3	19	30
4286	3	17	31
4287	3	19	31
4288	3	17	32
4289	3	19	32
4290	3	17	33
4291	3	19	33
4292	3	17	34
4293	3	19	34
4294	3	17	35
4295	3	19	35
4296	3	17	36
4297	3	19	36
4298	3	17	37
4299	3	19	37
4300	3	17	38
4301	3	19	38
4302	3	17	39
4303	3	19	39
4304	3	17	40
4305	3	19	40
4306	3	17	41
4307	3	19	41
4308	3	17	42
4309	3	19	42
4310	3	17	43
4311	3	19	43
4312	3	17	44
4313	3	19	44
4314	3	17	45
4315	3	19	45
4316	3	17	46
4317	3	19	46
4318	3	17	47
4319	3	19	47
4320	3	17	48
4321	3	19	48
4322	3	17	49
4323	3	19	49
4324	3	17	50
4325	3	19	50
4326	3	17	51
4327	3	19	51
4328	3	17	52
4329	3	19	52
4330	3	17	53
4331	3	19	53
4332	3	17	54
4333	3	19	54
4334	3	17	55
4335	3	19	55
4336	3	17	56
4337	3	19	56
4338	3	17	57
4339	3	19	57
4340	3	17	58
4341	3	19	58
4342	3	17	59
4343	3	19	59
4344	3	17	60
4345	3	19	60
4346	3	17	61
4347	3	19	61
4348	3	17	62
4349	3	19	62
4350	3	17	63
4351	3	19	63
4352	3	20	0
4353	3	22	0
4354	3	20	1
4355	3	22	1
4356	3	20	2
4357	3	22	2
4358	3	20	3
4359	3	22	3
4360	3	20	4
4361	3	22	4
4362	3	20	5
4363	3	22	5
4364	3	20	6
4365	3	22	6
4366	3	20	7
4367	3	22	7
4368	3	20	8
4369	3	22	8
4370	3	20	9
4371	3	22	9
4372	3	20	10
4373	3	22	10
4374	3	20	11
4375	3	22	11
4376	3	20	12
4377	3	22	12
4378	3	20	13
4379	3	22	13
4380	3	20	14
4381	3	22	14
4382	3	20	15
4383	3	22	15
4384	3	20	16
4385	3	22	16
4386	3	20	17
4387	3	22	17
4388	3	20	18
4389	3	22	18
4390	3	20	19
4391	3	22	19
4392	3	20	20
4393	3	22	20
4394	3	20	21
4395	3	22	21
4396	3	20	22
4397	3	22	22
4398	3	20	23
4399	3	22	23
4400	3	20	24
4401	3	22	24
4402	3	20	25
4403	3	22	25
4404	3	20	26
4405	3	22	26
4406	3	20	27
4407	3	22	27
4408	3	20	28
4409	3	22	28
4410	3	20	29
4411	3	22	29
4412	3	20	30
4413	3	22	30
4414	3	20	31
4415	3	22	31
4416	3	20	32
4417	3	22	32
4418	3	20	33
4419	3	22	33
4420	3	20	34
4421	3	22	34
4422	3	20	35
4423	3	22	35
4424	3	20	36
4425	3	22	36
4426	3	20	37
4427	3	22	37
4428	3	20	38
4429	3	22	38
4430	3	20	39
4431	3	22	39
4432	3	20	40
4433	3	22	40
4434	3	20	41
4435	3	22	41
4436	3	20	42
4437	3	22	42
4438	3	20	43
4439	3	22	43
4440	3	20	44
4441	3	22	44
4442	3	20	45
4443	3	22	45
4444	3	20	46
4445	3	22	46
4446	3	20	47
4447	3	22	47
4448	3	20	48
4449	3	22	48
4450	3	20	49
4451	3	22	49
4452	3	20	50
4453	3	22	50
4454	3	20	51
4455	3	22	51
4456	3	20	52
4457	3	22	52
4458	3	20	53
4459	3	22	53
4460	3	20	54
4461	3	22	54
4462	3	20	55
4463	3	22	55
4464	3	20	56
4465	3	22	56
4466	3	20	57
4467	3	22	57
4468	3	20	58
4469	3	22	58
4470	3	20	59
4471	3	22	59
4472	3	20	60
4473	3	22	60
4474	3	20	61
4475	3	22	61
4476	3	20	62
4477	3	22	62
4478	3	20	63
4479	3	22	63
4480	3	21	0
4481	3	23	0
4482	3	21	1
4483	3	23	1
4484	3	21	2
4485	3	23	2
4486	3	21	3
4487	3	23	3
4488	3	21	4
4489	3	23	4
4490	3	21	5
4491	3	23	5
4492	3	21	6
4493	3	23	6
4494	3	21	7
4495	3	23	7
4496	3	21	8
4497	3	23	8
4498	3	21	9
4499	3	23	9
4500	3	21	10
4501	3	23	10
4502	3	21	11
4503	3	23	11
4504	3	21	12
4505	3	23	12
4506	3	21	13
4507	3	23	13
4508	3	21	14
4509	3	23	14
4510	3	21	15
4511	3	23	15
4512	3	21	16
4513	3	23	16
4514	3	21	17
4515	3	23	17
4516	3	21	18
4517	3	23	18
4518	3	21	19
4519	3	23	19
4520	3	21	20
4521	3	23	20
4522	3	21	21
4523	3	23	21
4524	3	21	22
4525	3	23	22
4526	3	21	23
4527	3	23	23
4528	3	21	24
4529	3	23	24
4530	3	21	25
4531	3	23	25
4532	3	21	26
4533	3	23	26
4534	3	21	27
4535	3	23	27
4536	3	21	28
4537	3	23	28
4538	3	21	29
4539	3	23	29
4540	3	21	30
4541	3	23	30
4542	3	21	31
4543	3	23	31
4544	3	21	32
4545	3	23	32
4546	3	21	33
4547	3	23	33
4548	3	21	34
4549	3	23	34
4550	3	21	35
4551	3	23	35
4552	3	21	36
4553	3	23	36
4554	3	21	37
4555	3	23	37
4556	3	21	38
4557	3	23	38
4558	3	21	39
4559	3	23	39
4560	3	21	40
4561	3	23	40
4562	3	21	41
4563	3	23	41
4564	3	21	42
4565	3	23	42
4566	3	21	43
4567	3	23	43
4568	3	21	44
4569	3	23	44
4570	3	21	45
4571	3	23	45
4572	3	21	46
4573	3	23	46
4574	3	21	47
4575	3	23	47
4576	3	21	48
4577	3	23	48
4578	3	21	49
4579	3	23	49
4580	3	21	50
4581	3	23	50
4582	3	21	51
4583	3	23	51
4584	3	21	52
4585	3	23	52
4586	3	21	53
4587	3	23	53
4588	3	21	54
4589	3	23	54
4590	3	21	55
4591	3	23	55
4592	3	21	56
4593	3	23	56
4594	3	21	57
4595	3	23	57
4596	3	21	58
4597	3	23	58
4598	3	21	59
4599	3	23	59
4600	3	21	60
4601	3	23	60
4602	3	21	61
4603	3	23	61
4604	3	21	62
4605	3	23	62
4606	3	21	63
4607	3	23	63
4608	4	0	0
4609	4	2	0
4610	4	0	1
4611	4	2	1
4612	4	0	2
4613	4	2	2
4614	4	0	3
4615	4	2	3
4616	4	0	4
4617	4	2	4
4618	4	0	5
4619	4	2	5
4620	4	0	6
4621	4	2	6
4622	4	0	7
4623	4	2	7
4624	4	0	8
4625	4	2	8
4626	4	0	9
4627	4	2	9
4628	4	0	10
4629	4	2	10
4630	4	0	11
4631	4	2	11
4632	4	0	12
4633	4	2	12
4634	4	0	13
4635	4	2	13
4636	4	0	14
4637	4	2	14
4638	4	0	15
4639	4	2	15
4640	4	0	16
4641	4	2	16
4642	4	0	17
4643	4	2	17
4644	4	0	18
4645	4	2	18
4646	4	0	19
4647	4	2	19
4648	4	0	20
4649	4	2	20
4650	4	0	21
4651	4	2	21
4652	4	0	22
4653	4	2	22
4654	4	0	23
4655	4	2	23
4656	4	0	24
4657	4	2	24
4658	4	0	25
4659	4	2	25
4660	4	0	26
4661	4	2	26
4662	4	0	27
4663	4	2	27
4664	4	0	28
4665	4	2	28
4666	4	0	29
4667	4	2	29
4668	4	0	30
4669	4	2	30
4670	4	0	31
4671	4	2	31
4672	4	0	32
4673	4	2	32
4674	4	0	33
4675	4	2	33
4676	4	0	34
4677	4	2	34
4678	4	0	35
4679	4	2	35
4680	4	0	36
4681	4	2	36
4682	4	0	37
4683	4	2	37
4684	4	0	38
4685	4	2	38
4686	4	0	39
4687	4	2	39
4688	4	0	40
4689	4	2	40
4690	4	0	41
4691	4	2	41
4692	4	0	42
4693	4	2	42
4694	4	0	43
4695	4	2	43
4696	4	0	44
4697	4	2	44
4698	4	0	45
4699	4	2	45
4700	4	0	46
4701	4	2	46
4702	4	0	47
4703	4	2	47
4704	4	0	48
4705	4	2	48
4706	4	0	49
4707	4	2	49
4708	4	0	50
4709	4	2	50
4710	4	0	51
4711	4	2	51
4712	4	0	52
4713	4	2	52
4714	4	0	53
4715	4	2	53
4716	4	0	54
4717	4	2	54
4718	4	0	55
4719	4	2	55
4720	4	0	56
4721	4	2	56
4722	4	0	57
4723	4	2	57
4724	4	0	58
4725	4	2	58
4726	4	0	59
4727	4	2	59
4728	4	0	60
4729	4	2	60
4730	4	0	61
4731	4	2	61
4732	4	0	62
4733	4	2	62
4734	4	0	63
4735	4	2	63
4736	4	1	0
4737	4	3	0
4738	4	1	1
4739	4	3	1
4740	4	1	2
4741	4	3	2
4742	4	1	3
4743	4	3	3
4744	4	1	4
4745	4	3	4
4746	4	1	5
4747	4	3	5
4748	4	1	6
4749	4	3	6
4750	4	1	7
4751	4	3	7
4752	4	1	8
4753	4	3	8
4754	4	1	9
4755	4	3	9
4756	4	1	10
4757	4	3	10
4758	4	1	11
4759	4	3	11
4760	4	1	12
4761	4	3	12
4762	4	1	13
4763	4	3	13
4764	4	1	14
4765	4	3	14
4766	4	1	15
4767	4	3	15
4768	4	1	16
4769	4	3	16
4770	4	1	17
4771	4	3	17
4772	4	1	18
4773	4	3	18
4774	4	1	19
4775	4	3	19
4776	4	1	20
4777	4	3	20
4778	4	1	21
4779	4	3	21
4780	4	1	22
4781	4	3	22
4782	4	1	23
4783	4	3	23
4784	4	1	24
4785	4	3	24
4786	4	1	25
4787	4	3	25
4788	4	1	26
4789	4	3	26
4790	4	1	27
4791	4	3	27
4792	4	1	28
4793	4	3	28
4794	4	1	29
4795	4	3	29
4796	4	1	30
4797	4	3	30
4798	4	1	31
4799	4	3	31
4800	4	1	32
4801	4	3	32
4802	4	1	33
4803	4	3	33
4804	4	1	34
4805	4	3	34
4806	4	1	35
4807	4	3	35
4808	4	1	36
4809	4	3	36
4810	4	1	37
4811	4	3	37
4812	4	1	38
4813	4	3	38
4814	4	1	39
4815	4	3	39
4816	4	1	40
4817	4	3	40
4818	4	1	41
4819	4	3	41
4820	4	1	42
4821	4	3	42
4822	4	1	43
4823	4	3	43
4824	4	1	44
4825	4	3	44
4826	4	1	45
4827	4	3	45
4828	4	1	46
4829	4	3	46
4830	4	1	47
4831	4	3	47
4832	4	1	48
4833	4	3	48
4834	4	1	49
4835	4	3	49
4836	4	1	50
4837	4	3	50
4838	4	1	51
4839	4	3	51
4840	4	1	52
4841	4	3	52
4842	4	1	53
4843	4	3	53
4844	4	1	54
4845	4	3	54
4846	4	1	55
4847	4	3	55
4848	4	1	56
4849	4	3	56
4850	4	1	57
4851	4	3	57
4852	4	1	58
4853	4	3	58
4854	4	1	59
4855	4	3	59
4856	4	1	60
4857	4	3	60
4858	4	1	61
4859	4	3	61
4860	4	1	62
4861	4	3	62
4862	4	1	63
4863	4	3	63
4864	4	4	0
4865	4	6	0
4866	4	4	1
4867	4	6	1
4868	4	4	2
4869	4	6	2
4870	4	4	3
4871	4	6	3
4872	4	4	4
4873	4	6	4
4874	4	4	5
4875	4	6	5
4876	4	4	6
4877	4	6	6
4878	4	4	7
4879	4	6	7
4880	4	4	8
4881	4	6	8
4882	4	4	9
4883	4	6	9
4884	4	4	10
4885	4	6	10
4886	4	4	11
4887	4	6	11
4888	4	4	12
4889	4	6	12
4890	4	4	13
4891	4	6	13
4892	4	4	14
4893	4	6	14
4894	4	4	15
4895	4	6	15
4896	4	4	16
4897	4	6	16
4898	4	4	17
4899	4	6	17
4900	4	4	18
4901	4	6	18
4902	4	4	19
4903	4	6	19
4904	4	4	20
4905	4	6	20
4906	4	4	21
4907	4	6	21
4908	4	4	22
4909	4	6	22
4910	4	4	23
4911	4	6	23
4912	4	4	24
4913	4	6	24
4914	4	4	25
4915	4	6	25
4916	4	4	26
4917	4	6	26
4918	4	4	27
4919	4	6	27
4920	4	4	28
4921	4	6	28
4922	4	4	29
4923	4	6	29
4924	4	4	30
4925	4	6	30
4926	4	4	31
4927	4	6	31
4928	4	4	32
4929	4	6	32
4930	4	4	33
4931	4	6	33
4932	4	4	34
4933	4	6	34
4934	4	4	35
4935	4	6	35
4936	4	4	36
4937	4	6	36
4938	4	4	37
4939	4	6	37
4940	4	4	38
4941	4	6	38
4942	4	4	39
4943	4	6	39
4944	4	4	40
4945	4	6	40
4946	4	4	41
4947	4	6	41
4948	4	4	42
4949	4	6	42
4950	4	4	43
4951	4	6	43
4952	4	4	44
4953	4	6	44
4954	4	4	45
4955	4	6	45
4956	4	4	46
4957	4	6	46
4958	4	4	47
4959	4	6	47
4960	4	4	48
4961	4	6	48
4962	4	4	49
4963	4	6	49
4964	4	4	50
4965	4	6	50
4966	4	4	51
4967	4	6	51
4968	4	4	52
4969	4	6	52
4970	4	4	53
4971	4	6	53
4972	4	4	54
4973	4	6	54
4974	4	4	55
4975	4	6	55
4976	4	4	56
4977	4	6	56
4978	4	4	57
4979	4	6	57
4980	4	4	58
4981	4	6	58
4982	4	4	59
4983	4	6	59
4984	4	4	60
4985	4	6	60
4986	4	4	61
4987	4	6	61
4988	4	4	62
4989	4	6	62
4990	4	4	63
4991	4	6	63
4992	4	5	0
4993	4	7	0
4994	4	5	1
4995	4	7	1
4996	4	5	2
4997	4	7	2
4998	4	5	3
4999	4	7	3
5000	4	5	4
5001	4	7	4
5002	4	5	5
5003	4	7	5
5004	4	5	6
5005	4	7	6
5006	4	5	7
5007	4	7	7
5008	4	5	8
5009	4	7	8
5010	4	5	9
5011	4	7	9
5012	4	5	10
5013	4	7	10
5014	4	5	11
5015	4	7	11
5016	4	5	12
5017	4	7	12
5018	4	5	13
5019	4	7	13
5020	4	5	14
5021	4	7	14
5022	4	5	15
5023	4	7	15
5024	4	5	16
5025	4	7	16
5026	4	5	17
5027	4	7	17
5028	4	5	18
5029	4	7	18
5030	4	5	19
5031	4	7	19
5032	4	5	20
5033	4	7	20
5034	4	5	21
5035	4	7	21
5036	4	5	22
5037	4	7	22
5038	4	5	23
5039	4	7	23
5040	4	5	24
5041	4	7	24
5042	4	5	25
5043	4	7	25
5044	4	5	26
5045	4	7	26
5046	4	5	27
5047	4	7	27
5048	4	5	28
5049	4	7	28
5050	4	5	29
5051	4	7	29
5052	4	5	30
5053	4	7	30
5054	4	5	31
5055	4	7	31
5056	4	5	32
5057	4	7	32
5058	4	5	33
5059	4	7	33
5060	4	5	34
5061	4	7	34
5062	4	5	35
5063	4	7	35
5064	4	5	36
5065	4	7	36
5066	4	5	37
5067	4	7	37
5068	4	5	38
5069	4	7	38
5070	4	5	39
5071	4	7	39
5072	4	5	40
5073	4	7	40
5074	4	5	41
5075	4	7	41
5076	4	5	42
5077	4	7	42
5078	4	5	43
5079	4	7	43
5080	4	5	44
5081	4	7	44
5082	4	5	45
5083	4	7	45
5084	4	5	46
5085	4	7	46
5086	4	5	47
5087	4	7	47
5088	4	5	48
5089	4	7	48
5090	4	5	49
5091	4	7	49
5092	4	5	50
5093	4	7	50
5094	4	5	51
5095	4	7	51
5096	4	5	52
5097	4	7	52
5098	4	5	53
5099	4	7	53
5100	4	5	54
5101	4	7	54
5102	4	5	55
5103	4	7	55
5104	4	5	56
5105	4	7	56
5106	4	5	57
5107	4	7	57
5108	4	5	58
5109	4	7	58
5110	4	5	59
5111	4	7	59
5112	4	5	60
5113	4	7	60
5114	4	5	61
5115	4	7	61
5116	4	5	62
5117	4	7	62
5118	4	5	63
5119	4	7	63
