0	-0.40817829
1	0.478392983
2	-1.742534815
3	-1.083696214
4	-0.232897289
5	-1.133704616
6	0.708299822
7	-0.255976244
8	0.454536537
9	0.34589287
10	-0.914151313
11	-0.219176211
12	1.540090237
13	-0.06729041
14	0.750185173
15	-1.252525599
16	1.881276793
17	1.08307137
18	0.403799169
19	-0.66013052
20	0.996921357
21	-0.466640679
22	-0.147430802
23	0.465758366
24	1.472209636
25	-0.089248445
26	0.077041903
27	0.812045767
28	0.116082738
29	2.444925959
30	-0.643804806
31	0.197596893
32	0.496921984
33	1.855947974
34	0.073004041
35	-0.766896413
36	-1.120294518
37	-1.285900187
38	1.462787967
39	-0.175869471
40	0.576923821
41	-0.241021451
42	-1.135892295
43	0.006762617
44	-1.656346974
45	-1.072041249
46	0.179748625
47	0.272906454
48	0.014156971
49	-0.046374193
50	0.006439565
51	-0.644237792
52	-0.007830788
53	0.293738714
54	0.918094334
55	0.723697415
56	0.06599502
57	0.843457846
58	-0.156088783
59	0.768268835
60	-1.049871276
61	-0.053859518
62	-0.472876414
63	-0.657052687
64	-0.670193813
65	-0.056785721
66	-0.437127642
67	1.138593278
68	0.367129055
69	-0.681090652
70	0.320863282
71	-1.284949167
72	-0.512218056
73	1.001620998
74	0.381645129
75	1.462008713
76	-0.639059588
77	0.871553559
78	0.161576853
79	0.165354377
80	-0.803663752
81	-0.114701532
82	0.491418645
83	1.292607075
84	-0.979921489
85	0.973688432
86	1.594841866
87	0.371110412
88	-0.27214148
89	-1.915335772
90	-0.041963719
91	0.262880908
92	-0.689180237
93	0.246577909
94	1.19357776
95	0.542303852
96	-0.654314151
97	0.786000959
98	-0.704262875
99	-0.072265143
100	0.208576412
101	1.296570941
102	-0.063855034
103	0.159200191
104	0.925960111
105	-2.042826473
106	2.075169182
107	-0.222235
108	1.35332452
109	-0.002027946
110	0.397365683
111	0.354055184
112	0.511771393
113	-0.457738167
114	1.155370009
115	-0.115781727
116	-0.840449092
117	0.321826222
118	-0.461556427
119	-1.19008102
120	0.401419897
121	0.560289182
122	-0.162565747
123	0.331663265
124	-0.313720184
125	-1.389663479
126	0.617972175
127	-0.610932716
128	0.15998996
129	1.471532457
130	-0.166092867
131	-0.507920517
132	0.338036954
133	-1.40898172
134	1.270972215
135	-0.144821609
136	-1.965002639
137	-0.765306087
138	0.577112948
139	-0.714690883
140	1.673938548
141	1.283248438
142	0.111830082
143	0.393560045
144	-0.704160562
145	-0.892621182
146	-0.288656835
147	1.833763681
148	-0.089292317
149	0.916267188
150	-0.780835161
151	0.097099476
152	1.386262532
153	-0.094783916
154	-1.715879581
155	0.053034023
156	-2.41327277
157	1.000076796
158	-0.67093874
159	0.239788482
160	0.465575947
161	-0.897566218
162	0.285623216
163	-0.760963944
164	-1.023673817
165	-1.391641336
166	-0.242148271
167	0.590555063
168	0.464393322
169	-1.486813908
170	0.394357776
171	0.902535297
172	-1.452469922
173	0.178071392
174	-0.371711772
175	1.204077962
176	-0.80514245
177	-0.07796681
178	-0.39354941
179	-2.089904828
180	-0.816150506
181	-1.129655392
182	-0.03139441
183	0.8896484
184	-0.652208727
185	-0.397336115
186	1.971118498
187	1.701910592
188	0.285792663
189	-1.738091689
190	-0.789743994
191	-0.691520263
192	-1.313018844
193	-0.319232912
194	0.83927878
195	1.306147453
196	1.98204058
197	0.047865666
198	-0.359924628
199	0.696814511
200	-0.005355014
201	0.69741095
202	0.146527025
203	-1.380544453
204	-1.429810506
205	-0.407681799
206	-1.528747625
207	-0.166433636
208	1.29328001
209	2.034089345
210	-0.16133237
211	-1.333930035
212	0.791834757
213	-0.632238067
214	-0.130231195
215	0.349612982
216	1.609446664
217	-0.327849039
218	-0.492717167
219	1.299194
220	-0.718527533
221	-0.671708083
222	1.60457056
223	-0.867398704
224	-1.109376665
225	-1.145681704
226	-0.679705033
227	0.175969876
228	-0.362956639
229	1.135676944
230	-0.685920146
231	2.015346083
232	0.207859477
233	-0.200225515
234	1.477822045
235	0.22662747
236	-1.270463891
237	0.791715611
238	0.344362716
239	0.162729038
240	0.372231898
241	0.896106612
242	-0.218775195
243	-1.020718808
244	0.965974581
245	-0.76316394
246	0.989352797
247	1.718669209
248	0.714001118
249	-0.631049114
250	0.735906505
251	-0.249884282
252	-0.969527779
253	-0.439858992
254	0.549916092
255	-0.80050398
256	-0.007173449
257	0.337081613
258	-0.824920031
259	-0.816768181
260	0.750262061
261	-0.235735143
262	-0.22671651
263	-3.598685709
264	-0.603896547
265	-0.918996661
266	0.083725271
267	-0.374561747
268	0.128729223
269	0.987346053
270	0.463799907
271	-0.189384207
272	0.985258405
273	-1.880686458
274	1.044747837
275	1.29596539
276	0.402672632
277	1.492778169
278	-0.803917017
279	-1.034641198
280	0.981203806
281	-0.660412132
282	1.093230086
283	1.966852642
284	0.623320561
285	-1.297070085
286	-1.513156965
287	-1.506313331
288	0.782545524
289	0.42223614
290	0.491447819
291	-0.281510694
292	1.277226115
293	2.430401532
294	0.446400491
295	0.540262692
296	-1.075688065
297	-0.235786505
298	-0.478864332
299	-0.903800053
300	0.201118785
301	1.569425999
302	0.052632657
303	0.0737852
304	1.574754064
305	1.708556757
306	-0.945417094
307	-0.919766343
308	0.367834016
309	-1.41656582
310	-0.942703944
311	-1.597649742
312	-1.221793136
313	-0.091048807
314	-0.159959852
315	-0.0945729
316	-0.506960088
317	-0.506600418
318	-0.042309861
319	0.108956613
320	-0.740256487
321	0.71892811
322	0.639832891
323	0.231096989
324	-1.448288062
325	-0.232538077
326	0.451084331
327	-1.129972612
328	-0.925244464
329	0.671033429
330	-0.013699547
331	0.37986812
332	1.876547013
333	-0.706833619
334	-1.069362693
335	-1.640067097
336	1.398416277
337	-0.135849532
338	-1.346438346
339	-1.123148453
340	1.686222942
341	1.088895858
342	-2.252108515
343	-0.50804387
344	-0.868431963
345	1.639235192
346	-1.420850609
347	0.208936207
348	-1.224200566
349	-1.198681876
350	-0.169580381
351	0.361655672
352	0.355273744
353	-0.891657883
354	-0.8431633
355	-1.354371215
356	-0.695650114
357	1.061889469
358	2.663483452
359	0.349782459
360	-1.209229394
361	0.857416615
362	-2.018092274
363	1.249161024
364	-0.126798794
365	0.591033873
366	-1.383067924
367	-0.766158209
368	-2.434720992
369	-0.256693854
370	-0.513582614
371	-1.132831948
372	-1.626955527
373	-0.586142211
374	-0.627314412
375	0.583642122
376	-1.912341781
377	0.531838994
378	0.095109225
379	0.825036959
380	0.305629479
381	0.901661477
382	0.930229399
383	-1.451734065
384	-0.019167851
385	-0.857555306
386	0.62476235
387	-0.108405838
388	0.847971532
389	0.150492485
390	-1.499164749
391	-1.252682326
392	0.322090398
393	-1.791399574
394	0.36534036
395	0.168156081
396	2.187935725
397	0.493622527
398	-2.164658004
399	0.429179819
400	1.128738376
401	0.57112014
402	0.751289368
403	0.237764392
404	0.156336249
405	-1.172503726
406	0.124471277
407	0.240969704
408	0.340211275
409	-0.688639062
410	-0.525581499
411	0.181308277
412	-0.152190427
413	0.234399096
414	-0.356869582
415	0.171580914
416	0.007592873
417	-0.222287777
418	0.167471356
419	-0.462522062
420	1.410863253
421	0.722440127
422	0.113289924
423	-0.600614512
424	-0.451435579
425	-1.017313286
426	-1.935903983
427	-1.546858607
428	-0.873229479
429	-0.376859264
430	0.649852145
431	0.80894471
432	-0.327801591
433	0.304385153
434	-0.304533303
435	1.276705627
436	-0.027770761
437	-1.235226816
438	1.061579542
439	-0.94525643
440	-0.76941479
441	-0.128521269
442	-0.433950796
443	0.522838545
444	1.205259074
445	-0.219641106
446	0.203870662
447	0.178030848
448	0.209347925
449	-0.30159478
450	-0.043044237
451	-0.533813332
452	-1.810757436
453	-0.441292798
454	1.163546923
455	1.299749945
456	-1.434587089
457	0.451181103
458	0.438376104
459	-1.374459478
460	0.11327561
461	-1.239754095
462	1.546861783
463	-0.637626567
464	-0.114131288
465	0.979243329
466	-0.157315999
467	-0.442128219
468	-0.025893066
469	-0.433617986
470	1.671640906
471	-1.622366828
472	1.404832042
473	-1.063861096
474	2.161709457
475	0.049639699
476	1.51225222
477	-0.550773322
478	-0.257415964
479	-0.682554441
480	-0.468611624
481	1.554563487
482	-0.170478644
483	0.264716362
484	-0.893563766
485	1.159447915
486	-0.253864548
487	-1.117871833
488	-2.185740376
489	0.954521305
490	0.59686098
491	-0.793813165
492	1.030006636
493	1.461714818
494	0.132094129
495	0.865087306
496	-1.472636144
497	-0.539615336
498	-1.469294956
499	0.912733252
500	-0.391309858
501	-1.168845754
502	-0.806736797
503	-0.404089799
504	-1.540185184
505	-1.767002434
506	0.663998772
507	-1.454712691
508	1.425962241
509	0.782423134
510	-0.740757154
511	0.595286257
512	0.134637496
513	2.578358839
514	0.09152125
515	-0.053789907
516	-0.370613331
517	-1.110013413
518	-2.403927782
519	-0.098904264
520	0.828388134
521	-0.825051385
522	-1.230015752
523	-0.645880054
524	-2.541147657
525	1.027155794
526	-1.667358644
527	-1.489350918
528	0.543879625
529	-0.250101217
530	-0.112506545
531	-0.209420648
532	-0.978524575
533	0.755472556
534	0.341013971
535	-1.497376768
536	0.080087475
537	-0.749711372
538	-1.64000224
539	-0.167107535
540	0.004185846
541	-0.155373135
542	-1.365282024
543	1.361840672
544	0.767380681
545	0.493340231
546	0.190095848
547	-0.337414847
548	-2.123060698
549	0.955275299
550	1.292901768
551	-0.892889521
552	1.733825488
553	-0.87948169
554	1.629570594
555	-0.218710121
556	-0.795968474
557	0.530006508
558	0.704284118
559	0.664833628
560	0.162944275
561	-0.284845639
562	0.308158758
563	-0.288345332
564	0.655204196
565	-1.181856987
566	-0.074884278
567	-0.398693821
568	-0.222166949
569	0.527886889
570	0.083287081
571	-0.246896772
572	-0.170832777
573	1.154731064
574	0.591964162
575	1.392098058
576	0.218055687
577	0.636735352
578	1.541503302
579	0.999613871
580	0.202605363
581	0.939956723
582	1.000186593
583	-0.240155865
584	0.295551159
585	0.74048749
586	-1.439617809
587	0.118706766
588	0.594744012
589	1.722054042
590	0.489825424
591	-0.092664198
592	-0.680533742
593	-0.469737581
594	-0.067692992
595	1.167395322
596	0.201747
597	0.616967618
598	0.998306676
599	-1.048928338
600	-0.347045525
601	-0.233624793
602	1.123764665
603	0.397226241
604	-0.909629124
605	-0.234925804
606	-1.788441902
607	1.279679247
608	-1.109477821
609	-0.018903912
610	-0.68746781
611	-0.671901556
612	-0.052222561
613	-0.869001512
614	-0.337248664
615	1.632154158
616	-0.295247325
617	-0.258880892
618	-1.72130832
619	-0.68778214
620	0.036159231
621	0.05256995
622	0.940174893
623	-1.193094796
624	1.663449246
625	0.258785087
626	0.581005652
627	0.762503521
628	0.356692957
629	-1.080818544
630	-0.07031834
631	0.595463915
632	0.455518127
633	1.96603051
634	0.073907432
635	-0.289688525
636	-1.840958407
637	0.893614709
638	0.550093903
639	0.755860038
640	0.018454385
641	0.933447213
642	-0.567725712
643	1.197038265
644	0.602571488
645	0.195618355
646	0.719440491
647	-0.659338014
648	-1.076215359
649	0.091023268
650	0.46921017
651	-0.755383047
652	-0.1230986
653	1.588710283
654	-1.389073456
655	-0.11151737
656	0.192231755
657	-2.043651215
658	-0.111809254
659	0.230804304
660	1.007710776
661	-0.555359258
662	-0.441639334
663	-0.633874035
664	-0.821842231
665	0.09165612
666	-0.660005061
667	1.055079926
668	-0.166575857
669	0.272196461
670	-0.061539148
671	-0.727852311
672	1.100451237
673	-1.577325611
674	1.045756062
675	-0.254034436
676	-1.105164769
677	-0.269249796
678	1.015424679
679	0.613318548
680	0.846277458
681	0.010022539
682	0.176280886
683	-0.517314589
684	0.992052652
685	-1.232270627
686	1.299484472
687	-0.333518509
688	0.305436466
689	0.085244298
690	0.016435911
691	1.197102966
692	-0.015089566
693	-0.250898876
694	-0.302505612
695	-1.100841257
696	0.48287465
697	-1.289820991
698	0.241767276
699	-0.119440054
700	1.636230338
701	1.152146097
702	0.738968908
703	0.692557456
704	-2.232255027
705	0.296724487
706	0.840617841
707	0.745429364
708	1.33412023
709	-0.005944921
710	-0.129184773
711	-0.234458954
712	0.217480124
713	1.267159028
714	2.175116992
715	-2.201152258
716	-0.33942274
717	0.096710859
718	-0.633170941
719	-0.636234471
720	0.892496671
721	1.59868153
722	0.065696794
723	0.282764337
724	-0.271991956
725	0.593142464
726	0.100120025
727	-0.370996664
728	0.883862334
729	1.485580957
730	-0.59616712
731	-0.568912718
732	0.524385698
733	0.451609845
734	-0.606268461
735	0.864337844
736	1.020480535
737	-2.357786698
738	-0.202855646
739	-0.849218475
740	1.996351215
741	-1.002299113
742	1.516448329
743	-1.452860765
744	-0.254657958
745	0.737933316
746	-0.589838214
747	0.7409136
748	-1.296411485
749	-0.739207171
750	1.138745393
751	0.123214344
752	0.951328888
753	-0.177091543
754	-0.720588245
755	-0.19962583
756	-1.874827648
757	-0.655913352
758	1.024948508
759	0.469592199
760	0.200475613
761	0.82728868
762	-0.16783238
763	1.251092866
764	0.212660434
765	1.163521737
766	-0.40153073
767	-0.057714041
768	-1.896381051
769	0.177032416
770	1.236664107
771	-0.668385154
772	-0.770261634
773	-1.16976461
774	0.266803696
775	0.440262378
776	-0.121910544
777	0.136322053
778	1.089066083
779	0.407867876
780	-1.45196584
781	-0.278712815
782	-0.509610234
783	0.796739865
784	0.539129462
785	0.05746158
786	-0.216251817
787	-1.814003009
788	-0.365340871
789	2.214868148
790	0.566108846
791	0.936565245
792	-1.189589254
793	-0.986350374
794	0.155470474
795	-1.554888019
796	-0.273918213
797	-0.307934556
798	-0.457824476
799	0.202462726
800	-3.175025979
801	0.548640432
802	0.116826298
803	1.180811134
804	0.451055487
805	-1.266309149
806	1.723407882
807	-0.042608481
808	1.229444465
809	-0.643137922
810	0.964370281
811	0.710242436
812	-1.220085161
813	-2.166899516
814	0.264803761
815	0.327529541
816	-0.169957863
817	1.315324053
818	-0.453293354
819	0.416298175
820	-0.990935085
821	-0.402273032
822	-0.829099869
823	0.32478979
824	0.131468938
825	-0.379226882
826	-2.148095208
827	1.035119613
828	0.754191621
829	0.676846841
830	0.85845341
831	-0.879590795
832	-1.951119491
833	-0.110559706
834	-1.110239586
835	-0.190721178
836	-0.83027826
837	-0.752211541
838	2.034310157
839	0.402540729
840	-0.208695415
841	-0.950694547
842	0.256601111
843	-0.455376298
844	-0.60310613
845	-1.793646022
846	0.829557646
847	-0.791057837
848	-1.899389653
849	-1.099887394
850	0.026796951
851	-1.514549482
852	-0.586713481
853	0.99705945
854	0.959315757
855	1.25034976
856	-1.16878592
857	-0.667069606
858	-1.579041371
859	0.040176692
860	0.60487061
861	-0.940286835
862	-0.538320001
863	-1.193365671
864	-0.455553912
865	0.910838393
866	-0.251964964
867	0.448587078
868	0.135504416
869	0.687892069
870	0.638019132
871	-0.018456708
872	0.274689724
873	0.40887214
874	-1.179969433
875	0.283026883
876	3.087218729
877	-0.451392778
878	0.423858692
879	-0.540938796
880	-1.749824515
881	0.077586406
882	2.023628921
883	-0.581871436
884	0.200526641
885	-1.189717647
886	-1.799677244
887	0.533139951
888	0.107560763
889	-0.640006975
890	-0.737604847
891	0.219374116
892	-1.470183266
893	0.063090485
894	0.3914926
895	-1.388051647
896	-0.384079169
897	-0.468936587
898	0.462593719
899	-1.924058459
900	-0.661081588
901	-1.162045364
902	0.09952754
903	0.768493746
904	-1.384360789
905	-1.0138134
906	-1.158703776
907	-1.09925696
908	-1.107000694
909	0.499786447
910	0.980860924
911	1.185146646
912	-1.619800103
913	-0.535515967
914	-0.858969246
915	0.433054164
916	1.863839658
917	-0.685876169
918	-0.230871159
919	-1.041282449
920	-0.13618303
921	-1.509019783
922	-0.7717079
923	-0.914726305
924	1.043613471
925	-1.155323778
926	1.130107495
927	-0.760193584
928	-1.527621444
929	-1.492480158
930	-1.060350786
931	1.225162106
932	0.788020282
933	-1.51445339
934	-0.569732944
935	1.269920886
936	0.90172626
937	-0.454543515
938	1.968361845
939	-0.83088489
940	1.231898389
941	0.115089214
942	0.98054965
943	-0.08497517
944	0.172532076
945	-0.586410712
946	0.488030929
947	-0.354560333
948	-0.524640337
949	0.875235713
950	-1.80066288
951	-0.5433488
952	-0.042017393
953	0.010123254
954	0.665051144
955	-0.346399864
956	1.014648131
957	-1.309139529
958	0.945424576
959	-2.274990431
960	0.857203277
961	-1.734511036
962	-0.214231882
963	0.069040172
964	0.499696463
965	1.751805468
966	-1.934838999
967	0.868537001
968	1.993929646
969	1.289449949
970	-1.346159819
971	-0.119857301
972	-1.392234599
973	-1.847802164
974	0.132086576
975	-0.544655756
976	-1.544663227
977	-0.978524974
978	0.853515988
979	-0.76411176
980	0.922356277
981	-0.691962126
982	-0.505797514
983	-1.253027945
984	0.653974757
985	-0.006938417
986	0.583247767
987	0.875126182
988	-0.593246275
989	-1.079829845
990	0.632460724
991	0.292908205
992	1.138572513
993	0.128196834
994	0.451834506
995	-0.289878141
996	-0.286428037
997	0.981708857
998	0.330752265
999	0.242769886
1000	-0.046242412
1001	-1.667095837
1002	1.109577126
1003	0.428346419
1004	1.252683943
1005	-0.519526528
1006	1.224797559
1007	-0.452932113
1008	-1.046709043
1009	0.259965391
1010	-0.180581981
1011	0.353443118
1012	-0.035358412
1013	-0.475674329
1014	0.623160639
1015	0.949165294
1016	0.73871055
1017	-0.115008363
1018	-2.458177145
1019	-0.710933855
1020	-1.486111657
1021	0.435511517
1022	1.329449326
1023	-0.501262987
1024	0.533116789
1025	2.381095032
1026	0.115332848
1027	0.973568788
1028	-0.990546519
1029	-0.247974338
1030	0.842200348
1031	0.178305568
1032	-0.314906385
1033	-0.365744661
1034	-1.07586073
1035	1.715035276
1036	-0.60791999
1037	-0.998417203
1038	-0.551783364
1039	-0.409248905
1040	1.250273822
1041	-0.03074491
1042	0.13130747
1043	-0.081369789
1044	0.369134878
1045	-0.71544035
1046	1.244631371
1047	-2.221847734
1048	1.239702984
1049	0.124467318
1050	-0.212782307
1051	-0.784561886
1052	0.273051474
1053	2.624219146
1054	-1.599611716
1055	0.847414958
1056	1.004690093
1057	-1.627508396
1058	-1.627715576
1059	-0.675471817
1060	0.719215303
1061	-0.302387992
1062	-0.354503346
1063	-0.798509939
1064	0.605321883
1065	-1.151204487
1066	-0.395348361
1067	-0.337198082
1068	0.442261016
1069	0.806729101
1070	0.566165461
1071	-0.964650991
1072	0.097885979
1073	-0.383678739
1074	-0.203305827
1075	2.399086941
1076	0.46802039
1077	-0.368524292
1078	-0.00123323
1079	-2.081473443
1080	-0.831735787
1081	0.598808941
1082	-0.914394328
1083	1.331837553
1084	-1.775535867
1085	1.569073099
1086	0.217903061
1087	0.24253345
1088	1.192479096
1089	-1.291163631
1090	0.990729396
1091	1.11204799
1092	-0.229879811
1093	1.075350718
1094	0.279536145
1095	-0.260321907
1096	-1.089290051
1097	0.157330229
1098	0.009980245
1099	-0.083448858
1100	0.402603278
1101	-0.539672316
1102	-0.533767979
1103	1.05877514
1104	-0.925822074
1105	0.768700115
1106	-0.35953064
1107	-1.189120444
1108	0.257771941
1109	-1.009946645
1110	-0.524662014
1111	0.420524896
1112	0.192894438
1113	-1.870173502
1114	0.570067204
1115	-0.070077086
1116	0.659360217
1117	-1.026177747
1118	-0.236328394
1119	1.477863367
1120	0.193574107
1121	0.772045519
1122	-0.177649883
1123	0.870319409
1124	-0.017479783
1125	-0.279022644
1126	0.382275018
1127	1.170667539
1128	-0.681747014
1129	1.10589659
1130	0.841060309
1131	1.591777309
1132	0.818406551
1133	-1.666236147
1134	-0.961683822
1135	-0.051205459
1136	-0.389347296
1137	0.563939745
1138	0.354430876
1139	-0.572624045
1140	0.147987887
1141	-0.412815136
1142	-1.06582087
1143	1.836254736
1144	0.463943038
1145	1.13771502
1146	-0.153029104
1147	-0.959472032
1148	-2.068088862
1149	0.048530295
1150	-1.728815368
1151	0.372674982
1152	-0.290707981
1153	-0.945096374
1154	-0.061804855
1155	-0.116466267
1156	-1.085773245
1157	-0.262111809
1158	0.060013621
1159	2.899127783
1160	-0.421866764
1161	-0.152853994
1162	-1.638545701
1163	-0.965774522
1164	-0.92247946
1165	0.585327482
1166	0.624676644
1167	2.635646603
1168	0.25656422
1169	-0.950483428
1170	0.249221233
1171	-0.045452541
1172	0.655135529
1173	-0.966235162
1174	-0.032343467
1175	-1.168263955
1176	0.798316045
1177	1.778180435
1178	-0.289597257
1179	-1.184519876
1180	-0.254802016
1181	0.650184902
1182	0.863137128
1183	-0.373119283
1184	-0.215473475
1185	-1.158731067
1186	-1.217574457
1187	-0.756352277
1188	-0.987318361
1189	-0.05542385
1190	1.945141258
1191	0.126766327
1192	0.484086392
1193	0.247341272
1194	1.256927478
1195	0.120934422
1196	1.251137178
1197	0.11213065
1198	-0.255394376
1199	-0.704343711
1200	0.309073939
1201	0.969789266
1202	0.560553671
1203	-1.73167449
1204	-0.88986668
1205	-0.763761249
1206	0.247837819
1207	1.147544858
1208	1.022735779
1209	2.175788884
1210	-0.372259146
1211	0.467029106
1212	1.271231585
1213	-0.816182111
1214	-0.217278052
1215	1.749764562
1216	0.784116353
1217	1.00895146
1218	-1.338294345
1219	1.425240323
1220	-0.094086206
1221	1.228116101
1222	-0.203301588
1223	-1.654327906
1224	0.050594562
1225	0.196886195
1226	1.683803824
1227	1.825861623
1228	0.711670122
1229	-0.479574173
1230	0.770407785
1231	-0.127681681
1232	0.417720184
1233	0.989241049
1234	-0.122745028
1235	0.903104017
1236	-0.04707973
1237	-1.013600178
1238	0.455859814
1239	-0.328809768
1240	-0.091027427
1241	-0.562765727
1242	-1.085281734
1243	-1.308772229
1244	-1.692134802
1245	1.696933244
1246	0.335855147
1247	0.346514477
1248	-0.317943433
1249	0.084826325
1250	0.550157165
1251	1.529921972
1252	-1.28412388
1253	-0.401184408
1254	1.214237498
1255	0.126700221
1256	0.245813798
1257	0.670866613
1258	1.128559982
1259	0.380725762
1260	0.112818265
1261	-0.400405036
1262	0.148326937
1263	1.072023975
1264	-0.474005936
1265	-0.163670086
1266	-0.585253233
1267	-0.069401838
1268	-0.102382726
1269	0.082869514
1270	-0.575252273
1271	0.654560029
1272	0.710048041
1273	1.586952121
1274	0.605934737
1275	-0.976830985
1276	-0.48497013
1277	-1.279069462
1278	0.678004442
1279	-1.058694588
1280	-0.378410689
1281	-1.728059162
1282	0.810285572
1283	1.919715918
1284	2.143843723
1285	-0.880485338
1286	-0.103939713
1287	0.275933167
1288	0.464716865
1289	-0.743282636
1290	0.078033888
1291	0.623058776
1292	-0.001004085
1293	-0.458480028
1294	0.594367206
1295	0.441931522
1296	1.324411665
1297	-0.625429866
1298	-0.528168714
1299	-0.210256748
1300	-3.07073383
1301	0.306124992
1302	-0.494857131
1303	0.474057076
1304	-2.202207526
1305	0.290801763
1306	-1.021201349
1307	-0.554601655
1308	0.179147148
1309	0.957304052
1310	-0.453517023
1311	-0.591682664
1312	-1.484474809
1313	-2.595124427
1314	-1.573641162
1315	-0.067215536
1316	0.676020392
1317	-1.12888597
1318	-0.547476447
1319	0.454197935
1320	0.689533258
1321	-1.246461134
1322	0.061263565
1323	-1.036040358
1324	-0.544417389
1325	-0.960688598
1326	-0.97919833
1327	-1.368226674
1328	0.607293951
1329	-0.959312259
1330	-0.401011668
1331	-2.204550211
1332	0.238270632
1333	1.615338392
1334	-0.16915305
1335	-0.352846904
1336	-1.346774835
1337	-1.384385829
1338	-0.339069044
1339	0.233529978
1340	-0.51258402
1341	0.204337616
1342	1.275979011
1343	1.267159312
1344	-0.376169226
1345	0.320972559
1346	0.831597277
1347	-0.757943379
1348	0.109901613
1349	0.102133439
1350	0.451237321
1351	2.052758997
1352	0.493403821
1353	0.25310576
1354	-0.645334744
1355	2.697425219
1356	0.425614822
1357	-0.653118788
1358	-0.52403994
1359	-1.299451072
1360	-1.440935626
1361	0.688313531
1362	2.117469304
1363	0.258614024
1364	1.325593234
1365	0.206956521
1366	-0.30619084
1367	0.816710942
1368	-1.047296308
1369	-0.432358546
1370	-0.3751806
1371	-0.200321853
1372	0.322079053
1373	1.236091182
1374	0.832670871
1375	-0.274438859
1376	0.002915741
1377	0.936905737
1378	-0.139925039
1379	-1.223665231
1380	-0.344035731
1381	0.541830143
1382	0.089550894
1383	-0.399373201
1384	-0.638971758
1385	-0.42829274
1386	0.066232207
1387	0.172407444
1388	-1.323501735
1389	0.38213983
1390	0.087665437
1391	1.144264232
1392	0.040586983
1393	-0.646331893
1394	-0.723917657
1395	1.507763791
1396	-0.627054227
1397	-0.9371208
1398	2.406349533
1399	-0.093765111
1400	0.516593832
1401	0.272142965
1402	2.462509816
1403	-0.264848659
1404	1.412332659
1405	-0.354292211
1406	0.11448595
1407	-0.256964107
1408	0.324339735
1409	2.13272175
1410	1.092728614
1411	-1.91914295
1412	-1.660628282
1413	-0.358849657
1414	0.168993835
1415	-0.6352745
1416	-0.80700903
1417	-0.632799736
1418	1.187958056
1419	0.961249843
1420	-0.170612173
1421	1.551243121
1422	1.362319567
1423	-1.193773097
1424	0.875966912
1425	-0.301807687
1426	1.087694951
1427	0.638511876
1428	-0.623304654
1429	1.014578475
1430	0.913151992
1431	-1.413942561
1432	-0.926906491
1433	1.076826789
1434	0.161473801
1435	1.343436819
1436	-0.239858673
1437	0.419993321
1438	-0.694705002
1439	-0.839949363
1440	0.046718338
1441	0.020594471
1442	0.02047847
1443	-0.784002496
1444	-0.849342873
1445	1.424219963
1446	-0.428727842
1447	-1.076114332
1448	0.245701561
1449	0.795284639
1450	-0.973539635
1451	0.68104775
1452	0.839216441
1453	-1.52268479
1454	0.195724793
1455	-1.042926393
1456	-1.129095651
1457	0.764965186
1458	0.478977433
1459	-0.899265097
1460	-0.949318827
1461	1.614949018
1462	-0.032344549
1463	3.360742147
1464	-0.396105414
1465	-1.638622894
1466	0.225093528
1467	1.066021618
1468	-0.008648247
1469	-0.98582826
1470	1.346256924
1471	1.069673059
1472	-0.065328933
1473	-0.328719295
1474	-0.987566838
1475	-1.321288981
1476	0.721593751
1477	-0.041482784
1478	1.826603053
1479	-0.216176364
1480	2.863000908
1481	-1.490517904
1482	2.377364868
1483	-0.243495591
1484	-0.911774065
1485	-0.716668349
1486	-0.458943849
1487	-0.104759866
1488	0.605636337
1489	0.065383726
1490	-0.017498077
1491	-0.044832297
1492	-0.738418872
1493	-1.413405161
1494	-2.739505592
1495	-1.841888126
1496	1.042864628
1497	2.161190966
1498	1.342689067
1499	-0.214030949
1500	1.042022067
1501	-0.309085657
1502	0.277460722
1503	1.107321205
1504	-0.585070535
1505	0.156611861
1506	-0.351925395
1507	-0.775565552
1508	0.114316536
1509	-1.613789939
1510	0.217823012
1511	-1.191785627
1512	0.593475868
1513	1.533722175
1514	-0.323433577
1515	-0.806779254
1516	-1.604844659
1517	0.102191798
1518	1.322960171
1519	-0.361678357
1520	-0.888166285
1521	0.225253553
1522	0.962730982
1523	-0.168650299
1524	1.778898795
1525	-1.091458088
1526	0.284315938
1527	0.555151951
1528	0.500225097
1529	-0.218339028
1530	0.911711179
1531	-0.122564715
1532	0.51501612
1533	0.774050326
1534	-0.549177499
1535	2.174960386
1536	1.062305575
1537	-0.139650429
1538	1.118406979
1539	1.3584474
1540	-0.788873132
1541	0.381642474
1542	1.439085857
1543	-1.121210976
1544	0.150952927
1545	-1.790852942
1546	2.013183813
1547	0.210408816
1548	-0.671184985
1549	-1.860633407
1550	1.09075947
1551	2.881170535
1552	-0.123701428
1553	0.737024616
1554	1.637156571
1555	0.570382232
1556	0.066575419
1557	-1.362949123
1558	-0.872602578
1559	-0.191219854
1560	-0.108035104
1561	0.928527111
1562	-0.015967741
1563	0.560778368
1564	0.887724002
1565	0.056689206
1566	-0.282033062
1567	-0.029326086
1568	-0.052530885
1569	1.367972968
1570	-1.79237768
1571	1.116314751
1572	-0.196780429
1573	-0.055235898
1574	0.916819527
1575	0.085709656
1576	0.535777802
1577	1.089405707
1578	-0.819426047
1579	0.177940704
1580	-0.982378265
1581	-0.338772763
1582	-1.231196175
1583	0.824217401
1584	-0.794775943
1585	-0.364367553
1586	-0.181752727
1587	0.850876764
1588	0.694380233
1589	-0.344790023
1590	-0.789343958
1591	0.555591209
1592	1.8095993
1593	0.018399509
1594	-0.2907814
1595	-1.311454024
1596	-0.453737701
1597	-0.713099278
1598	-1.871217814
1599	-1.855595008
1600	-1.50335959
1601	0.152104007
1602	-0.349240956
1603	-1.679758922
1604	-0.813097069
1605	-0.68458957
1606	-1.421559125
1607	1.254645446
1608	-0.402991842
1609	-0.361254808
1610	-0.007997992
1611	-0.145461463
1612	-0.895017449
1613	-0.905708472
1614	0.854875838
1615	0.78699051
1616	-1.410831808
1617	-0.764928534
1618	0.141505386
1619	-0.388825946
1620	-3.70286215
1621	-0.002344433
1622	0.510266988
1623	-0.626913417
1624	0.262031237
1625	0.470105833
1626	1.032987175
1627	0.717039441
1628	-1.760394966
1629	-0.068211196
1630	0.492303386
1631	0.339595004
1632	-0.194246437
1633	1.231180779
1634	-0.50732565
1635	0.87349122
1636	0.207690755
1637	-0.404986842
1638	0.184515962
1639	1.660614188
1640	-0.120491395
1641	-0.063217475
1642	1.805415859
1643	-0.556181162
1644	0.351102366
1645	-1.548318268
1646	1.796355923
1647	-1.311573365
1648	0.661765077
1649	0.798712499
1650	-1.177506257
1651	1.35100198
1652	0.829813176
1653	1.1781559
1654	-3.055804227
1655	1.339799015
1656	1.072880261
1657	-0.05236323
1658	0.806639372
1659	-0.630502298
1660	-0.627638126
1661	-2.450544613
1662	-1.053766923
1663	-0.550824734
1664	-0.171231715
1665	-0.385789661
1666	-1.163382622
1667	-0.194048389
1668	1.14223055
1669	0.393505504
1670	1.618124654
1671	0.462184153
1672	-0.533581448
1673	0.096926262
1674	-0.294813712
1675	-0.38002565
1676	0.096927543
1677	0.650988938
1678	0.213954904
1679	1.732896243
1680	0.297904352
1681	-0.557323155
1682	-1.038760499
1683	0.004037229
1684	-1.257539053
1685	-0.142588258
1686	-0.127348537
1687	-0.573785889
1688	1.176439789
1689	0.175882701
1690	1.598899928
1691	-0.818855796
1692	-0.262768199
1693	-0.328304085
1694	0.169610773
1695	-1.047791513
1696	0.47106748
1697	-2.265356992
1698	-0.716463072
1699	-0.889267603
1700	-1.301960146
1701	0.202494957
1702	0.48782136
1703	0.866728518
1704	1.504958339
1705	0.888348354
1706	-0.938815863
1707	-1.839141412
1708	0.733286953
1709	-0.213362574
1710	-0.11796977
1711	-1.168636502
1712	0.558730854
1713	1.060481177
1714	-0.673135343
1715	1.487687016
1716	-1.275335325
1717	0.878705219
1718	0.398474049
1719	-1.558192588
1720	0.77921354
1721	-0.892247045
1722	0.357419561
1723	0.494176721
1724	-0.539440003
1725	0.000386206
1726	-0.769741029
1727	0.313805128
1728	-0.963234471
1729	-0.368789437
1730	-0.17670233
1731	-1.775071713
1732	-0.80359913
1733	-2.28906398
1734	1.160313261
1735	1.11157293
1736	-0.301166138
1737	-0.552782222
1738	-0.373617313
1739	0.141000488
1740	1.377735871
1741	1.426330638
1742	0.54543983
1743	-0.263229746
1744	0.273568675
1745	1.419312432
1746	0.610486579
1747	1.159710755
1748	-1.075953673
1749	-0.122767356
1750	0.456580432
1751	-0.900892946
1752	-0.994932181
1753	-0.110523942
1754	2.151103267
1755	-0.531178235
1756	-1.012228907
1757	-0.245966726
1758	0.684606715
1759	-0.220290503
1760	-1.460385504
1761	2.010610352
1762	-0.002192636
1763	-0.52455839
1764	1.454112457
1765	0.679916714
1766	1.012329962
1767	0.507871078
1768	0.811905765
1769	-0.790424859
1770	-1.395229234
1771	0.439227749
1772	1.195216523
1773	-0.218852214
1774	-0.284945873
1775	0.707535982
1776	1.673377868
1777	-1.005581537
1778	0.74725325
1779	-0.835813552
1780	1.212757394
1781	-0.734298675
1782	-0.879431521
1783	0.391702188
1784	0.696680581
1785	0.789079136
1786	0.456885959
1787	-0.648540679
1788	0.045670802
1789	0.60428694
1790	0.550244104
1791	-0.212835011
1792	-0.279870367
1793	-0.160626314
1794	-1.188668928
1795	-1.052250258
1796	-1.231730315
1797	-1.346895253
1798	0.516688482
1799	0.781976093
1800	-0.189426418
1801	-0.028605629
1802	0.627499346
1803	1.325068377
1804	0.704091115
1805	-0.48621016
1806	0.201925071
1807	-1.046947297
1808	-0.248062056
1809	0.593734865
1810	-1.522367644
1811	-0.025457207
1812	0.786568759
1813	0.363289977
1814	1.110924487
1815	1.159454467
1816	-0.189238232
1817	0.730048341
1818	0.307839648
1819	-1.751157307
1820	-0.645708345
1821	1.008548108
1822	-1.034890794
1823	-1.661555554
1824	0.900352757
1825	-0.400587569
1826	0.564609602
1827	0.339832802
1828	-0.298687221
1829	0.347723744
1830	3.693496942
1831	-2.130912807
1832	1.541289144
1833	-0.47601284
1834	0.068199826
1835	0.46396916
1836	-1.157275219
1837	0.507581971
1838	-0.904760773
1839	-0.220049177
1840	1.786574782
1841	0.213579574
1842	-0.140211417
1843	1.975969667
1844	0.503422001
1845	-0.812042034
1846	-0.469889291
1847	-0.23491214
1848	-0.718618781
1849	-1.07323202
1850	-1.441798008
1851	0.362405705
1852	0.909489056
1853	0.202703906
1854	2.27416428
1855	0.327187237
1856	0.399475261
1857	0.628978616
1858	-0.025183235
1859	1.000032899
1860	-0.590545587
1861	-0.032818971
1862	-0.028781065
1863	-1.053534864
1864	1.475014844
1865	-0.176441762
1866	0.711109536
1867	-0.69641032
1868	0.350594227
1869	0.377475451
1870	-0.307750745
1871	0.146895309
1872	-0.514662908
1873	0.745472631
1874	0.930378357
1875	0.017325869
1876	-0.709126782
1877	0.417243936
1878	-0.785765765
1879	0.758391905
1880	-1.789961747
1881	0.379559958
1882	-0.425807452
1883	-0.192454062
1884	-1.619778255
1885	-0.424469288
1886	0.361915921
1887	0.171364308
1888	0.935082864
1889	0.45967675
1890	0.08101763
1891	1.132373805
1892	0.430440028
1893	-0.265048055
1894	-0.105163029
1895	-0.101210977
1896	-2.399938658
1897	1.333351711
1898	-2.14929494
1899	-0.622364177
1900	1.986477333
1901	0.802585133
1902	-1.521264346
1903	-0.488202233
1904	-0.277810625
1905	-0.947364857
1906	0.764979056
1907	0.187834884
1908	0.711689166
1909	0.805136447
1910	-0.623804919
1911	-0.075521904
1912	-1.505320664
1913	-0.178328137
1914	-1.175337612
1915	0.007532854
1916	1.693634074
1917	0.39934206
1918	1.018951417
1919	1.782097998
1920	0.24529696
1921	0.122960316
1922	-0.793892853
1923	-1.171828415
1924	0.91049509
1925	0.551441805
1926	0.459084534
1927	-0.57390591
1928	-0.777301236
1929	0.004011636
1930	-0.369480587
1931	0.223654824
1932	-0.871965946
1933	0.319746012
1934	-1.549238278
1935	-0.536418186
1936	-0.705528532
1937	1.822280916
1938	0.855597502
1939	0.053770226
1940	1.34126332
1941	1.969972875
1942	-0.739476257
1943	-1.995902412
1944	0.489120768
1945	0.034361053
1946	1.27088528
1947	0.621256256
1948	-0.632795668
1949	-0.032324313
1950	0.491188622
1951	-0.325390827
1952	-2.567078797
1953	2.485538093
1954	-0.297773014
1955	-0.986998229
1956	0.090259859
1957	0.0076611
1958	0.075320278
1959	0.081887592
1960	0.32305532
1961	-1.296812931
1962	-0.421831307
1963	1.470741903
1964	-0.577041622
1965	0.460724949
1966	1.452478064
1967	-1.2372402
1968	0.828051611
1969	-0.296193072
1970	1.891450262
1971	0.113635025
1972	1.295932522
1973	1.511888965
1974	0.302816978
1975	-0.243137504
1976	-0.086644585
1977	0.683219595
1978	0.964393331
1979	-1.59380957
1980	0.38958432
1981	0.226917645
1982	-0.67253529
1983	-1.753656316
1984	1.127862857
1985	1.778305888
1986	-0.204339916
1987	-1.480750614
1988	0.375779388
1989	-0.155068248
1990	1.106471754
1991	0.281549537
1992	1.583650841
1993	1.477241842
1994	0.911504457
1995	-0.487011131
1996	-1.588134669
1997	0.257341847
1998	-1.763500082
1999	-0.243472216
2000	-0.413288616
2001	-1.407345571
2002	-0.267425131
2003	1.303271337
2004	-1.40221421
2005	-2.257613398
2006	-0.290858053
2007	0.57134319
2008	0.847593759
2009	-0.024084492
2010	-0.475229421
2011	1.669445403
2012	-2.566050707
2013	0.827720273
2014	0.502219467
2015	-2.058021197
2016	-0.475683215
2017	0.003002099
2018	-1.622559761
2019	0.474371697
2020	-0.126464519
2021	-1.505041232
2022	1.590771553
2023	0.536179261
2024	-0.102886985
2025	0.481897113
2026	-0.811425239
2027	-0.363718507
2028	0.317592392
2029	0.819193771
2030	0.332012422
2031	0.776122417
2032	0.998553923
2033	0.557246096
2034	1.260545383
2035	1.97319538
2036	-1.104521829
2037	-0.310148206
2038	0.257202435
2039	2.423462946
2040	0.026904419
2041	-1.110942447
2042	0.700536969
2043	0.758977229
2044	-1.715144579
2045	-0.053627343
2046	-0.052304333
2047	1.628756739
2048	-0.484883467
2049	0.031121214
2050	1.506492589
2051	-1.630241224
2052	0.077894652
2053	0.341682552
2054	-0.387412229
2055	1.037806651
2056	-0.530238351
2057	1.032967902
2058	-0.179055708
2059	1.17127723
2060	0.685684896
2061	-0.062514999
2062	-0.700865399
2063	0.621416897
2064	1.21811577
2065	-1.768058056
2066	-0.350537031
2067	0.150335084
2068	-0.956889919
2069	-0.109594099
2070	1.777820055
2071	0.776000193
2072	-0.82580888
2073	-0.444958301
2074	-0.121342949
2075	0.147482867
2076	-0.494562264
2077	1.680806468
2078	-1.254264005
2079	-0.35414054
2080	-0.366300537
2081	0.413722815
2082	-0.508879663
2083	-0.937193372
2084	1.271096589
2085	0.43191345
2086	-0.298006365
2087	0.036522536
2088	1.880245565
2089	0.124123506
2090	0.28512778
2091	-0.988096897
2092	-0.797605521
2093	-1.349410418
2094	-0.946749486
2095	1.085810211
2096	0.433038308
2097	-1.160087058
2098	-0.37783758
2099	-0.739030196
2100	-0.836511368
2101	1.40854777
2102	0.460433092
2103	-1.973821221
2104	-1.196357108
2105	-2.756246145
2106	1.520438292
2107	1.590532187
2108	-0.451985596
2109	-0.092485896
2110	1.365687502
2111	-0.646662983
2112	-1.498838161
2113	-1.042875463
2114	0.606459928
2115	-1.358329389
2116	1.332131675
2117	-0.276305037
2118	0.444087813
2119	2.006317075
2120	1.266914199
2121	-0.690732334
2122	0.873659725
2123	-0.242604928
2124	1.01845736
2125	0.585856554
2126	-1.651893232
2127	-1.085750946
2128	-0.43129556
2129	1.7012254
2130	-0.159662491
2131	0.64384151
2132	-1.175867673
2133	1.392628744
2134	0.0104397
2135	-1.478786964
2136	0.048254641
2137	0.76289515
2138	-0.276197529
2139	0.194194111
2140	0.611138596
2141	-1.069526461
2142	0.389635506
2143	1.243676692
2144	1.704719337
2145	0.136055053
2146	-0.065078488
2147	-0.192773964
2148	0.786450959
2149	0.279487404
2150	0.853147441
2151	1.310045122
2152	1.598013114
2153	-0.21955259
2154	1.703299079
2155	0.321587739
2156	-0.606683506
2157	0.157015015
2158	0.427213697
2159	0.001083903
2160	-1.61787735
2161	0.017407245
2162	0.630013987
2163	0.646404305
2164	-1.978152484
2165	-0.700201194
2166	-0.068701408
2167	0.651626966
2168	1.416573036
2169	0.164570023
2170	0.923802266
2171	-0.90233767
2172	0.276635223
2173	-0.196144048
2174	-0.227388078
2175	0.301877162
2176	0.416346067
2177	0.142551997
2178	-0.090819856
2179	-0.808246979
2180	2.454687816
2181	1.550740856
2182	0.978740371
2183	0.306911381
2184	-0.094855833
2185	-0.705375411
2186	1.448514739
2187	0.599699099
2188	-0.880880376
2189	-0.612084473
2190	0.662154749
2191	0.994863898
2192	-0.792857445
2193	1.907065065
2194	0.160969549
2195	1.422068955
2196	-0.376402222
2197	0.935576627
2198	-0.180087156
2199	-0.28378605
2200	0.476005028
2201	1.223097221
2202	-0.124309367
2203	-2.233422478
2204	-0.043021866
2205	-1.143943158
2206	-1.213151322
2207	0.824792652
2208	1.129144253
2209	0.887757846
2210	1.118684948
2211	2.387292283
2212	-0.788238904
2213	1.905609787
2214	0.051113696
2215	1.37650912
2216	-1.333656013
2217	-0.663585841
2218	0.280832865
2219	0.325395727
2220	0.591906178
2221	-0.634643499
2222	-0.475594828
2223	0.560505822
2224	-1.170702951
2225	-1.372004118
2226	0.0797799
2227	-0.753056594
2228	0.237009069
2229	-0.858798086
2230	1.57257751
2231	-1.460494148
2232	-0.883030278
2233	-1.625196479
2234	-0.069635948
2235	-0.091076947
2236	1.515211408
2237	-0.357586946
2238	1.178631611
2239	-1.729206373
2240	0.271323384
2241	0.227359568
2242	-0.907887846
2243	0.52929309
2244	1.913460489
2245	1.109893894
2246	-0.888620757
2247	0.328531056
2248	-0.584472611
2249	-0.745936157
2250	-0.526161959
2251	0.918603284
2252	1.168505073
2253	-0.277047381
2254	1.04041442
2255	0.888725851
2256	-0.678876082
2257	1.399554229
2258	0.123553058
2259	0.274359524
2260	0.842209302
2261	-0.235220959
2262	-0.401759713
2263	-0.440669035
2264	-0.210185516
2265	-0.405906742
2266	1.347599592
2267	-0.353976027
2268	-0.792524555
2269	1.005305334
2270	-0.964256748
2271	0.42057614
2272	0.783024696
2273	-1.236697903
2274	-0.64445077
2275	0.328071009
2276	1.218171276
2277	-1.14206762
2278	0.488747425
2279	-0.388684963
2280	-0.053460143
2281	0.355683253
2282	-1.388479723
2283	-0.371905797
2284	0.418272932
2285	0.528791445
2286	-1.046639636
2287	-1.018167701
2288	0.866767483
2289	-0.42005925
2290	1.263598934
2291	-1.40028706
2292	-1.345433383
2293	0.945096893
2294	1.185792027
2295	0.482039967
2296	-0.86313825
2297	1.581956386
2298	0.78397236
2299	0.754152392
2300	0.313728014
2301	-0.214046923
2302	-2.180557956
2303	-0.348674554
2304	0.179490863
2305	0.531626446
2306	0.968896365
2307	-0.167432249
2308	0.382751173
2309	1.550295092
2310	-0.769886057
2311	0.663808591
2312	0.725697283
2313	0.175139105
2314	-0.359565498
2315	0.024955488
2316	2.048454297
2317	-0.820737701
2318	-0.915638298
2319	0.454415157
2320	1.570825539
2321	1.876836556
2322	0.874119096
2323	-1.278349953
2324	0.187275736
2325	-0.538362213
2326	0.393347381
2327	-1.980487093
2328	0.118418941
2329	-0.450526742
2330	-1.394779638
2331	-0.153905371
2332	-1.208964557
2333	0.432131743
2334	1.107220819
2335	0.979755713
2336	-0.794979317
2337	-0.822723112
2338	-0.085047269
2339	-0.484445864
2340	-1.352848976
2341	1.624698977
2342	0.311191133
2343	1.212634293
2344	1.696793904
2345	0.601048716
2346	-0.679708875
2347	-0.191597871
2348	-0.019227569
2349	1.868666291
2350	0.737647953
2351	-0.099420661
2352	2.397360122
2353	0.08468701
2354	1.4317352
2355	-1.76320045
2356	-0.702050309
2357	1.631285641
2358	-0.41021459
2359	1.562617527
2360	1.598579425
2361	1.423822957
2362	-1.451486784
2363	0.629809896
2364	0.641880546
2365	-0.593727666
2366	1.51487648
2367	0.888105352
2368	0.207151635
2369	-0.029580163
2370	0.100153361
2371	-1.821927185
2372	1.323502948
2373	0.396312074
2374	-0.175159913
2375	0.140153019
2376	0.967214081
2377	0.071344789
2378	-1.604559033
2379	0.922265004
2380	0.387687101
2381	-0.24383415
2382	1.477924975
2383	0.650757954
2384	0.239010737
2385	0.736348058
2386	-1.01754089
2387	-2.31211973
2388	0.259657327
2389	0.130983818
2390	-0.663467699
2391	-0.80309624
2392	0.51011325
2393	1.343358468
2394	0.27303806
2395	-0.924364163
2396	-1.099878344
2397	0.99317084
2398	0.476853671
2399	-2.646800062
2400	1.110680413
2401	-1.106582904
2402	-0.852502117
2403	1.239386176
2404	1.021579378
2405	-0.393316927
2406	1.008445963
2407	-0.12763867
2408	0.855235269
2409	-0.008414146
2410	0.648632093
2411	-1.186171142
2412	0.062012452
2413	-0.267219243
2414	-0.551074561
2415	0.978029314
2416	0.817749562
2417	-3.145471204
2418	-0.825857113
2419	-0.684082885
2420	1.153410416
2421	1.563619343
2422	1.336850058
2423	1.46221232
2424	1.237528347
2425	-0.075275247
2426	-0.305412552
2427	1.311582256
2428	1.454658111
2429	1.238491921
2430	-0.044735295
2431	0.035285872
2432	1.312121409
2433	0.317397884
2434	0.080894009
2435	-0.599749632
2436	1.110587444
2437	1.52608767
2438	-1.294779354
2439	-0.980474276
2440	0.022590592
2441	-0.474138037
2442	-0.343036004
2443	0.264353504
2444	0.172239139
2445	-0.441606675
2446	0.192776955
2447	0.650013702
2448	1.969015796
2449	0.549570375
2450	0.367757514
2451	0.034329048
2452	1.261662615
2453	0.345128954
2454	1.034518116
2455	1.280368986
2456	0.125018165
2457	1.414437695
2458	-0.555813224
2459	-0.321681573
2460	0.362266949
2461	1.1196206
2462	0.759047427
2463	0.507170714
2464	-0.802388114
2465	-1.32393098
2466	1.046031991
2467	2.011289695
2468	-0.141721926
2469	0.107973825
2470	2.452432475
2471	0.55341791
2472	-1.152692486
2473	0.023723839
2474	-0.335590695
2475	-0.198849277
2476	-0.37050799
2477	-0.768413225
2478	1.296483428
2479	-0.026540856
2480	0.13432784
2481	1.015755617
2482	-0.582063812
2483	-1.164371171
2484	-0.762226619
2485	0.142969931
2486	-0.094148398
2487	-0.423302974
2488	-1.600306843
2489	0.699210054
2490	0.452073344
2491	0.559676324
2492	-0.926206712
2493	-0.497097456
2494	-0.96636324
2495	1.65093277
2496	1.347439666
2497	0.304782927
2498	1.287447638
2499	-0.71434822
2500	-0.637439574
2501	-1.459344402
2502	-0.811946113
2503	-0.817028658
2504	0.531376222
2505	-0.430457195
2506	-0.680809943
2507	0.192602352
2508	-1.031199644
2509	-0.819917372
2510	1.264678056
2511	0.727648833
2512	0.350522771
2513	-0.526173377
2514	-0.264656183
2515	0.715121705
2516	0.835069178
2517	-0.679070797
2518	-0.401083108
2519	0.215991776
2520	-0.589855671
2521	-0.334430262
2522	1.035280701
2523	-1.493562335
2524	-0.659110582
2525	-1.305022496
2526	-0.269789452
2527	0.61633541
2528	-3.320345987
2529	-0.627102225
2530	1.314138338
2531	-0.181680264
2532	-0.044461195
2533	1.121287244
2534	0.04914931
2535	2.356615625
2536	-0.155134718
2537	1.181822245
2538	-0.848955029
2539	0.15424419
2540	0.771480105
2541	1.809940496
2542	-0.175104177
2543	-1.281307025
2544	0.458440028
2545	0.917748787
2546	-1.863046269
2547	-1.214484673
2548	0.786825623
2549	0.968819808
2550	1.770231367
2551	-0.861802662
2552	-0.254553991
2553	1.299947641
2554	-0.244678162
2555	-1.28835185
2556	-1.137191114
2557	0.647424736
2558	0.997664068
2559	0.463715168
2560	0.977701521
2561	1.71887517
2562	-0.343555493
2563	-1.383076279
2564	0.316339013
2565	1.647561053
2566	-0.703353171
2567	1.116676435
2568	-0.606827925
2569	1.818494714
2570	-0.419281965
2571	1.503274627
2572	-0.724793208
2573	1.622791457
2574	0.657348678
2575	1.490817966
2576	-0.334546322
2577	-2.307889732
2578	1.870231716
2579	0.512660823
2580	-2.274861252
2581	0.035952541
2582	-0.116476244
2583	0.705290856
2584	0.97984403
2585	0.272524888
2586	0.189724
2587	0.274381248
2588	-0.488595648
2589	0.132183279
2590	1.617809223
2591	-1.477798461
2592	0.075025671
2593	0.268697696
2594	0.150552771
2595	0.62877214
2596	-1.27959667
2597	0.536798925
2598	0.510038822
2599	0.039695033
2600	-0.714147763
2601	0.685795154
2602	-0.250415555
2603	1.247231179
2604	-0.385499961
2605	0.541441625
2606	0.639017128
2607	1.695194216
2608	-0.934919302
2609	-0.199878629
2610	0.712247508
2611	0.885191502
2612	-0.507737589
2613	-0.375985073
2614	1.392270785
2615	-0.202666441
2616	-0.421186277
2617	-0.191823346
2618	-0.344653463
2619	-0.70220867
2620	1.70006197
2621	1.28958189
2622	1.956643921
2623	-1.145112623
2624	-0.901634676
2625	0.586532709
2626	-0.618566608
2627	-1.052508012
2628	-0.095473032
2629	1.782356528
2630	-0.651516517
2631	0.125092052
2632	-0.511438927
2633	0.234374754
2634	-1.671313417
2635	1.512021928
2636	0.391572278
2637	0.626189518
2638	0.659898529
2639	-2.349100404
2640	0.962111436
2641	-0.979867734
2642	-1.571751621
2643	0.48994048
2644	0.411895515
2645	0.845056611
2646	-0.165488861
2647	0.923195377
2648	0.376408589
2649	-1.257372937
2650	-0.557810679
2651	-0.679541202
2652	1.104665336
2653	-0.275996478
2654	-2.443402569
2655	0.995760186
2656	0.024892946
2657	0.903741756
2658	1.581896753
2659	0.738615416
2660	1.216169833
2661	-0.099273397
2662	1.848092733
2663	-0.550545202
2664	-1.016918153
2665	0.578486457
2666	-0.563129503
2667	-0.452668671
2668	0.465774549
2669	2.480073635
2670	0.003276613
2671	1.171181272
2672	1.073425939
2673	0.262435283
2674	-2.014383335
2675	-0.463797672
2676	-1.311797665
2677	0.24447936
2678	0.068490148
2679	-0.753855974
2680	-0.71320943
2681	-0.2510368
2682	-1.443750448
2683	0.455653929
2684	-0.035262481
2685	1.675833502
2686	1.038679549
2687	-0.2554965
2688	2.187275454
2689	-0.015704504
2690	0.208690166
2691	-2.124421277
2692	-0.508964104
2693	-1.100136238
2694	0.514896446
2695	-0.239575713
2696	-1.755623385
2697	0.481260886
2698	1.231513415
2699	0.210734851
2700	-1.174642978
2701	1.099842093
2702	-0.76617303
2703	1.277049558
2704	-1.505816713
2705	-0.522223567
2706	0.995390203
2707	0.901572938
2708	-0.452235183
2709	-0.452363562
2710	-0.870976793
2711	-0.616122133
2712	0.819232185
2713	1.181548131
2714	0.37340504
2715	1.130659389
2716	-0.279887629
2717	-0.447592003
2718	-0.51045004
2719	-0.430663907
2720	1.721613722
2721	0.487701572
2722	-0.033625274
2723	1.346207984
2724	-0.251970666
2725	2.280001758
2726	0.05428262
2727	-1.260819104
2728	-0.020849488
2729	-0.283322065
2730	0.370445992
2731	0.417730993
2732	0.72827579
2733	1.531353771
2734	-1.043318379
2735	-0.160787192
2736	-1.172108493
2737	-1.52997937
2738	-0.194507046
2739	-1.348387451
2740	1.523553268
2741	-0.798631603
2742	-0.950967936
2743	-0.063765964
2744	0.912214748
2745	-0.808583994
2746	-0.127436697
2747	-0.031285801
2748	1.270955514
2749	-0.913712235
2750	0.728903499
2751	0.616953305
2752	0.081942413
2753	-1.604980449
2754	-0.459442109
2755	0.053902534
2756	-2.03637142
2757	-0.916128208
2758	-0.587695654
2759	-1.740122798
2760	-0.388623062
2761	0.242722477
2762	-0.01009862
2763	-2.123808184
2764	-0.478025013
2765	-0.170926793
2766	0.153835496
2767	-1.172302386
2768	-0.236246325
2769	1.421604009
2770	0.628511751
2771	0.028271346
2772	-0.358109951
2773	0.894023987
2774	-0.079119757
2775	0.736656559
2776	-0.720989472
2777	-1.622008535
2778	0.330785094
2779	-0.491407592
2780	0.802859808
2781	0.691993959
2782	-0.191235929
2783	-2.102719503
2784	0.958605562
2785	0.66614115
2786	1.303585192
2787	0.32029201
2788	-0.068754722
2789	-0.263636396
2790	1.457265151
2791	1.089906797
2792	-0.006774601
2793	-0.511933694
2794	-0.340126825
2795	-1.097075286
2796	0.578117129
2797	2.848814673
2798	-0.198624397
2799	-0.410395101
2800	2.146871621
2801	-1.1994984
2802	-0.519395208
2803	-1.240952421
2804	0.231784407
2805	-0.912421405
2806	-0.131773515
2807	2.280690352
2808	-0.890544139
2809	1.092778068
2810	0.638016978
2811	-0.231677723
2812	0.027208565
2813	-2.098453634
2814	0.636090931
2815	0.246885386
2816	-1.26468875
2817	0.678963475
2818	-0.241175943
2819	-0.851064537
2820	1.770176629
2821	-1.111575472
2822	0.562177316
2823	0.825759922
2824	0.388514125
2825	0.942357646
2826	-0.354391878
2827	0.402683801
2828	-0.424582346
2829	0.325748073
2830	-0.029396406
2831	-0.343070458
2832	-0.00060984
2833	-1.538816602
2834	-0.579142186
2835	3.364613058
2836	-2.502253307
2837	-0.399942188
2838	-0.121524991
2839	0.338289019
2840	0.790006111
2841	-0.050358789
2842	0.331673497
2843	0.676197855
2844	0.402412776
2845	1.69929648
2846	-0.321283648
2847	0.911835475
2848	1.34551371
2849	-0.673599261
2850	0.957952061
2851	0.279436957
2852	0.422236089
2853	0.458370917
2854	-0.765985977
2855	0.349436699
2856	0.125981401
2857	0.386740884
2858	0.401460085
2859	-0.459206276
2860	-0.648448175
2861	0.521478929
2862	0.979527739
2863	-1.773169051
2864	0.307778859
2865	-0.229626145
2866	0.966344135
2867	1.808718565
2868	0.908038156
2869	0.239742892
2870	0.850411416
2871	-0.577051279
2872	-1.015874495
2873	0.015306899
2874	2.518345321
2875	-0.88997627
2876	0.902777054
2877	-0.908612424
2878	-1.053882227
2879	-1.692165242
2880	0.220785496
2881	-1.095204945
2882	-0.512735155
2883	-0.222208417
2884	0.378252197
2885	-1.163637624
2886	1.970955497
2887	1.288300231
2888	-1.62460471
2889	1.98439724
2890	-0.087417277
2891	0.768644838
2892	-1.03772779
2893	-0.886343078
2894	-0.12096099
2895	-1.858493855
2896	0.277156655
2897	0.293325178
2898	-0.321532817
2899	-0.363432686
2900	-0.746364218
2901	0.421318223
2902	-0.915134879
2903	0.117173179
2904	-1.741210432
2905	-0.829060941
2906	-0.981268311
2907	-0.727913629
2908	0.711145751
2909	0.130478905
2910	0.508952656
2911	-0.29931167
2912	-0.643821291
2913	-1.115098125
2914	0.168520128
2915	-1.417263089
2916	-1.505678417
2917	1.162097171
2918	0.153752463
2919	0.894783478
2920	-1.232900735
2921	0.845040507
2922	-0.366436341
2923	1.956492478
2924	1.135428421
2925	-0.739531055
2926	-0.940029566
2927	-0.038718983
2928	-1.275790215
2929	-0.844733673
2930	-1.61244535
2931	0.002323482
2932	-0.442630049
2933	0.010854755
2934	-0.694756016
2935	0.16643555
2936	1.203909657
2937	0.786817827
2938	0.735789812
2939	0.097959795
2940	0.393615772
2941	-0.962365816
2942	1.986438046
2943	-0.78176768
2944	-0.793931837
2945	1.631780681
2946	0.908607873
2947	-0.096316981
2948	-0.058674386
2949	0.584030752
2950	1.875856313
2951	0.634282737
2952	-1.38688777
2953	-0.866018337
2954	-1.071973506
2955	-0.2463436
2956	1.198641784
2957	1.708768378
2958	-1.415594636
2959	-2.042710124
2960	-1.380182221
2961	0.636045474
2962	-1.78596722
2963	0.600266974
2964	-1.889194301
2965	0.174030021
2966	-0.540405742
2967	0.731819172
2968	-0.232657389
2969	0.676537531
2970	1.488500926
2971	-0.333912502
2972	-0.905962502
2973	-1.342055705
2974	-0.718918795
2975	1.862074468
2976	1.977506085
2977	-0.681720962
2978	0.491886571
2979	-1.115712197
2980	-1.271522509
2981	-0.493574629
2982	-0.72202798
2983	-0.543522434
2984	0.316236052
2985	-0.882736413
2986	-0.747241711
2987	-0.015802181
2988	1.270140519
2989	0.196841741
2990	0.203512496
2991	0.591362338
2992	-1.127234667
2993	-0.37232219
2994	1.998359078
2995	0.094157446
2996	-0.964802754
2997	-1.918825234
2998	-0.689153701
2999	0.213447233
3000	-0.950996458
3001	0.743677593
3002	0.796120481
3003	-0.411710752
3004	-0.704037348
3005	0.594379906
3006	0.692072172
3007	-2.016264484
3008	-1.212942309
3009	-0.505997659
3010	-0.409591591
3011	0.619166697
3012	-0.039625859
3013	0.899353283
3014	-0.581736165
3015	-1.617016983
3016	0.10881189
3017	-0.398343687
3018	-1.038820924
3019	-0.805553842
3020	0.059831635
3021	-0.47681932
3022	-0.482066857
3023	-0.451901505
3024	-0.951810286
3025	-0.282919459
3026	-1.054046885
3027	0.680544667
3028	2.305432365
3029	0.814222744
3030	-0.75062428
3031	0.307324218
3032	2.090380473
3033	-0.337565099
3034	0.332547364
3035	0.656575369
3036	-0.104010075
3037	0.234898912
3038	-1.2339208
3039	-0.267204165
3040	-0.539314624
3041	1.249965281
3042	1.014578026
3043	1.912586853
3044	-1.884429372
3045	-0.060941536
3046	-0.254263458
3047	-0.351569283
3048	0.855649018
3049	1.181216322
3050	2.454512893
3051	0.87899496
3052	2.025137047
3053	0.136449274
3054	-0.844987056
3055	-0.572327419
3056	1.384363629
3057	-1.43634002
3058	0.935482162
3059	0.316533371
3060	-0.040314419
3061	-1.017569219
3062	-0.09452286
3063	0.001868817
3064	-1.299048565
3065	0.404137833
3066	1.8638741
3067	-1.399927264
3068	-0.336036127
3069	1.279541258
3070	-0.887900753
3071	-0.583338335
3072	0.836306685
3073	0.271334729
3074	0.650660326
3075	-1.072725962
3076	0.684874739
3077	-2.17317185
3078	1.477109817
3079	-1.077373748
3080	-1.95146906
3081	1.042385598
3082	0.18683356
3083	1.872054856
3084	-0.110892045
3085	-1.350223241
3086	-1.163194418
3087	-0.009518952
3088	-1.131693163
3089	-0.679007938
3090	1.314531691
3091	-0.398738653
3092	1.273271753
3093	1.299015707
3094	2.297906885
3095	-0.494159368
3096	-0.000474041
3097	1.10458045
3098	-0.173240281
3099	-0.07932719
3100	-0.963275212
3101	0.215510434
3102	-0.466957928
3103	0.312505555
3104	1.481984685
3105	-0.040566929
3106	1.016657668
3107	1.154163063
3108	0.397763505
3109	-1.662017583
3110	-0.341456601
3111	-0.496518616
3112	0.538861026
3113	-0.056660618
3114	-0.170741765
3115	-0.332559745
3116	0.354804521
3117	-0.711620086
3118	-0.444001426
3119	0.421308488
3120	-0.717493815
3121	0.407602713
3122	-1.322178355
3123	0.576121279
3124	-1.062658482
3125	0.931684722
3126	0.218573453
3127	0.894550892
3128	0.368405171
3129	0.528062526
3130	-0.373710317
3131	-2.121610534
3132	-0.987524295
3133	0.55980073
3134	-0.073761445
3135	0.065480847
3136	-0.341632662
3137	0.09152681
3138	1.28522935
3139	0.842115006
3140	-1.746373374
3141	-0.801790004
3142	1.192914612
3143	0.439794845
3144	-0.268123717
3145	-1.774361423
3146	0.258935166
3147	0.351301207
3148	-0.715434221
3149	-0.205856524
3150	0.443869931
3151	0.020367964
3152	-0.68396282
3153	0.118329291
3154	-1.679168415
3155	-0.043760816
3156	0.103186003
3157	0.425986747
3158	-1.160382771
3159	-0.740137362
3160	0.211706998
3161	0.474028496
3162	0.529934802
3163	0.566156732
3164	-0.533691075
3165	-0.940053174
3166	-0.422494867
3167	1.001946876
3168	1.262467531
3169	-0.458774143
3170	-0.425917021
3171	-0.8511515
3172	0.910417837
3173	1.225462159
3174	0.630062534
3175	-1.094564588
3176	-1.319667023
3177	-1.019097828
3178	-1.494771835
3179	2.042046822
3180	0.558746333
3181	-0.86372764
3182	-0.855933502
3183	-0.7965938
3184	0.326472515
3185	-0.715010838
3186	-0.176815621
3187	0.04554198
3188	-0.109359873
3189	1.163253467
3190	0.47773967
3191	-1.515947586
3192	-0.130403542
3193	2.128643561
3194	0.295353465
3195	-1.144970071
3196	2.267687037
3197	-0.12825442
3198	1.153413164
3199	-2.871145904
3200	-0.54895895
3201	-0.762037887
3202	0.912818345
3203	-0.481265906
3204	0.01315407
3205	1.655777093
3206	-0.278293897
3207	0.209215575
3208	1.780231998
3209	0.398465532
3210	-0.443851507
3211	-0.093667589
3212	-0.430860889
3213	1.451448308
3214	-0.473623071
3215	0.277089431
3216	-0.026798673
3217	-0.74404487
3218	0.150332828
3219	-0.444602092
3220	-0.438062059
3221	0.066799108
3222	-0.954891989
3223	0.006209369
3224	0.133847196
3225	1.386216938
3226	-0.118681154
3227	-0.163418478
3228	1.297283275
3229	-0.76625098
3230	0.067876717
3231	-1.753220035
3232	-0.92804515
3233	-1.433915694
3234	-0.94397522
3235	0.110668898
3236	-0.402241853
3237	0.377929855
3238	0.521116084
3239	-0.709826224
3240	0.851147968
3241	1.52432934
3242	-1.606365076
3243	-0.228389314
3244	-0.757926883
3245	0.524293182
3246	-0.182860064
3247	-1.252972973
3248	0.275883362
3249	0.156988392
3250	0.192384531
3251	0.437543001
3252	0.206654178
3253	1.471859591
3254	-0.868803346
3255	-0.077447062
3256	-1.203781581
3257	-0.202675822
3258	0.477512088
3259	-1.014784007
3260	-1.274694733
3261	0.838114737
3262	-0.135399494
3263	-0.255242737
3264	1.307066194
3265	1.328424105
3266	-1.015527785
3267	-1.026741883
3268	-0.894337532
3269	-1.11538912
3270	0.026486749
3271	-0.207249041
3272	2.714038847
3273	-1.389011361
3274	0.811966694
3275	1.169582948
3276	0.473861314
3277	0.403395523
3278	0.647451797
3279	0.00983025
3280	1.404699449
3281	1.145131565
3282	-1.00418689
3283	0.565561224
3284	0.091157245
3285	1.637748262
3286	0.692433066
3287	-0.479478573
3288	1.771126898
3289	-0.184106094
3290	1.184024486
3291	0.374253934
3292	-1.426998131
3293	0.137416828
3294	1.1218916
3295	-0.878948659
3296	1.070468109
3297	-1.6957692
3298	1.307825
3299	1.249992208
3300	-0.319345742
3301	-1.291523851
3302	0.730682598
3303	0.537168562
3304	1.307763576
3305	0.892988142
3306	-0.787098963
3307	-1.067200084
3308	0.185630092
3309	0.592377829
3310	0.250185568
3311	-0.82204645
3312	0.623316299
3313	0.718097855
3314	-0.902595011
3315	1.516874286
3316	-1.544522786
3317	-0.307906205
3318	-0.266486728
3319	-0.582804723
3320	-0.967249262
3321	0.192031112
3322	0.691815811
3323	2.039955855
3324	0.210919246
3325	1.173417788
3326	-1.128025116
3327	1.67274211
3328	0.49878017
3329	0.803534029
3330	-0.818355591
3331	0.811380958
3332	-0.036210112
3333	-1.720620044
3334	1.157485846
3335	0.107799885
3336	-1.350666198
3337	-0.615029882
3338	0.203938498
3339	-1.549771472
3340	0.371047638
3341	0.227740766
3342	-1.343365936
3343	1.314269721
3344	-1.153223627
3345	1.54922686
3346	0.779630131
3347	-0.038422054
3348	-0.145442316
3349	1.303595436
3350	0.469927932
3351	1.090798521
3352	-0.0673522
3353	1.137173763
3354	0.587948195
3355	-0.118169897
3356	-0.867730682
3357	-0.444294307
3358	-0.130640431
3359	-0.226116695
3360	-1.227298157
3361	0.137162593
3362	1.133639027
3363	1.382919567
3364	-1.04247994
3365	0.992943794
3366	0.957685511
3367	0.623397219
3368	0.4579835
3369	-1.010810792
3370	0.303925917
3371	0.588581991
3372	1.268494879
3373	1.440565382
3374	0.853772067
3375	-1.256258394
3376	-1.635020908
3377	0.769929659
3378	0.049686479
3379	0.926343197
3380	0.207747601
3381	-0.479909425
3382	-0.346488811
3383	1.363418649
3384	-0.856611786
3385	0.208258783
3386	0.153017911
3387	-0.675791982
3388	-0.656266269
3389	-0.650254423
3390	-0.694907271
3391	0.453921184
3392	0.051894876
3393	1.358529662
3394	-0.547435712
3395	-1.584996157
3396	1.384469437
3397	-0.302543658
3398	1.65504899
3399	-0.71476593
3400	0.2280074
3401	-0.011615686
3402	-0.263996263
3403	-2.453069055
3404	0.106491579
3405	1.221499958
3406	-0.287032498
3407	-0.438386072
3408	-0.678319009
3409	-0.486439891
3410	1.163361225
3411	-0.242624671
3412	-0.166798603
3413	0.242737619
3414	0.243953964
3415	0.246613815
3416	0.602788255
3417	-0.395550705
3418	2.454693117
3419	1.785376156
3420	1.076530721
3421	0.222138732
3422	1.013960165
3423	1.325791804
3424	0.136728059
3425	-0.188133847
3426	1.194365299
3427	-1.561776189
3428	-0.639822336
3429	-0.006237423
3430	-0.176893969
3431	0.345245275
3432	2.291454006
3433	-0.797927487
3434	-0.223119356
3435	-0.53346876
3436	-1.702929365
3437	0.009748202
3438	0.072539433
3439	-1.42489478
3440	0.250203815
3441	-1.613573377
3442	-1.714244618
3443	0.52931129
3444	0.949661446
3445	0.728056272
3446	-1.744591351
3447	-0.091150686
3448	-0.212973611
3449	1.439060492
3450	-0.025915286
3451	0.533357628
3452	-1.068597772
3453	-0.129456934
3454	-0.046362633
3455	0.168527042
3456	-0.529383912
3457	-1.84081011
3458	-1.516666007
3459	-0.238618399
3460	-1.338882886
3461	-0.023145086
3462	0.695503547
3463	0.20570244
3464	-0.551178993
3465	-0.626753262
3466	1.322232584
3467	0.87782082
3468	-0.215140739
3469	1.363720101
3470	-1.889896992
3471	-2.862076562
3472	-1.011255204
3473	0.294254126
3474	1.42546592
3475	-0.748993264
3476	0.107728156
3477	1.610100555
3478	0.811066017
3479	0.188372436
3480	-0.0156526
3481	-1.252244591
3482	-0.570630271
3483	0.411902962
3484	-0.53640423
3485	0.303019382
3486	0.340675225
3487	2.000929288
3488	-0.941714973
3489	-0.472265563
3490	1.281154513
3491	-0.909443441
3492	-0.393276479
3493	0.667723728
3494	-1.354269806
3495	0.352584766
3496	-2.225284056
3497	0.074014313
3498	0.102012024
3499	-2.49347176
3500	-0.489005804
3501	-1.321086007
3502	0.179418361
3503	0.827651156
3504	-0.654775811
3505	-1.053178682
3506	-0.360263259
3507	-0.291301862
3508	0.098041515
3509	-0.380103377
3510	-0.083422071
3511	0.127867346
3512	-1.135990595
3513	-0.37052871
3514	-0.613468948
3515	0.315950532
3516	-2.100403808
3517	1.113287732
3518	0.785557975
3519	0.652473967
3520	-2.507872716
3521	-0.80410345
3522	0.104954606
3523	0.116647264
3524	-1.650105019
3525	-0.494158777
3526	-1.271253037
3527	0.206593962
3528	0.160589153
3529	-0.055154347
3530	-0.51914123
3531	-0.953284129
3532	-0.450872115
3533	-1.540825271
3534	1.233062121
3535	0.931289023
3536	-0.246929565
3537	1.16493305
3538	0.072495147
3539	0.065824666
3540	-0.574105033
3541	0.326784881
3542	0.235494093
3543	-1.661233505
3544	0.237162131
3545	0.130896303
3546	0.975095989
3547	0.31082144
3548	-0.481325655
3549	-0.476011655
3550	0.144700704
3551	0.369049034
3552	0.700988852
3553	-1.196280778
3554	1.976995195
3555	0.426181179
3556	0.607264372
3557	0.185429911
3558	-0.774948404
3559	-1.46561725
3560	-0.276725746
3561	-1.114819096
3562	-0.543606441
3563	-0.297038074
3564	-0.401276781
3565	0.629123448
3566	0.857506572
3567	-0.270581201
3568	-0.374373171
3569	-0.803082026
3570	-1.220895979
3571	0.009389999
3572	0.501850729
3573	0.859609652
3574	0.603375464
3575	0.438652259
3576	0.197028247
3577	-0.127800557
3578	2.058992021
3579	-0.101879339
3580	1.168641648
3581	-0.476932644
3582	1.974223153
3583	0.775848288
3584	1.846385842
3585	-0.707795945
3586	-0.049412797
3587	-0.211790435
3588	-0.154290219
3589	0.592975633
3590	0.671516577
3591	0.802665431
3592	0.632465974
3593	-0.181074814
3594	1.860350755
3595	-1.585117594
3596	0.228128347
3597	0.598268758
3598	1.16014915
3599	0.384168732
3600	0.246067423
3601	-1.398574576
3602	0.528364621
3603	0.028748628
3604	1.507942718
3605	-1.062469567
3606	0.919349737
3607	0.183255169
3608	-0.150326179
3609	-1.169321099
3610	0.471789345
3611	0.060518554
3612	1.199414946
3613	0.958418724
3614	1.027650523
3615	1.140057945
3616	-0.907783494
3617	-0.569416175
3618	-1.432925933
3619	0.943672655
3620	-0.08188434
3621	2.28046923
3622	0.184030565
3623	-0.316600581
3624	0.288050226
3625	-0.692567741
3626	1.068565282
3627	0.267317154
3628	-0.224814729
3629	-0.10806229
3630	-0.765663768
3631	0.279836979
3632	0.284020864
3633	0.862282006
3634	0.931282317
3635	-0.04299917
3636	0.239372015
3637	0.738876089
3638	0.250573484
3639	0.433762129
3640	-1.609148649
3641	0.081724324
3642	0.215384769
3643	-0.940713369
3644	-0.559129462
3645	-0.083504557
3646	0.036199897
3647	-0.206853296
3648	0.41332639
3649	-0.935604534
3650	0.274784831
3651	-1.576113759
3652	-0.330248983
3653	2.457568627
3654	2.441733281
3655	-1.039265755
3656	-1.23662155
3657	-1.43727201
3658	0.768993885
3659	-1.449648414
3660	-0.65516761
3661	-1.458938279
3662	0.511341146
3663	0.075293049
3664	-0.435462873
3665	1.565887971
3666	1.304430327
3667	-0.329604291
3668	2.42003043
3669	0.355628773
3670	-0.711796824
3671	-0.67638943
3672	-1.33889754
3673	-0.047464428
3674	-0.861151011
3675	-0.915100107
3676	-1.241390761
3677	2.107587825
3678	1.272382446
3679	-1.288769419
3680	0.783281241
3681	-0.287902397
3682	0.402044264
3683	-0.888716616
3684	0.740510759
3685	-0.739674722
3686	0.681888397
3687	-0.244133002
3688	-1.327591726
3689	-2.154089403
3690	0.008793169
3691	0.835131579
3692	-0.889854782
3693	0.167197893
3694	-0.312903136
3695	-2.46158028
3696	-0.368678526
3697	0.236017075
3698	-0.463593508
3699	0.196036489
3700	-1.380928351
3701	0.588330749
3702	1.209242453
3703	-0.699337785
3704	0.902743642
3705	3.120653726
3706	0.492563937
3707	0.250927929
3708	1.592938785
3709	-0.199029489
3710	-0.388869744
3711	0.328348417
3712	-0.798938614
3713	-1.753906566
3714	-0.523305634
3715	1.631953757
3716	-0.256616902
3717	1.495169338
3718	-1.078197732
3719	0.199215952
3720	0.011682613
3721	-1.422906636
3722	0.663412423
3723	0.304180617
3724	-1.162328818
3725	-0.440649953
3726	-0.271511647
3727	-0.634637601
3728	-1.265723447
3729	-0.923105652
3730	0.744342402
3731	0.59451026
3732	0.822234089
3733	1.424037441
3734	0.596087367
3735	-0.316411174
3736	-0.486439319
3737	-0.154706813
3738	0.92586158
3739	0.822566122
3740	-0.135648741
3741	-0.37001192
3742	1.22278289
3743	0.302844947
3744	-1.036532558
3745	1.653865904
3746	1.15458381
3747	0.243178986
3748	-0.095979334
3749	1.765969861
3750	0.597541841
3751	-1.838092516
3752	0.060409977
3753	-0.40013272
3754	0.742596675
3755	0.453623335
3756	-0.483806639
3757	0.958786261
3758	-0.857157465
3759	2.068893981
3760	2.061594062
3761	-0.599267072
3762	-0.410301359
3763	-0.272119819
3764	-0.889743486
3765	0.459313473
3766	-2.13148346
3767	-0.022686083
3768	0.93091079
3769	-0.592724897
3770	1.150829142
3771	1.89191259
3772	-0.774547413
3773	-0.020140653
3774	-0.787116588
3775	-0.876233978
3776	-1.24308564
3777	-1.524409116
3778	0.798693607
3779	-0.17359801
3780	-0.803934233
3781	-1.965221696
3782	0.726954853
3783	-0.404902699
3784	1.125730936
3785	-0.011416475
3786	0.322537374
3787	-0.774937051
3788	0.645242074
3789	-0.301381175
3790	-0.710290395
3791	1.215884786
3792	-0.623977208
3793	0.317395096
3794	0.105408035
3795	0.271056251
3796	-1.298965691
3797	0.88179649
3798	-1.505267687
3799	0.421336051
3800	0.514645843
3801	0.520166428
3802	-0.344774684
3803	-0.631384985
3804	0.402485181
3805	0.641591645
3806	0.698494393
3807	0.124502808
3808	-1.19875465
3809	-0.013195424
3810	-0.598387824
3811	0.820536589
3812	2.103347783
3813	-0.366694485
3814	0.933660132
3815	-1.762143293
3816	1.969292725
3817	1.208358649
3818	-0.239673711
3819	-0.670389155
3820	1.822925916
3821	-0.957935989
3822	-0.642263417
3823	0.47533235
3824	0.094055838
3825	-0.095121027
3826	1.49839273
3827	-0.055669777
3828	1.177386652
3829	-0.176577164
3830	0.417799942
3831	0.69829545
3832	-0.500162946
3833	0.748458028
3834	0.754545762
3835	0.631003039
3836	0.171796967
3837	0.958076871
3838	-0.085109308
3839	1.144285043
3840	1.104098837
3841	0.321835071
3842	1.083802913
3843	-0.175465094
3844	-2.334344854
3845	-2.756318035
3846	1.171984271
3847	-0.313458462
3848	0.661587518
3849	0.479921854
3850	0.355815978
3851	0.597210818
3852	-0.671037052
3853	-1.556347603
3854	-2.567437926
3855	-0.493561886
3856	-1.417933999
3857	-0.181740737
3858	-2.265220459
3859	-0.054214348
3860	-0.521075147
3861	1.119217969
3862	0.793078864
3863	-0.332638039
3864	0.700916811
3865	-1.520720636
3866	0.591024964
3867	1.113551362
3868	0.600598779
3869	0.653925559
3870	-0.325778307
3871	-1.189985323
3872	-1.335746396
3873	-0.152801952
3874	-0.73873003
3875	0.361143466
3876	-1.145806458
3877	0.506792293
3878	-0.966727593
3879	0.095903974
3880	-0.589977932
3881	0.244665777
3882	-1.060802129
3883	-1.632891786
3884	0.129528408
3885	0.566145159
3886	0.521415033
3887	2.230218968
3888	0.070547442
3889	0.378058167
3890	0.492228212
3891	-1.037520965
3892	-1.563680176
3893	0.470848221
3894	-0.393231984
3895	-1.011543043
3896	-0.417994393
3897	1.252572344
3898	1.367396549
3899	-0.076755654
3900	-1.123165167
3901	1.83863243
3902	0.659468394
3903	-1.613828876
3904	2.137819863
3905	-0.776158187
3906	-0.767423147
3907	-1.498205411
3908	-1.193841763
3909	1.055422761
3910	0.715619377
3911	0.336018258
3912	1.468955783
3913	1.177453251
3914	1.669597699
3915	0.372945562
3916	-0.789194394
3917	-0.931397853
3918	0.177265386
3919	-1.274918115
3920	0.728533459
3921	0.321053754
3922	-1.586213007
3923	-1.471617507
3924	1.473065189
3925	-0.643991045
3926	-0.481139218
3927	1.812295497
3928	0.727209538
3929	-0.135655458
3930	0.168567384
3931	2.877788229
3932	-0.017972741
3933	0.10611787
3934	0.439672986
3935	0.724280676
3936	0.48213879
3937	-1.625407731
3938	2.340002306
3939	-0.387257542
3940	-0.60382151
3941	0.588769635
3942	1.662767608
3943	-0.432388133
3944	-0.264412437
3945	2.679347137
3946	-0.382326951
3947	0.319439033
3948	-0.548300992
3949	0.724482041
3950	0.414673288
3951	0.432461939
3952	-0.425660441
3953	0.692132656
3954	0.838413911
3955	0.234153289
3956	1.291395877
3957	1.376295848
3958	-2.191816939
3959	0.365472954
3960	0.671566779
3961	-0.235506329
3962	0.341898432
3963	-0.984706255
3964	0.071310853
3965	-2.048392578
3966	1.413534795
3967	-0.500409532
3968	0.825254002
3969	-0.541807723
3970	-1.255399156
3971	0.663513088
3972	-1.241530461
3973	1.854033525
3974	0.891054612
3975	0.161575011
3976	-0.635948854
3977	0.851963715
3978	0.653977345
3979	2.301705943
3980	1.444164351
3981	0.555059879
3982	-0.560070896
3983	0.229496186
3984	0.508866201
3985	-1.747275152
3986	-0.780695959
3987	0.026163975
3988	0.366686131
3989	-2.045712527
3990	-0.9361885
3991	1.018094155
3992	1.06423587
3993	1.110719002
3994	-0.371580793
3995	-0.485542867
3996	-0.11428997
3997	1.181367915
3998	-2.817977316
3999	0.056737841
4000	0.519987304
4001	-0.860772205
4002	1.064446407
4003	-0.40218067
4004	1.573180424
4005	0.247821946
4006	-1.451715264
4007	0.4401337
4008	0.159914903
4009	2.494324317
4010	-0.559078526
4011	-1.117399721
4012	-0.915103724
4013	-0.384731654
4014	0.791827827
4015	-0.413873576
4016	-1.066826482
4017	-0.214558252
4018	1.042970595
4019	1.795867785
4020	-0.73792781
4021	0.44047038
4022	0.831546566
4023	1.545196321
4024	1.806567004
4025	-1.34731355
4026	-0.270667087
4027	0.98408258
4028	0.815271681
4029	-1.252399628
4030	0.438140898
4031	1.505331476
4032	0.699657968
4033	-0.389681184
4034	0.001881974
4035	0.542718043
4036	-0.216050421
4037	-0.135226732
4038	0.623788659
4039	-1.790495385
4040	-2.158656275
4041	-1.181198869
4042	2.230796863
4043	-1.246520072
4044	0.342547345
4045	0.004400658
4046	1.729575789
4047	-1.251814537
4048	0.268383504
4049	1.61733866
4050	0.863110849
4051	1.828190845
4052	-0.120716595
4053	0.123163563
4054	0.864383974
4055	0.680849844
4056	-1.757330292
4057	-0.304328753
4058	1.173193331
4059	-1.002919674
4060	-1.547134109
4061	-0.588217199
4062	0.609730249
4063	-0.849206463
4064	-0.166595413
4065	0.506645328
4066	0.728892442
4067	-2.728664593
4068	-0.236086599
4069	-0.997030896
4070	0.000933148
4071	-0.461089011
4072	1.877012661
4073	-0.289952383
4074	-1.153174556
4075	-0.192766605
4076	-0.083381931
4077	-0.919351653
4078	-1.119398458
4079	1.88257933
4080	1.904154805
4081	-0.492495175
4082	-1.558736306
4083	-0.112543163
4084	2.074896692
4085	0.693537224
4086	-0.065863797
4087	1.408790573
4088	1.456918574
4089	1.218513847
4090	0.516711899
4091	0.540817255
4092	0.587580151
4093	-1.44973339
4094	-0.632415845
4095	-0.696928618
4096	0.738742193
4097	-0.361456933
4098	-0.611036848
4099	-1.354584857
4100	0.834172336
4101	1.308046486
4102	0.453864641
4103	0.422034968
4104	-1.216792096
4105	-4.000263287
4106	-0.85983795
4107	-0.130052337
4108	-1.447103582
4109	-0.267868163
4110	-0.012492859
4111	0.074635317
4112	-0.323071859
4113	1.660677116
4114	-1.199667702
4115	1.561810788
4116	-1.833599014
4117	-0.343860722
4118	0.230359303
4119	0.725676106
4120	0.38638206
4121	-0.044798771
4122	0.745467252
4123	1.580356543
4124	0.357097159
4125	-0.806176798
4126	-0.123135415
4127	-2.113611683
4128	-0.006357575
4129	0.8340264
4130	0.910656973
4131	-0.07264445
4132	-0.608277831
4133	0.325080852
4134	0.80411108
4135	1.837007748
4136	1.552420112
4137	0.297980114
4138	0.018726399
4139	0.574737088
4140	-0.382239796
4141	-0.580729197
4142	-1.16058727
4143	-0.670732268
4144	0.18067945
4145	0.421799628
4146	0.21804044
4147	0.247558429
4148	0.753045162
4149	1.767829983
4150	0.349291379
4151	-1.225530788
4152	0.207052605
4153	0.429712593
4154	0.060213325
4155	0.291020003
4156	0.068444521
4157	0.366074313
4158	0.56909319
4159	1.101906771
4160	-1.096500239
4161	0.566519746
4162	0.61108549
4163	-0.228699901
4164	-0.843354728
4165	-1.07205514
4166	-2.910164511
4167	1.050809065
4168	0.940164058
4169	-1.978124033
4170	0.540188153
4171	0.34383292
4172	0.302345186
4173	-1.466482415
4174	1.229026054
4175	-0.010065523
4176	1.687786341
4177	-0.941611186
4178	-0.793947314
4179	0.796541462
4180	0.377252647
4181	0.105856776
4182	0.924991875
4183	0.537564827
4184	-2.086254677
4185	1.159667891
4186	0.732669319
4187	-1.912835239
4188	0.201765978
4189	-0.737874625
4190	0.056725222
4191	0.328896974
4192	-0.116508481
4193	-0.179283177
4194	-0.858791784
4195	0.707318558
4196	-0.352071017
4197	0.106606792
4198	1.124296545
4199	-1.225984992
4200	-0.747831775
4201	-2.219784288
4202	1.751757833
4203	0.452283054
4204	0.870319193
4205	0.036988402
4206	0.096318995
4207	-0.58284027
4208	-0.043375196
4209	0.146744732
4210	-0.402611362
4211	-0.031862158
4212	0.481401604
4213	-0.048397118
4214	-0.661390953
4215	-0.597546798
4216	0.126347547
4217	3.772044958
4218	1.244020958
4219	1.86802006
4220	0.038003154
4221	-1.194223992
4222	0.327126958
4223	-0.803408353
4224	1.997144432
4225	0.448986825
4226	-0.569160382
4227	0.385177381
4228	1.099949183
4229	0.048450799
4230	-1.173381649
4231	1.768271811
4232	-0.126846282
4233	-0.610673747
4234	1.574743844
4235	-0.847238041
4236	-0.347748493
4237	1.331658009
4238	-0.836086274
4239	0.07422453
4240	-2.152157303
4241	-1.038478566
4242	-0.190756925
4243	-1.414360184
4244	-0.981393425
4245	2.615128325
4246	1.007904523
4247	0.56155192
4248	-0.616849853
4249	-1.447046789
4250	0.138784163
4251	-2.024928479
4252	-0.690765708
4253	0.731744479
4254	0.426734255
4255	-0.133569108
4256	-0.046201988
4257	-0.776879138
4258	-0.589345271
4259	-1.008726557
4260	-2.991653335
4261	-0.09265099
4262	-0.147611769
4263	0.904436055
4264	1.147672865
4265	-1.326494913
4266	-0.757619424
4267	0.166375984
4268	-0.321384102
4269	-0.193280118
4270	-1.34894192
4271	-1.911835873
4272	-1.321526341
4273	-1.320148384
4274	1.516536911
4275	-0.344457438
4276	0.474309409
4277	-0.201356145
4278	-0.099605938
4279	1.329257497
4280	0.79438175
4281	-0.75611226
4282	0.394039341
4283	0.754883021
4284	-0.705527364
4285	-0.003634629
4286	-0.150393852
4287	0.469485572
4288	0.879297642
4289	1.293565263
4290	-1.65981301
4291	0.192666979
4292	-0.707457819
4293	-0.237714372
4294	-0.583779981
4295	1.539832764
4296	-0.535849965
4297	1.438418385
4298	0.939904811
4299	-1.351156887
4300	0.430264371
4301	-0.776787683
4302	0.195879654
4303	0.481642477
4304	0.168412983
4305	0.225455338
4306	1.71497683
4307	-1.439061579
4308	0.705993251
4309	-0.398038172
4310	2.088671737
4311	-0.57170232
4312	0.327315159
4313	1.939379529
4314	0.857258672
4315	0.790738285
4316	-1.976685252
4317	-0.295419255
4318	-0.084616786
4319	0.186754853
4320	-1.212238319
4321	-0.580554849
4322	-0.569767463
4323	-0.683453724
4324	-0.521981545
4325	-1.283362991
4326	-0.444248875
4327	0.721415628
4328	-0.402902657
4329	-0.585991355
4330	0.010916888
4331	0.293698832
4332	0.936145243
4333	-1.794982879
4334	0.434351309
4335	1.94600273
4336	0.104999294
4337	-0.769814387
4338	-0.201967924
4339	0.989077071
4340	-1.376273747
4341	-0.827621211
4342	-0.145935581
4343	-0.84107668
4344	-1.733515711
4345	-0.532355108
4346	-1.776001017
4347	-0.744035213
4348	-1.444394705
4349	1.451040618
4350	-0.295310801
4351	0.445154216
4352	0.046416413
4353	-1.282954729
4354	-0.248326907
4355	0.516028638
4356	-0.602572487
4357	-0.244424377
4358	-0.545556435
4359	0.730077672
4360	-2.500958155
4361	-1.569035773
4362	0.279212478
4363	0.915123564
4364	-0.579093417
4365	-0.426643464
4366	1.877803416
4367	-0.47413369
4368	-0.373006307
4369	-0.412973838
4370	1.559799196
4371	0.392011137
4372	-0.867967407
4373	0.162108997
4374	-0.167354019
4375	1.155405756
4376	-0.162520828
4377	-0.188444495
4378	-0.495731158
4379	-0.356549881
4380	-0.657780215
4381	1.069234577
4382	1.022454793
4383	1.105333933
4384	-0.78024183
4385	-0.094236608
4386	-1.6431153
4387	0.697919856
4388	-1.146320962
4389	0.102595526
4390	0.401177902
4391	2.204006175
4392	1.458648637
4393	0.727744593
4394	0.121085886
4395	2.818306076
4396	0.096743629
4397	-0.625712401
4398	-0.230617683
4399	-0.28941292
4400	-1.314697098
4401	-1.267031513
4402	0.328700667
4403	0.53346196
4404	0.094957124
4405	-0.755935751
4406	1.885460268
4407	0.223282025
4408	-0.424319707
4409	-0.354216853
4410	1.455914313
4411	-1.259461678
4412	1.460268115
4413	1.620042619
4414	0.147427311
4415	-0.275690551
4416	1.93187167
4417	0.593019155
4418	-0.091873094
4419	0.041033009
4420	-1.38862848
4421	-0.464961378
4422	-0.636679673
4423	-0.189673944
4424	-0.902206141
4425	1.884901494
4426	-0.980954424
4427	0.18151574
4428	-1.221160557
4429	-0.152339237
4430	-0.438623018
4431	-1.083926677
4432	-1.54667844
4433	-0.753025169
4434	-1.45111007
4435	2.181929869
4436	-0.88915552
4437	-0.340660248
4438	-0.015007512
4439	1.442692811
4440	0.474468408
4441	0.939656858
4442	0.801852308
4443	-1.358361542
4444	-0.903292607
4445	0.740760517
4446	0.879422929
4447	-0.758865828
4448	0.375083256
4449	-0.094255766
4450	-1.327555106
4451	0.405914297
4452	0.600894215
4453	0.075363307
4454	-0.388545282
4455	0.718095489
4456	0.325433147
4457	-0.263692057
4458	-2.383337942
4459	0.039583741
4460	0.976464449
4461	-0.794863694
4462	-1.150564045
4463	0.231705544
4464	-1.275915797
4465	1.244454504
4466	0.207208758
4467	-2.159896229
4468	1.368936143
4469	-0.016905458
4470	1.117863386
4471	-1.663211243
4472	1.865761641
4473	1.328106306
4474	0.251483295
4475	-0.695850286
4476	0.774718383
4477	-0.732216863
4478	0.513056678
4479	0.892828663
4480	-2.28536014
4481	-1.874426657
4482	-1.664323561
4483	-1.748602947
4484	2.092263276
4485	-0.283981393
4486	-1.014428223
4487	-1.514111553
4488	-0.519070711
4489	2.499691587
4490	0.386937675
4491	0.831520949
4492	-2.250232975
4493	-0.608405967
4494	0.792331551
4495	0.861482229
4496	1.452911558
4497	0.686237381
4498	0.078723328
4499	-0.149609421
4500	0.348140474
4501	0.945176947
4502	-1.196684107
4503	0.540603975
4504	1.888521371
4505	0.450497508
4506	0.186993845
4507	-1.001665493
4508	0.404682677
4509	0.3422847
4510	0.19792159
4511	-1.353025186
4512	-1.192965778
4513	-0.03434994
4514	-0.473705097
4515	-0.775596988
4516	1.081800051
4517	0.449274741
4518	0.123333965
4519	-2.679369365
4520	-0.650252164
4521	0.367189854
4522	0.512288185
4523	-0.835290029
4524	0.526306585
4525	-0.083369904
4526	0.652427399
4527	1.511889104
4528	-0.639102244
4529	-0.8372011
4530	-0.458210305
4531	0.17850486
4532	0.519577539
4533	-0.693080826
4534	2.230617807
4535	0.750747531
4536	1.425335576
4537	1.335085027
4538	-0.039384819
4539	-0.522587506
4540	-0.266787202
4541	1.497568957
4542	-1.080552165
4543	1.94581472
4544	0.799702542
4545	0.734252271
4546	0.891437376
4547	-1.053982721
4548	-0.943228459
4549	2.446102674
4550	-1.03842509
4551	-0.259794116
4552	0.268556632
4553	0.491630541
4554	-0.564547081
4555	1.131251661
4556	-0.578473883
4557	-0.12011552
4558	-1.012423496
4559	-1.287495199
4560	1.772567102
4561	2.392627803
4562	0.196504379
4563	0.457791383
4564	0.314873994
4565	-0.504231137
4566	0.712799217
4567	2.695489907
4568	-0.206382794
4569	-0.144212464
4570	0.547054531
4571	-0.440960713
4572	0.356219445
4573	-0.642407654
4574	1.673561283
4575	0.382348541
4576	1.982263775
4577	0.6452742
4578	-0.262958584
4579	0.247435641
4580	-0.528821639
4581	-0.484106577
4582	1.03460603
4583	0.274286305
4584	-0.695644202
4585	-1.644565325
4586	0.654754529
4587	-0.799053346
4588	0.523094354
4589	-0.675352679
4590	0.708392964
4591	0.118114181
4592	0.306405573
4593	0.212302581
4594	0.959542286
4595	0.64127794
4596	0.088336818
4597	0.679904336
4598	-0.775081705
4599	-0.171586495
4600	0.75060229
4601	-0.460925761
4602	2.2576706
4603	0.439591664
4604	-0.479399599
4605	0.807672327
4606	-2.650096632
4607	0.573237352
4608	0.493360962
4609	1.498499983
4610	0.871263385
4611	0.875508178
4612	0.219942954
4613	-0.439556825
4614	-0.18090777
4615	-1.01615646
4616	1.328784276
4617	0.143497667
4618	0.029567528
4619	0.079387817
4620	0.815925801
4621	2.547350965
4622	-0.31211668
4623	0.712722951
4624	0.190696983
4625	0.934896809
4626	-0.968833964
4627	-0.481059743
4628	0.935553296
4629	-0.859586615
4630	-0.133213508
4631	0.846494679
4632	-1.230525673
4633	-0.175338337
4634	0.536562588
4635	0.562665243
4636	2.536101102
4637	-1.790827276
4638	-0.660118763
4639	1.851931268
4640	0.786147797
4641	1.034338101
4642	0.45014959
4643	-0.683011
4644	-0.086861242
4645	-0.316962818
4646	-0.258909339
4647	-0.843320784
4648	0.574079356
4649	0.424887154
4650	0.59359596
4651	0.204081177
4652	-1.004480564
4653	-0.038173584
4654	1.514390531
4655	0.447668374
4656	0.665693031
4657	1.096725389
4658	-0.53132251
4659	0.190228787
4660	0.068187654
4661	-0.769890938
4662	0.454511917
4663	-0.221013735
4664	-1.316300133
4665	-1.61875535
4666	0.804151669
4667	1.099987767
4668	-1.484283662
4669	1.110025176
4670	0.058340254
4671	-0.977410147
4672	1.791397957
4673	-0.391403491
4674	0.48547575
4675	-0.863026858
4676	0.586080466
4677	1.943787868
4678	-0.235947822
4679	-0.604755307
4680	-2.717401512
4681	-0.791118204
4682	-0.265294567
4683	-0.57639986
4684	0.290050611
4685	-0.354913487
4686	-1.978084067
4687	0.810688484
4688	0.869273026
4689	-0.443997124
4690	-2.284316649
4691	0.317816565
4692	1.271577797
4693	-0.562210234
4694	-0.834224845
4695	-0.229258038
4696	1.937589908
4697	-0.61021538
4698	0.083770601
4699	-0.627158307
4700	-1.586615945
4701	-0.064501877
4702	-0.706858888
4703	-0.522706848
4704	1.708300205
4705	-1.269340065
4706	-0.283883391
4707	-0.512414768
4708	1.879029753
4709	-1.422291227
4710	-0.963228144
4711	0.053777604
4712	-0.731107196
4713	-1.233489619
4714	1.921351851
4715	-0.15692672
4716	0.067937741
4717	-0.17676985
4718	-1.90323524
4719	-1.183038301
4720	0.327732584
4721	-1.553469397
4722	-1.059830235
4723	0.129612396
4724	0.317038256
4725	-0.636076203
4726	1.381767544
4727	0.304720718
4728	-1.464481574
4729	0.435629035
4730	-0.59276313
4731	-1.186579377
4732	-2.65984733
4733	1.47146543
4734	0.181709565
4735	-0.973926368
4736	0.129366276
4737	1.161054186
4738	-0.098808255
4739	0.009552781
4740	-0.219986657
4741	0.538710295
4742	0.531078191
4743	-0.219601527
4744	-1.238876162
4745	0.09167279
4746	-0.646262273
4747	2.106051992
4748	0.220917554
4749	-0.075490444
4750	1.322588036
4751	-0.574603662
4752	1.948116472
4753	2.458962646
4754	0.74134174
4755	0.141558728
4756	-0.635600062
4757	1.099576039
4758	-0.495086261
4759	0.936364942
4760	0.509192287
4761	0.355692576
4762	0.107551392
4763	-2.06195429
4764	-1.561466873
4765	-0.594623437
4766	0.122600381
4767	-0.035194297
4768	-0.474291919
4769	-0.464652274
4770	0.514882548
4771	-0.911489229
4772	-0.103556225
4773	0.135935508
4774	-0.560801939
4775	-0.534995535
4776	-1.263575722
4777	0.986404016
4778	1.38685767
4779	-0.385151068
4780	-1.37997992
4781	-0.356466138
4782	-0.737252471
4783	1.580975883
4784	-0.09758729
4785	-0.121770271
4786	0.825004011
4787	0.738166062
4788	-1.218130896
4789	-0.402958489
4790	-2.132847491
4791	0.993825836
4792	1.193778206
4793	0.686637769
4794	0.609850342
4795	0.550128027
4796	1.784632934
4797	1.371150277
4798	-0.947127019
4799	-0.020018948
4800	0.77225844
4801	-0.061649207
4802	-2.068989832
4803	-0.256441584
4804	1.422410483
4805	-0.608050604
4806	0.240519073
4807	-0.351949932
4808	0.197221525
4809	-0.108854334
4810	0.115840243
4811	0.295110178
4812	0.613876975
4813	0.454041425
4814	0.355883537
4815	1.650472457
4816	-0.214247302
4817	-0.541016778
4818	-0.494342213
4819	0.623633105
4820	0.48775803
4821	-1.548306462
4822	-1.354596452
4823	1.050083687
4824	0.319355087
4825	0.169298726
4826	-0.061333359
4827	0.783072998
4828	-0.20325749
4829	-0.445050918
4830	0.115757126
4831	-0.294046432
4832	0.342774869
4833	1.174864882
4834	-0.308483499
4835	0.8386003
4836	0.209708896
4837	1.86825829
4838	0.414798604
4839	0.093867133
4840	0.154598572
4841	-0.587651233
4842	0.328937899
4843	-0.786673423
4844	0.360589687
4845	-0.790966365
4846	1.140999338
4847	0.703618455
4848	1.624023998
4849	-0.867044664
4850	-0.053043026
4851	-0.240018745
4852	-0.854183293
4853	-0.103447001
4854	-1.156529432
4855	-1.507806498
4856	0.690548192
4857	0.255605152
4858	-2.573491806
4859	2.257459237
4860	-0.150025276
4861	0.44614994
4862	-0.809864149
4863	-1.317431611
4864	0.806137537
4865	-1.300525667
4866	-0.813206414
4867	-1.219292695
4868	-0.246625207
4869	-0.119286396
4870	-0.727601921
4871	-1.024897591
4872	-0.135793664
4873	2.112369907
4874	-0.491009603
4875	0.602783052
4876	0.692435226
4877	0.306366277
4878	-0.003850173
4879	-0.549710804
4880	0.167732733
4881	-0.279159717
4882	0.784074853
4883	0.496654499
4884	0.163171214
4885	1.46993281
4886	-1.344972044
4887	-0.495697987
4888	-1.374394188
4889	0.525565207
4890	-1.718033856
4891	-1.274326157
4892	-1.179341205
4893	-1.080621449
4894	0.542869554
4895	0.081431318
4896	-1.293594394
4897	-0.319153592
4898	0.609450834
4899	-0.155944382
4900	2.03956856
4901	-1.392672904
4902	-1.520662743
4903	0.144841104
4904	0.988736587
4905	1.348447129
4906	-2.556887314
4907	0.404222687
4908	-0.843334102
4909	0.004677711
4910	-1.110580222
4911	-0.221459826
4912	-0.001553207
4913	0.840011507
4914	-0.053301234
4915	-1.252316471
4916	-0.371274302
4917	0.201060967
4918	1.739561447
4919	0.509900878
4920	0.370069993
4921	0.997370398
4922	-1.676558655
4923	-0.347653587
4924	0.467927918
4925	0.632424357
4926	-1.247304878
4927	-0.049387837
4928	-0.196787901
4929	-0.403675738
4930	-0.208750085
4931	0.623074753
4932	-0.60900144
4933	-0.279758295
4934	0.032838023
4935	-0.395234053
4936	0.116930293
4937	1.293149386
4938	-1.156537764
4939	0.654238088
4940	0.470188074
4941	0.626961153
4942	-1.934336007
4943	-0.948983699
4944	-1.39081792
4945	-0.685466271
4946	-1.493673372
4947	-2.159878394
4948	1.144794834
4949	1.480103636
4950	1.571313351
4951	-0.182462914
4952	-0.127183878
4953	1.267335027
4954	0.798584376
4955	0.382585536
4956	0.395788727
4957	1.661184443
4958	1.451687712
4959	0.606047852
4960	0.779630953
4961	-0.588774334
4962	-1.882189047
4963	-1.628209131
4964	0.151367682
4965	0.741744293
4966	-1.04471943
4967	-0.333154264
4968	-0.645599467
4969	-0.293837108
4970	1.746841687
4971	0.395692452
4972	-2.142521218
4973	-0.88480443
4974	0.091396467
4975	2.697334106
4976	-2.392649254
4977	-0.85732911
4978	1.619608228
4979	-0.148679982
4980	0.035143834
4981	0.349454275
4982	0.011357834
4983	1.248925789
4984	-0.138895465
4985	0.26011409
4986	-1.401690459
4987	-1.483107607
4988	-0.97495844
4989	-0.319840691
4990	2.174492207
4991	0.05086246
4992	1.962835317
4993	-0.403347861
4994	0.542689796
4995	0.947824383
4996	0.473323056
4997	0.679063293
4998	-0.791764976
4999	0.899501581
5000	0.806412343
5001	-0.655375543
5002	-0.558761225
5003	-1.242051244
5004	-0.497642105
5005	-1.355308711
5006	-0.156574933
5007	-0.266460361
5008	-0.1148038
5009	-1.289032837
5010	0.538273002
5011	0.544589964
5012	-0.018884616
5013	-0.243527754
5014	2.72942441
5015	-0.696912424
5016	0.424690001
5017	-0.762378758
5018	0.118170087
5019	-0.099152858
5020	-0.561578091
5021	0.728417128
5022	0.201099263
5023	-0.903212361
5024	0.737415432
5025	1.734177645
5026	-1.401785813
5027	1.648168925
5028	-1.596523371
5029	1.059377493
5030	0.945206942
5031	0.359768037
5032	-0.016137309
5033	0.721174934
5034	-1.505512422
5035	0.229368442
5036	-0.266618392
5037	0.685996487
5038	-1.510645
5039	-0.153105977
5040	-0.100227766
5041	0.77583097
5042	-1.019493165
5043	-0.196914874
5044	-0.437845362
5045	1.141312798
5046	1.038182694
5047	1.373413467
5048	0.73428031
5049	-1.221400405
5050	-0.723123256
5051	-1.895392235
5052	-1.396400824
5053	-0.771969169
5054	0.462478196
5055	-0.369909217
5056	-0.251198997
5057	-1.526095453
5058	0.680572658
5059	0.002702591
5060	-0.367112265
5061	0.534149581
5062	1.111505325
5063	-0.114700186
5064	0.242306947
5065	-0.433046524
5066	1.274786988
5067	0.316632557
5068	0.445379736
5069	1.496753132
5070	0.385128154
5071	1.398525186
5072	0.780739872
5073	0.142213881
5074	-0.474921489
5075	1.126335427
5076	0.8252843
5077	-0.313268634
5078	0.683971844
5079	0.541819922
5080	0.1679243
5081	0.323339973
5082	-0.995641553
5083	-2.307314296
5084	0.379483568
5085	0.206253542
5086	-0.088374455
5087	-1.995023133
5088	2.54436503
5089	-0.223762899
5090	-2.007209956
5091	-0.199810259
5092	1.188583287
5093	-0.023713129
5094	-2.556764789
5095	0.696531805
5096	0.491433717
5097	-1.454234369
5098	-0.227310273
5099	0.530798319
5100	0.613453015
5101	-0.659154725
5102	-0.405118522
5103	0.903500206
5104	1.771935792
5105	0.970412111
5106	-0.575894094
5107	-0.189393781
5108	-2.178283683
5109	0.800919036
5110	0.642382044
5111	1.170804784
5112	-0.361519143
5113	0.411311542
5114	-0.522444316
5115	-2.682638412
5116	0.969042421
5117	1.164812056
5118	0.5247565
5119	0.003848097
5120	-0.116657542
5121	-0.405394935
5122	0.992966288
5123	0.760419536
5124	-0.283180592
5125	1.120307342
5126	-0.00159208
5127	-0.986318988
5128	-0.185882187
5129	0.748596569
5130	1.040748805
5131	2.02415306
5132	-0.766313119
5133	0.852737956
5134	-0.019301796
5135	1.948077822
5136	-0.706983253
5137	-1.437753167
5138	-2.195893437
5139	-0.903145255
5140	1.340285659
5141	-0.774264123
5142	-0.932755201
5143	0.083519974
5144	-1.002807308
5145	-0.51139473
5146	0.429813983
5147	1.502551065
5148	-1.761268016
5149	-0.15274682
5150	-0.471837127
5151	-0.915566642
5152	-0.45820331
5153	-0.689587603
5154	-0.311197682
5155	-0.741133978
5156	1.090439585
5157	-0.137032213
5158	-0.860079066
5159	0.057729263
5160	0.428870417
5161	-0.466101588
5162	-1.017785301
5163	1.160750963
5164	0.244730807
5165	-0.26404409
5166	-1.376650118
5167	-1.728539627
5168	0.925316911
5169	0.407220883
5170	-0.859160159
5171	-1.851891582
5172	0.945320251
5173	1.259945007
5174	-0.498018376
5175	0.641972152
5176	-0.238192806
5177	0.28739518
5178	-0.684368548
5179	1.623261326
5180	1.539102216
5181	0.626051511
5182	-0.336663704
5183	-0.134463628
5184	-1.221334854
5185	0.312024348
5186	0.785135638
5187	-0.17780996
5188	0.716304096
5189	-0.370044817
5190	-1.475689436
5191	0.355580687
5192	-1.0192203
5193	-1.753951578
5194	-0.02385321
5195	-0.999285813
5196	2.548017684
5197	-0.268825032
5198	0.040495422
5199	-0.424582108
5200	0.26670514
5201	0.425222716
5202	0.171664128
5203	1.125565912
5204	-0.993640218
5205	0.767340465
5206	0.34706682
5207	1.011395174
5208	-1.09091662
5209	-0.813155661
5210	-1.613758877
5211	1.199509463
5212	-0.364612891
5213	-0.5980292
5214	0.188791818
5215	-0.103150673
5216	-1.138113055
5217	-0.971544958
5218	1.650336711
5219	-1.237995397
5220	-1.54940093
5221	-0.786640605
5222	1.310542803
5223	-0.878056012
5224	-0.739267972
5225	1.920261625
5226	0.607674875
5227	-0.595259581
5228	-1.422154792
5229	0.113151861
5230	-0.860829626
5231	0.922911375
5232	0.197826822
5233	0.179286168
5234	-1.934511015
5235	0.85344884
5236	-0.364359343
5237	0.314214513
5238	0.051497113
5239	-0.256946736
5240	0.33045435
5241	-0.419666704
5242	1.505649185
5243	-0.133232865
5244	2.239060189
5245	1.314828473
5246	0.537645012
5247	-0.975042041
5248	0.528378403
5249	1.540139322
5250	-0.687361426
5251	0.308126254
5252	0.53995158
5253	-0.63968911
5254	0.217616921
5255	0.384149095
5256	0.870898292
5257	-0.822838343
5258	-0.344885544
5259	0.927078196
5260	-0.057024966
5261	-0.875697365
5262	1.406329433
5263	2.371139775
5264	0.185072646
5265	-0.26297869
5266	-1.065602254
5267	-1.274726353
5268	-1.282870941
5269	-0.11104239
5270	-1.021014444
5271	-0.700140789
5272	-0.788503663
5273	-0.748875298
5274	1.960717443
5275	0.235263974
5276	-0.168451414
5277	-0.816878623
5278	1.017962531
5279	1.638109353
5280	-1.075729123
5281	0.598030239
5282	-0.802563599
5283	-0.026428899
5284	-0.068244442
5285	-0.444586051
5286	0.601750301
5287	-1.123378818
5288	0.274091938
5289	0.761081534
5290	1.030767572
5291	-0.403629349
5292	-0.749655548
5293	-0.606828921
5294	-0.476735142
5295	0.402903726
5296	-0.712640236
5297	1.41049964
5298	1.029431273
5299	-1.373676421
5300	1.007358718
5301	0.775953078
5302	-0.659062703
5303	-1.050094763
5304	-0.525167905
5305	-1.54158595
5306	-0.945188587
5307	-0.563198127
5308	-1.217490431
5309	-1.038940711
5310	-0.534052935
5311	0.57473354
5312	-0.31697503
5313	-1.982733537
5314	-0.461750231
5315	0.511171208
5316	1.006993352
5317	2.430151212
5318	0.508244089
5319	-0.462998322
5320	2.609571746
5321	0.106903768
5322	-0.103138702
5323	0.533195466
5324	-1.250378291
5325	-1.918480544
5326	-1.942992566
5327	1.10889245
5328	-2.065275162
5329	1.871041731
5330	-0.176960566
5331	-1.587150811
5332	-0.21958475
5333	-0.775919868
5334	1.297157476
5335	1.115883722
5336	0.575973094
5337	-1.092007565
5338	-0.481294904
5339	-1.414632559
5340	-1.688575847
5341	-0.492199693
5342	0.429881233
5343	0.669588501
5344	1.078735468
5345	1.632645876
5346	0.071368523
5347	1.849657841
5348	0.884698001
5349	0.074910809
5350	0.200092881
5351	-1.157850173
5352	-0.949423982
5353	0.580385224
5354	-0.590240728
5355	1.633778604
5356	-0.754754424
5357	-0.790502947
5358	0.281043415
5359	-2.246096191
5360	0.863086153
5361	-0.753147742
5362	0.452422015
5363	1.49195447
5364	-1.508429454
5365	-0.107176775
5366	1.032806943
5367	-0.26556557
5368	-1.831187649
5369	0.940456161
5370	0.053941087
5371	-0.299670963
5372	-0.21959414
5373	0.330176038
5374	1.211499472
5375	-0.298372176
5376	0.06147773
5377	-0.353311932
5378	-0.517449759
5379	0.676143634
5380	1.467891161
5381	0.679937327
5382	1.316953477
5383	-0.081740234
5384	0.238917888
5385	-0.483790879
5386	0.197572373
5387	0.359783896
5388	-0.158274688
5389	0.091530013
5390	0.131032175
5391	1.270664052
5392	1.621074145
5393	0.023003032
5394	-1.366261598
5395	-0.619596985
5396	-0.802054676
5397	-1.046532993
5398	-1.668116231
5399	0.851237786
5400	2.866516648
5401	-0.368249748
5402	-0.008930262
5403	-1.156184357
5404	-0.20415471
5405	-0.778174203
5406	-0.446289354
5407	-0.738809132
5408	-0.451401352
5409	-0.412394425
5410	0.356922869
5411	-1.564307192
5412	-3.126519418
5413	1.301366319
5414	0.843540504
5415	-2.045818343
5416	1.496724989
5417	0.283268889
5418	-1.528425949
5419	-0.447089285
5420	-1.085789656
5421	0.549989121
5422	-1.062393332
5423	0.54687141
5424	0.307210195
5425	-1.261489635
5426	-0.606916912
5427	0.872593428
5428	1.396489304
5429	-1.937165574
5430	-0.678574158
5431	-1.14433013
5432	-0.555463062
5433	-0.398137249
5434	-2.58764335
5435	1.71375784
5436	-0.275743547
5437	1.589492444
5438	-1.609012158
5439	0.083542678
5440	-1.684738452
5441	0.791647134
5442	-0.504596071
5443	0.375961858
5444	0.290946275
5445	0.348984444
5446	-0.061245946
5447	1.116640553
5448	0.166530834
5449	-0.052998741
5450	-2.416360628
5451	-0.475295905
5452	0.844764206
5453	-0.33314666
5454	-0.421301807
5455	-1.224573308
5456	-1.459516138
5457	-1.305538873
5458	0.27712917
5459	-0.733593666
5460	0.383140537
5461	-0.250302712
5462	-0.616218953
5463	1.34277686
5464	-1.306529459
5465	-1.003230698
5466	-0.013881591
5467	0.74738569
5468	0.391166037
5469	1.543855067
5470	-0.849332091
5471	-0.051699839
5472	1.137261531
5473	1.278023686
5474	-0.995877837
5475	1.309880932
5476	1.975951621
5477	-0.775859878
5478	-0.668642408
5479	0.055295168
5480	0.506298797
5481	-0.178425133
5482	-1.145816282
5483	2.045091661
5484	-1.417747981
5485	-0.121700478
5486	-0.018165416
5487	0.980639538
5488	0.035796824
5489	0.171501686
5490	0.710607329
5491	-0.436402486
5492	-0.400297755
5493	0.920903561
5494	0.147767246
5495	0.628955798
5496	0.281707995
5497	-0.814365217
5498	0.996775909
5499	-1.14386914
5500	-0.273903686
5501	0.058758921
5502	1.677001334
5503	-1.819639225
