Channel	ROC	FEB	FEBchannel
0	1	5	0
2	1	5	1
4	1	5	2
6	1	5	3
8	1	5	4
10	1	5	5
12	1	5	6
14	1	5	7
16	1	5	8
18	1	5	9
20	1	5	10
22	1	5	11
24	1	5	12
26	1	5	13
28	1	5	14
30	1	5	15
32	1	5	16
34	1	5	17
36	1	5	18
38	1	5	19
40	1	5	20
42	1	5	21
44	1	5	22
46	1	5	23
48	1	5	24
50	1	5	25
52	1	5	26
54	1	5	27
56	1	5	28
58	1	5	29
60	1	5	30
62	1	5	31
64	1	5	32
66	1	5	33
68	1	5	34
70	1	5	35
72	1	5	36
74	1	5	37
76	1	5	38
78	1	5	39
80	1	5	40
82	1	5	41
84	1	5	42
86	1	5	43
88	1	5	44
90	1	5	45
92	1	5	46
94	1	5	47
96	1	5	48
98	1	5	49
100	1	5	50
102	1	5	51
104	1	5	52
106	1	5	53
108	1	5	54
110	1	5	55
112	1	5	56
114	1	5	57
116	1	5	58
118	1	5	59
120	1	5	60
122	1	5	61
124	1	5	62
126	1	5	63
128	1	4	0
130	1	4	1
132	1	4	2
134	1	4	3
136	1	4	4
138	1	4	5
140	1	4	6
142	1	4	7
144	1	4	8
146	1	4	9
148	1	4	10
150	1	4	11
152	1	4	12
154	1	4	13
156	1	4	14
158	1	4	15
160	1	4	16
162	1	4	17
164	1	4	18
166	1	4	19
168	1	4	20
170	1	4	21
172	1	4	22
174	1	4	23
176	1	4	24
178	1	4	25
180	1	4	26
182	1	4	27
184	1	4	28
186	1	4	29
188	1	4	30
190	1	4	31
192	1	4	32
194	1	4	33
196	1	4	34
198	1	4	35
200	1	4	36
202	1	4	37
204	1	4	38
206	1	4	39
208	1	4	40
210	1	4	41
212	1	4	42
214	1	4	43
216	1	4	44
218	1	4	45
220	1	4	46
222	1	4	47
224	1	4	48
226	1	4	49
228	1	4	50
230	1	4	51
232	1	4	52
234	1	4	53
236	1	4	54
238	1	4	55
240	1	4	56
242	1	4	57
244	1	4	58
246	1	4	59
248	1	4	60
250	1	4	61
252	1	4	62
254	1	4	63
256	1	3	0
258	1	3	1
260	1	3	2
262	1	3	3
264	1	3	4
266	1	3	5
268	1	3	6
270	1	3	7
272	1	3	8
274	1	3	9
276	1	3	10
278	1	3	11
280	1	3	12
282	1	3	13
284	1	3	14
286	1	3	15
288	1	3	16
290	1	3	17
292	1	3	18
294	1	3	19
296	1	3	20
298	1	3	21
300	1	3	22
302	1	3	23
304	1	3	24
306	1	3	25
308	1	3	26
310	1	3	27
312	1	3	28
314	1	3	29
316	1	3	30
318	1	3	31
320	1	3	32
322	1	3	33
324	1	3	34
326	1	3	35
328	1	3	36
330	1	3	37
332	1	3	38
334	1	3	39
336	1	3	40
338	1	3	41
340	1	3	42
342	1	3	43
344	1	3	44
346	1	3	45
348	1	3	46
350	1	3	47
352	1	3	48
354	1	3	49
356	1	3	50
358	1	3	51
360	1	3	52
362	1	3	53
364	1	3	54
366	1	3	55
368	1	3	56
370	1	3	57
372	1	3	58
374	1	3	59
376	1	3	60
378	1	3	61
380	1	3	62
382	1	3	63
384	1	2	0
386	1	2	1
388	1	2	2
390	1	2	3
392	1	2	4
394	1	2	5
396	1	2	6
398	1	2	7
400	1	2	8
402	1	2	9
404	1	2	10
406	1	2	11
408	1	2	12
410	1	2	13
412	1	2	14
414	1	2	15
416	1	2	16
418	1	2	17
420	1	2	18
422	1	2	19
424	1	2	20
426	1	2	21
428	1	2	22
430	1	2	23
432	1	2	24
434	1	2	25
436	1	2	26
438	1	2	27
440	1	2	28
442	1	2	29
444	1	2	30
446	1	2	31
448	1	2	32
450	1	2	33
452	1	2	34
454	1	2	35
456	1	2	36
458	1	2	37
460	1	2	38
462	1	2	39
464	1	2	40
466	1	2	41
468	1	2	42
470	1	2	43
472	1	2	44
474	1	2	45
476	1	2	46
478	1	2	47
480	1	2	48
482	1	2	49
484	1	2	50
486	1	2	51
488	1	2	52
490	1	2	53
492	1	2	54
494	1	2	55
496	1	2	56
498	1	2	57
500	1	2	58
502	1	2	59
504	1	2	60
506	1	2	61
508	1	2	62
510	1	2	63
512	1	1	0
514	1	1	1
516	1	1	2
518	1	1	3
520	1	1	4
522	1	1	5
524	1	1	6
526	1	1	7
528	1	1	8
530	1	1	9
532	1	1	10
534	1	1	11
536	1	1	12
538	1	1	13
540	1	1	14
542	1	1	15
544	1	1	16
546	1	1	17
548	1	1	18
550	1	1	19
552	1	1	20
554	1	1	21
556	1	1	22
558	1	1	23
560	1	1	24
562	1	1	25
564	1	1	26
566	1	1	27
568	1	1	28
570	1	1	29
572	1	1	30
574	1	1	31
576	1	1	32
578	1	1	33
580	1	1	34
582	1	1	35
584	1	1	36
586	1	1	37
588	1	1	38
590	1	1	39
592	1	1	40
594	1	1	41
596	1	1	42
598	1	1	43
600	1	1	44
602	1	1	45
604	1	1	46
606	1	1	47
608	1	1	48
610	1	1	49
612	1	1	50
614	1	1	51
616	1	1	52
618	1	1	53
620	1	1	54
622	1	1	55
624	1	1	56
626	1	1	57
628	1	1	58
630	1	1	59
632	1	1	60
634	1	1	61
636	1	1	62
638	1	1	63
640	1	0	0
642	1	0	1
644	1	0	2
646	1	0	3
648	1	0	4
650	1	0	5
652	1	0	6
654	1	0	7
656	1	0	8
658	1	0	9
660	1	0	10
662	1	0	11
664	1	0	12
666	1	0	13
668	1	0	14
670	1	0	15
672	1	0	16
674	1	0	17
676	1	0	18
678	1	0	19
680	1	0	20
682	1	0	21
684	1	0	22
686	1	0	23
688	1	0	24
690	1	0	25
692	1	0	26
694	1	0	27
696	1	0	28
698	1	0	29
700	1	0	30
702	1	0	31
704	1	0	32
706	1	0	33
708	1	0	34
710	1	0	35
712	1	0	36
714	1	0	37
716	1	0	38
718	1	0	39
720	1	0	40
722	1	0	41
724	1	0	42
726	1	0	43
728	1	0	44
730	1	0	45
732	1	0	46
734	1	0	47
736	1	0	48
738	1	0	49
740	1	0	50
742	1	0	51
744	1	0	52
746	1	0	53
748	1	0	54
750	1	0	55
752	1	0	56
754	1	0	57
756	1	0	58
758	1	0	59
760	1	0	60
762	1	0	61
764	1	0	62
766	1	0	63
768	1	6	0
770	1	6	1
772	1	6	2
774	1	6	3
776	1	6	4
778	1	6	5
780	1	6	6
782	1	6	7
784	1	6	8
786	1	6	9
788	1	6	10
790	1	6	11
792	1	6	12
794	1	6	13
796	1	6	14
798	1	6	15
800	1	6	16
802	1	6	17
804	1	6	18
806	1	6	19
808	1	6	20
810	1	6	21
812	1	6	22
814	1	6	23
816	1	6	24
818	1	6	25
820	1	6	26
822	1	6	27
824	1	6	28
826	1	6	29
828	1	6	30
830	1	6	31
832	1	6	32
834	1	6	33
836	1	6	34
838	1	6	35
840	1	6	36
842	1	6	37
844	1	6	38
846	1	6	39
848	1	6	40
850	1	6	41
852	1	6	42
854	1	6	43
856	1	6	44
858	1	6	45
860	1	6	46
862	1	6	47
864	1	6	48
866	1	6	49
868	1	6	50
870	1	6	51
872	1	6	52
874	1	6	53
876	1	6	54
878	1	6	55
880	1	6	56
882	1	6	57
884	1	6	58
886	1	6	59
888	1	6	60
890	1	6	61
892	1	6	62
894	1	6	63
896	1	7	0
898	1	7	1
900	1	7	2
902	1	7	3
904	1	7	4
906	1	7	5
908	1	7	6
910	1	7	7
