0 605
1 634
2 604
3 635
4 567
5 592
6 1247
7 1272
8 1284
9 1315
10 1285
11 1314
12 1287
13 1312
14 680
15 719
16 682
17 717
18 681
19 718
20 720
21 759
22 40
23 79
24 1
25 38
26 2
27 37
28 0
29 39
30 607
31 632
32 602
33 637
34 601
35 638
36 566
37 593
38 565
39 594
40 527
41 552
42 526
43 553
44 521
45 558
46 1206
47 1233
48 1207
49 1232
50 1245
51 1274
52 1246
53 1273
54 1281
55 1318
56 1282
57 1317
58 1286
59 1313
60 1323
61 1356
62 1326
63 1353
64 920
65 959
66 924
67 955
68 960
69 999
70 880
71 919
72 881
73 918
74 683
75 716
76 685
77 714
78 684
79 715
80 722
81 757
82 721
83 758
84 761
85 798
86 760
87 799
88 764
89 795
90 80
91 119
92 81
93 118
94 41
95 78
96 42
97 77
98 4
99 35
100 5
101 34
102 3
103 36
104 201
105 238
106 200
107 239
108 280
109 319
110 244
111 275
112 240
113 279
114 646
115 673
116 643
117 676
118 606
119 633
120 610
121 629
122 600
123 639
124 564
125 595
126 563
127 596
128 562
129 597
130 525
131 554
132 524
133 555
134 1204
135 1235
136 1205
137 1234
138 1242
139 1277
140 1243
141 1276
142 1244
143 1275
144 1280
145 1319
146 1290
147 1309
148 1283
149 1316
150 1320
151 1359
152 1324
153 1355
154 1327
155 1352
156 1045
157 1074
158 1047
159 1072
160 1085
161 1114
162 1121
163 1158
164 1124
165 1155
166 1160
167 1199
168 1164
169 1195
170 921
171 958
172 925
173 954
174 961
175 998
176 962
177 997
178 1000
179 1039
180 1001
181 1038
182 800
183 839
184 801
185 838
186 804
187 835
188 840
189 879
190 842
191 877
192 882
193 917
194 884
195 915
196 686
197 713
198 688
199 711
200 687
201 712
202 725
203 754
204 724
205 755
206 723
207 756
208 763
209 796
210 762
211 797
212 82
213 117
214 83
215 116
216 43
217 76
218 44
219 75
220 45
221 74
222 7
223 32
224 8
225 31
226 6
227 33
228 204
229 235
230 202
231 237
232 162
233 197
234 160
235 199
236 124
237 155
238 121
239 158
240 120
241 159
242 321
243 358
244 320
245 359
246 282
247 317
248 281
249 318
250 245
251 274
252 241
253 278
254 484
255 515
256 480
257 519
258 444
259 475
260 441
261 478
262 405
263 434
264 367
265 392
266 365
267 394
268 647
269 672
270 644
271 675
272 640
273 679
274 603
275 636
276 609
277 630
278 608
279 631
280 571
281 588
282 561
283 598
284 560
285 599
286 523
287 556
288 522
289 557
290 1201
291 1238
292 1202
293 1237
294 1203
295 1236
296 1240
297 1279
298 1241
299 1278
300 1251
301 1268
302 1288
303 1311
304 1289
305 1310
306 1291
307 1308
308 1329
309 1350
310 1321
311 1358
312 1325
313 1354
314 1042
315 1077
316 1046
317 1073
318 1082
319 1117
320 1086
321 1113
322 1122
323 1157
324 1125
325 1154
326 1161
327 1198
328 1165
329 1194
330 922
331 957
332 926
333 953
334 927
335 952
336 963
337 996
338 965
339 994
340 1002
341 1037
342 1004
343 1035
344 802
345 837
346 805
347 834
348 841
349 878
350 843
351 876
352 883
353 916
354 885
355 914
356 887
357 912
358 689
359 710
360 691
361 708
362 690
363 709
364 728
365 751
366 727
367 752
368 726
369 753
370 766
371 793
372 765
373 794
374 84
375 115
376 85
377 114
378 86
379 113
380 46
381 73
382 47
383 72
384 48
385 71
386 10
387 29
388 11
389 28
390 9
391 30
392 207
393 232
394 205
395 234
396 203
397 236
398 163
399 196
400 161
401 198
402 125
403 154
404 122
405 157
406 324
407 355
408 322
409 357
410 285
411 314
412 283
413 316
414 247
415 272
416 246
417 273
418 242
419 277
420 485
421 514
422 481
423 518
424 445
425 474
426 442
427 477
428 406
429 433
430 402
431 437
432 366
433 393
434 362
435 397
436 645
437 674
438 641
439 678
440 649
441 670
442 611
443 628
444 616
445 623
446 615
447 624
448 570
449 589
450 569
451 590
452 568
453 591
454 531
455 548
456 530
457 549
458 520
459 559
460 1200
461 1239
462 1210
463 1229
464 1211
465 1228
466 1248
467 1271
468 1249
469 1270
470 1250
471 1269
472 1295
473 1304
474 1296
475 1303
476 1299
477 1300
478 1328
479 1351
480 1330
481 1349
482 1322
483 1357
484 1040
485 1079
486 1043
487 1076
488 1080
489 1119
490 1083
491 1116
492 1087
493 1112
494 1123
495 1156
496 1126
497 1153
498 1162
499 1197
500 1166
501 1193
502 923
503 956
504 929
505 950
506 930
507 949
508 964
509 995
510 966
511 993
512 1003
513 1036
514 1005
515 1034
516 803
517 836
518 806
519 833
520 807
521 832
522 844
523 875
524 846
525 873
526 886
527 913
528 888
529 911
530 890
531 909
532 692
533 707
534 694
535 705
536 693
537 706
538 731
539 748
540 730
541 749
542 729
543 750
544 769
545 790
546 768
547 791
548 767
549 792
550 87
551 112
552 88
553 111
554 89
555 110
556 49
557 70
558 50
559 69
560 51
561 68
562 13
563 26
564 14
565 25
566 12
567 27
568 210
569 229
570 208
571 231
572 206
573 233
574 166
575 193
576 164
577 195
578 127
579 152
580 126
581 153
582 123
583 156
584 325
585 354
586 323
587 356
588 286
589 313
590 284
591 315
592 250
593 269
594 249
595 270
596 243
597 276
598 486
599 513
600 482
601 517
602 446
603 473
604 443
605 476
606 407
607 432
608 403
609 436
610 400
611 439
612 363
613 396
614 360
615 399
616 642
617 677
618 650
619 669
620 648
621 671
622 619
623 620
624 613
625 626
626 612
627 627
628 579
629 580
630 578
631 581
632 577
633 582
634 539
635 540
636 529
637 550
638 528
639 551
640 532
641 547
642 1208
643 1231
644 1209
645 1230
646 1219
647 1220
648 1257
649 1262
650 1258
651 1261
652 1259
653 1260
654 1292
655 1307
656 1293
657 1306
658 1297
659 1302
660 1333
661 1346
662 1337
663 1342
664 1331
665 1348
666 1049
667 1070
668 1041
669 1078
670 1044
671 1075
672 1081
673 1118
674 1084
675 1115
676 1120
677 1159
678 1129
679 1150
680 1127
681 1152
682 1163
683 1196
684 1167
685 1192
686 928
687 951
688 932
689 947
690 931
691 948
692 968
693 991
694 967
695 992
696 970
697 989
698 1006
699 1033
700 1007
701 1032
702 808
703 831
704 810
705 829
706 845
707 874
708 847
709 872
710 850
711 869
712 889
713 910
714 891
715 908
716 895
717 904
718 695
719 704
720 698
721 701
722 697
723 702
724 734
725 745
726 733
727 746
728 732
729 747
730 771
731 788
732 772
733 787
734 770
735 789
736 776
737 783
738 90
739 109
740 92
741 107
742 91
743 108
744 52
745 67
746 53
747 66
748 54
749 65
750 17
751 22
752 18
753 21
754 15
755 24
756 215
757 224
758 211
759 228
760 209
761 230
762 170
763 189
764 167
765 192
766 165
767 194
768 130
769 149
770 128
771 151
772 327
773 352
774 326
775 353
776 290
777 309
778 287
779 312
780 288
781 311
782 251
783 268
784 252
785 267
786 248
787 271
788 487
789 512
790 483
791 516
792 447
793 472
794 449
795 470
796 440
797 479
798 404
799 435
800 401
801 438
802 364
803 395
804 361
805 398
806 369
807 390
808 651
809 668
810 657
811 662
812 653
813 666
814 617
815 622
816 576
817 583
818 575
819 584
820 574
821 585
822 573
823 586
824 538
825 541
826 537
827 542
828 536
829 543
830 1216
831 1223
832 1217
833 1222
834 1218
835 1221
836 1253
837 1266
838 1254
839 1265
840 1255
841 1264
842 1256
843 1263
844 1294
845 1305
846 1298
847 1301
848 1334
849 1345
850 1338
851 1341
852 1048
853 1071
854 1050
855 1069
856 1051
857 1068
858 1088
859 1111
860 1090
861 1109
862 1091
863 1108
864 1128
865 1151
866 1130
867 1149
868 1131
869 1148
870 1169
871 1190
872 1170
873 1189
874 1171
875 1188
876 933
877 946
878 935
879 944
880 972
881 987
882 969
883 990
884 971
885 988
886 1012
887 1027
888 1008
889 1031
890 809
891 830
892 812
893 827
894 811
895 828
896 848
897 871
898 851
899 868
900 892
901 907
902 893
903 906
904 896
905 903
906 696
907 703
908 699
909 700
910 738
911 741
912 737
913 742
914 736
915 743
916 735
917 744
918 775
919 784
920 774
921 785
922 773
923 786
924 93
925 106
926 94
927 105
928 95
929 104
930 55
931 64
932 56
933 63
934 57
935 62
936 58
937 61
938 19
939 20
940 16
941 23
942 216
943 223
944 213
945 226
946 212
947 227
948 171
949 188
950 168
951 191
952 131
953 148
954 132
955 147
956 129
957 150
958 328
959 351
960 332
961 347
962 291
963 308
964 289
965 310
966 292
967 307
968 255
969 264
970 253
971 266
972 491
973 508
974 490
975 509
976 489
977 510
978 451
979 468
980 450
981 469
982 448
983 471
984 411
985 428
986 410
987 429
988 408
989 431
990 371
991 388
992 370
993 389
994 368
995 391
996 658
997 661
998 654
999 665
1000 618
1001 621
1002 614
1003 625
1004 572
1005 587
1006 535
1007 544
1008 534
1009 545
1010 533
1011 546
1012 1212
1013 1227
1014 1213
1015 1226
1016 1214
1017 1225
1018 1215
1019 1224
1020 1252
1021 1267
1022 1332
1023 1347
1024 1335
1025 1344
1026 1339
1027 1340
1028 1053
1029 1066
1030 1056
1031 1063
1032 1059
1033 1060
1034 1089
1035 1110
1036 1096
1037 1103
1038 1099
1039 1100
1040 1134
1041 1145
1042 1137
1043 1142
1044 1168
1045 1191
1046 1174
1047 1185
1048 1176
1049 1183
1050 1178
1051 1181
1052 934
1053 945
1054 936
1055 943
1056 938
1057 941
1058 973
1059 986
1060 975
1061 984
1062 1013
1063 1026
1064 1014
1065 1025
1066 1017
1067 1022
1068 813
1069 826
1070 816
1071 823
1072 849
1073 870
1074 853
1075 866
1076 856
1077 863
1078 894
1079 905
1080 897
1081 902
1082 899
1083 900
1084 739
1085 740
1086 779
1087 780
1088 778
1089 781
1090 777
1091 782
1092 96
1093 103
1094 97
1095 102
1096 98
1097 101
1098 99
1099 100
1100 59
1101 60
1102 219
1103 220
1104 217
1105 222
1106 214
1107 225
1108 176
1109 183
1110 173
1111 186
1112 169
1113 190
1114 136
1115 143
1116 133
1117 146
1118 337
1119 342
1120 334
1121 345
1122 333
1123 346
1124 295
1125 304
1126 293
1127 306
1128 258
1129 261
1130 256
1131 263
1132 254
1133 265
1134 498
1135 501
1136 496
1137 503
1138 494
1139 505
1140 488
1141 511
1142 457
1143 462
1144 454
1145 465
1146 419
1147 420
1148 416
1149 423
1150 409
1151 430
1152 379
1153 380
1154 376
1155 383
1156 373
1157 386
1158 659
1159 660
1160 655
1161 664
1162 652
1163 667
1164 1336
1165 1343
1166 1052
1167 1067
1168 1054
1169 1065
1170 1057
1171 1062
1172 1092
1173 1107
1174 1094
1175 1105
1176 1097
1177 1102
1178 1132
1179 1147
1180 1135
1181 1144
1182 1138
1183 1141
1184 1172
1185 1187
1186 1175
1187 1184
1188 1177
1189 1182
1190 1179
1191 1180
1192 937
1193 942
1194 939
1195 940
1196 974
1197 985
1198 976
1199 983
1200 978
1201 981
1202 1015
1203 1024
1204 1018
1205 1021
1206 814
1207 825
1208 817
1209 822
1210 852
1211 867
1212 854
1213 865
1214 857
1215 862
1216 859
1217 860
1218 898
1219 901
1220 218
1221 221
1222 179
1223 180
1224 177
1225 182
1226 174
1227 185
1228 172
1229 187
1230 137
1231 142
1232 134
1233 145
1234 338
1235 341
1236 335
1237 344
1238 298
1239 301
1240 296
1241 303
1242 294
1243 305
1244 259
1245 260
1246 257
1247 262
1248 499
1249 500
1250 497
1251 502
1252 495
1253 504
1254 492
1255 507
1256 458
1257 461
1258 455
1259 464
1260 452
1261 467
1262 417
1263 422
1264 414
1265 425
1266 412
1267 427
1268 377
1269 382
1270 374
1271 385
1272 372
1273 387
1274 656
1275 663
1276 1055
1277 1064
1278 1058
1279 1061
1280 1093
1281 1106
1282 1095
1283 1104
1284 1098
1285 1101
1286 1133
1287 1146
1288 1136
1289 1143
1290 1139
1291 1140
1292 1173
1293 1186
1294 977
1295 982
1296 979
1297 980
1298 1016
1299 1023
1300 1019
1301 1020
1302 815
1303 824
1304 818
1305 821
1306 819
1307 820
1308 855
1309 864
1310 858
1311 861
1312 178
1313 181
1314 175
1315 184
1316 139
1317 140
1318 138
1319 141
1320 135
1321 144
1322 339
1323 340
1324 336
1325 343
1326 299
1327 300
1328 297
1329 302
1330 493
1331 506
1332 459
1333 460
1334 456
1335 463
1336 453
1337 466
1338 418
1339 421
1340 415
1341 424
1342 413
1343 426
1344 378
1345 381
1346 375
1347 384
1348 1965
1349 1994
1350 1964
1351 1995
1352 1927
1353 1952
1354 2607
1355 2632
1356 2644
1357 2675
1358 2645
1359 2674
1360 2647
1361 2672
1362 2040
1363 2079
1364 2042
1365 2077
1366 2041
1367 2078
1368 2080
1369 2119
1370 1400
1371 1439
1372 1361
1373 1398
1374 1362
1375 1397
1376 1360
1377 1399
1378 1967
1379 1992
1380 1962
1381 1997
1382 1961
1383 1998
1384 1926
1385 1953
1386 1925
1387 1954
1388 1887
1389 1912
1390 1886
1391 1913
1392 1881
1393 1918
1394 2566
1395 2593
1396 2567
1397 2592
1398 2605
1399 2634
1400 2606
1401 2633
1402 2641
1403 2678
1404 2642
1405 2677
1406 2646
1407 2673
1408 2683
1409 2716
1410 2686
1411 2713
1412 2280
1413 2319
1414 2284
1415 2315
1416 2320
1417 2359
1418 2240
1419 2279
1420 2241
1421 2278
1422 2043
1423 2076
1424 2045
1425 2074
1426 2044
1427 2075
1428 2082
1429 2117
1430 2081
1431 2118
1432 2121
1433 2158
1434 2120
1435 2159
1436 2124
1437 2155
1438 1440
1439 1479
1440 1441
1441 1478
1442 1401
1443 1438
1444 1402
1445 1437
1446 1364
1447 1395
1448 1365
1449 1394
1450 1363
1451 1396
1452 1561
1453 1598
1454 1560
1455 1599
1456 1640
1457 1679
1458 1604
1459 1635
1460 1600
1461 1639
1462 2006
1463 2033
1464 2003
1465 2036
1466 1966
1467 1993
1468 1970
1469 1989
1470 1960
1471 1999
1472 1924
1473 1955
1474 1923
1475 1956
1476 1922
1477 1957
1478 1885
1479 1914
1480 1884
1481 1915
1482 2564
1483 2595
1484 2565
1485 2594
1486 2602
1487 2637
1488 2603
1489 2636
1490 2604
1491 2635
1492 2640
1493 2679
1494 2650
1495 2669
1496 2643
1497 2676
1498 2680
1499 2719
1500 2684
1501 2715
1502 2687
1503 2712
1504 2405
1505 2434
1506 2407
1507 2432
1508 2445
1509 2474
1510 2481
1511 2518
1512 2484
1513 2515
1514 2520
1515 2559
1516 2524
1517 2555
1518 2281
1519 2318
1520 2285
1521 2314
1522 2321
1523 2358
1524 2322
1525 2357
1526 2360
1527 2399
1528 2361
1529 2398
1530 2160
1531 2199
1532 2161
1533 2198
1534 2164
1535 2195
1536 2200
1537 2239
1538 2202
1539 2237
1540 2242
1541 2277
1542 2244
1543 2275
1544 2046
1545 2073
1546 2048
1547 2071
1548 2047
1549 2072
1550 2085
1551 2114
1552 2084
1553 2115
1554 2083
1555 2116
1556 2123
1557 2156
1558 2122
1559 2157
1560 1442
1561 1477
1562 1443
1563 1476
1564 1403
1565 1436
1566 1404
1567 1435
1568 1405
1569 1434
1570 1367
1571 1392
1572 1368
1573 1391
1574 1366
1575 1393
1576 1564
1577 1595
1578 1562
1579 1597
1580 1522
1581 1557
1582 1520
1583 1559
1584 1484
1585 1515
1586 1481
1587 1518
1588 1480
1589 1519
1590 1681
1591 1718
1592 1680
1593 1719
1594 1642
1595 1677
1596 1641
1597 1678
1598 1605
1599 1634
1600 1601
1601 1638
1602 1844
1603 1875
1604 1840
1605 1879
1606 1804
1607 1835
1608 1801
1609 1838
1610 1765
1611 1794
1612 1727
1613 1752
1614 1725
1615 1754
1616 2007
1617 2032
1618 2004
1619 2035
1620 2000
1621 2039
1622 1963
1623 1996
1624 1969
1625 1990
1626 1968
1627 1991
1628 1931
1629 1948
1630 1921
1631 1958
1632 1920
1633 1959
1634 1883
1635 1916
1636 1882
1637 1917
1638 2561
1639 2598
1640 2562
1641 2597
1642 2563
1643 2596
1644 2600
1645 2639
1646 2601
1647 2638
1648 2611
1649 2628
1650 2648
1651 2671
1652 2649
1653 2670
1654 2651
1655 2668
1656 2689
1657 2710
1658 2681
1659 2718
1660 2685
1661 2714
1662 2402
1663 2437
1664 2406
1665 2433
1666 2442
1667 2477
1668 2446
1669 2473
1670 2482
1671 2517
1672 2485
1673 2514
1674 2521
1675 2558
1676 2525
1677 2554
1678 2282
1679 2317
1680 2286
1681 2313
1682 2287
1683 2312
1684 2323
1685 2356
1686 2325
1687 2354
1688 2362
1689 2397
1690 2364
1691 2395
1692 2162
1693 2197
1694 2165
1695 2194
1696 2201
1697 2238
1698 2203
1699 2236
1700 2243
1701 2276
1702 2245
1703 2274
1704 2247
1705 2272
1706 2049
1707 2070
1708 2051
1709 2068
1710 2050
1711 2069
1712 2088
1713 2111
1714 2087
1715 2112
1716 2086
1717 2113
1718 2126
1719 2153
1720 2125
1721 2154
1722 1444
1723 1475
1724 1445
1725 1474
1726 1446
1727 1473
1728 1406
1729 1433
1730 1407
1731 1432
1732 1408
1733 1431
1734 1370
1735 1389
1736 1371
1737 1388
1738 1369
1739 1390
1740 1567
1741 1592
1742 1565
1743 1594
1744 1563
1745 1596
1746 1523
1747 1556
1748 1521
1749 1558
1750 1485
1751 1514
1752 1482
1753 1517
1754 1684
1755 1715
1756 1682
1757 1717
1758 1645
1759 1674
1760 1643
1761 1676
1762 1607
1763 1632
1764 1606
1765 1633
1766 1602
1767 1637
1768 1845
1769 1874
1770 1841
1771 1878
1772 1805
1773 1834
1774 1802
1775 1837
1776 1766
1777 1793
1778 1762
1779 1797
1780 1726
1781 1753
1782 1722
1783 1757
1784 2005
1785 2034
1786 2001
1787 2038
1788 2009
1789 2030
1790 1971
1791 1988
1792 1976
1793 1983
1794 1975
1795 1984
1796 1930
1797 1949
1798 1929
1799 1950
1800 1928
1801 1951
1802 1891
1803 1908
1804 1890
1805 1909
1806 1880
1807 1919
1808 2560
1809 2599
1810 2570
1811 2589
1812 2571
1813 2588
1814 2608
1815 2631
1816 2609
1817 2630
1818 2610
1819 2629
1820 2655
1821 2664
1822 2656
1823 2663
1824 2659
1825 2660
1826 2688
1827 2711
1828 2690
1829 2709
1830 2682
1831 2717
1832 2400
1833 2439
1834 2403
1835 2436
1836 2440
1837 2479
1838 2443
1839 2476
1840 2447
1841 2472
1842 2483
1843 2516
1844 2486
1845 2513
1846 2522
1847 2557
1848 2526
1849 2553
1850 2283
1851 2316
1852 2289
1853 2310
1854 2290
1855 2309
1856 2324
1857 2355
1858 2326
1859 2353
1860 2363
1861 2396
1862 2365
1863 2394
1864 2163
1865 2196
1866 2166
1867 2193
1868 2167
1869 2192
1870 2204
1871 2235
1872 2206
1873 2233
1874 2246
1875 2273
1876 2248
1877 2271
1878 2250
1879 2269
1880 2052
1881 2067
1882 2054
1883 2065
1884 2053
1885 2066
1886 2091
1887 2108
1888 2090
1889 2109
1890 2089
1891 2110
1892 2129
1893 2150
1894 2128
1895 2151
1896 2127
1897 2152
1898 1447
1899 1472
1900 1448
1901 1471
1902 1449
1903 1470
1904 1409
1905 1430
1906 1410
1907 1429
1908 1411
1909 1428
1910 1373
1911 1386
1912 1374
1913 1385
1914 1372
1915 1387
1916 1570
1917 1589
1918 1568
1919 1591
1920 1566
1921 1593
1922 1526
1923 1553
1924 1524
1925 1555
1926 1487
1927 1512
1928 1486
1929 1513
1930 1483
1931 1516
1932 1685
1933 1714
1934 1683
1935 1716
1936 1646
1937 1673
1938 1644
1939 1675
1940 1610
1941 1629
1942 1609
1943 1630
1944 1603
1945 1636
1946 1846
1947 1873
1948 1842
1949 1877
1950 1806
1951 1833
1952 1803
1953 1836
1954 1767
1955 1792
1956 1763
1957 1796
1958 1760
1959 1799
1960 1723
1961 1756
1962 1720
1963 1759
1964 2002
1965 2037
1966 2010
1967 2029
1968 2008
1969 2031
1970 1979
1971 1980
1972 1973
1973 1986
1974 1972
1975 1987
1976 1939
1977 1940
1978 1938
1979 1941
1980 1937
1981 1942
1982 1899
1983 1900
1984 1889
1985 1910
1986 1888
1987 1911
1988 1892
1989 1907
1990 2568
1991 2591
1992 2569
1993 2590
1994 2579
1995 2580
1996 2617
1997 2622
1998 2618
1999 2621
2000 2619
2001 2620
2002 2652
2003 2667
2004 2653
2005 2666
2006 2657
2007 2662
2008 2693
2009 2706
2010 2697
2011 2702
2012 2691
2013 2708
2014 2409
2015 2430
2016 2401
2017 2438
2018 2404
2019 2435
2020 2441
2021 2478
2022 2444
2023 2475
2024 2480
2025 2519
2026 2489
2027 2510
2028 2487
2029 2512
2030 2523
2031 2556
2032 2527
2033 2552
2034 2288
2035 2311
2036 2292
2037 2307
2038 2291
2039 2308
2040 2328
2041 2351
2042 2327
2043 2352
2044 2330
2045 2349
2046 2366
2047 2393
2048 2367
2049 2392
2050 2168
2051 2191
2052 2170
2053 2189
2054 2205
2055 2234
2056 2207
2057 2232
2058 2210
2059 2229
2060 2249
2061 2270
2062 2251
2063 2268
2064 2255
2065 2264
2066 2055
2067 2064
2068 2058
2069 2061
2070 2057
2071 2062
2072 2094
2073 2105
2074 2093
2075 2106
2076 2092
2077 2107
2078 2131
2079 2148
2080 2132
2081 2147
2082 2130
2083 2149
2084 2136
2085 2143
2086 1450
2087 1469
2088 1452
2089 1467
2090 1451
2091 1468
2092 1412
2093 1427
2094 1413
2095 1426
2096 1414
2097 1425
2098 1377
2099 1382
2100 1378
2101 1381
2102 1375
2103 1384
2104 1575
2105 1584
2106 1571
2107 1588
2108 1569
2109 1590
2110 1530
2111 1549
2112 1527
2113 1552
2114 1525
2115 1554
2116 1490
2117 1509
2118 1488
2119 1511
2120 1687
2121 1712
2122 1686
2123 1713
2124 1650
2125 1669
2126 1647
2127 1672
2128 1648
2129 1671
2130 1611
2131 1628
2132 1612
2133 1627
2134 1608
2135 1631
2136 1847
2137 1872
2138 1843
2139 1876
2140 1807
2141 1832
2142 1809
2143 1830
2144 1800
2145 1839
2146 1764
2147 1795
2148 1761
2149 1798
2150 1724
2151 1755
2152 1721
2153 1758
2154 1729
2155 1750
2156 2011
2157 2028
2158 2017
2159 2022
2160 2013
2161 2026
2162 1977
2163 1982
2164 1936
2165 1943
2166 1935
2167 1944
2168 1934
2169 1945
2170 1933
2171 1946
2172 1898
2173 1901
2174 1897
2175 1902
2176 1896
2177 1903
2178 2576
2179 2583
2180 2577
2181 2582
2182 2578
2183 2581
2184 2613
2185 2626
2186 2614
2187 2625
2188 2615
2189 2624
2190 2616
2191 2623
2192 2654
2193 2665
2194 2658
2195 2661
2196 2694
2197 2705
2198 2698
2199 2701
2200 2408
2201 2431
2202 2410
2203 2429
2204 2411
2205 2428
2206 2448
2207 2471
2208 2450
2209 2469
2210 2451
2211 2468
2212 2488
2213 2511
2214 2490
2215 2509
2216 2491
2217 2508
2218 2529
2219 2550
2220 2530
2221 2549
2222 2531
2223 2548
2224 2293
2225 2306
2226 2295
2227 2304
2228 2332
2229 2347
2230 2329
2231 2350
2232 2331
2233 2348
2234 2372
2235 2387
2236 2368
2237 2391
2238 2169
2239 2190
2240 2172
2241 2187
2242 2171
2243 2188
2244 2208
2245 2231
2246 2211
2247 2228
2248 2252
2249 2267
2250 2253
2251 2266
2252 2256
2253 2263
2254 2056
2255 2063
2256 2059
2257 2060
2258 2098
2259 2101
2260 2097
2261 2102
2262 2096
2263 2103
2264 2095
2265 2104
2266 2135
2267 2144
2268 2134
2269 2145
2270 2133
2271 2146
2272 1453
2273 1466
2274 1454
2275 1465
2276 1455
2277 1464
2278 1415
2279 1424
2280 1416
2281 1423
2282 1417
2283 1422
2284 1418
2285 1421
2286 1379
2287 1380
2288 1376
2289 1383
2290 1576
2291 1583
2292 1573
2293 1586
2294 1572
2295 1587
2296 1531
2297 1548
2298 1528
2299 1551
2300 1491
2301 1508
2302 1492
2303 1507
2304 1489
2305 1510
2306 1688
2307 1711
2308 1692
2309 1707
2310 1651
2311 1668
2312 1649
2313 1670
2314 1652
2315 1667
2316 1615
2317 1624
2318 1613
2319 1626
2320 1851
2321 1868
2322 1850
2323 1869
2324 1849
2325 1870
2326 1811
2327 1828
2328 1810
2329 1829
2330 1808
2331 1831
2332 1771
2333 1788
2334 1770
2335 1789
2336 1768
2337 1791
2338 1731
2339 1748
2340 1730
2341 1749
2342 1728
2343 1751
2344 2018
2345 2021
2346 2014
2347 2025
2348 1978
2349 1981
2350 1974
2351 1985
2352 1932
2353 1947
2354 1895
2355 1904
2356 1894
2357 1905
2358 1893
2359 1906
2360 2572
2361 2587
2362 2573
2363 2586
2364 2574
2365 2585
2366 2575
2367 2584
2368 2612
2369 2627
2370 2692
2371 2707
2372 2695
2373 2704
2374 2699
2375 2700
2376 2413
2377 2426
2378 2416
2379 2423
2380 2419
2381 2420
2382 2449
2383 2470
2384 2456
2385 2463
2386 2459
2387 2460
2388 2494
2389 2505
2390 2497
2391 2502
2392 2528
2393 2551
2394 2534
2395 2545
2396 2536
2397 2543
2398 2538
2399 2541
2400 2294
2401 2305
2402 2296
2403 2303
2404 2298
2405 2301
2406 2333
2407 2346
2408 2335
2409 2344
2410 2373
2411 2386
2412 2374
2413 2385
2414 2377
2415 2382
2416 2173
2417 2186
2418 2176
2419 2183
2420 2209
2421 2230
2422 2213
2423 2226
2424 2216
2425 2223
2426 2254
2427 2265
2428 2257
2429 2262
2430 2259
2431 2260
2432 2099
2433 2100
2434 2139
2435 2140
2436 2138
2437 2141
2438 2137
2439 2142
2440 1456
2441 1463
2442 1457
2443 1462
2444 1458
2445 1461
2446 1459
2447 1460
2448 1419
2449 1420
2450 1579
2451 1580
2452 1577
2453 1582
2454 1574
2455 1585
2456 1536
2457 1543
2458 1533
2459 1546
2460 1529
2461 1550
2462 1496
2463 1503
2464 1493
2465 1506
2466 1697
2467 1702
2468 1694
2469 1705
2470 1693
2471 1706
2472 1655
2473 1664
2474 1653
2475 1666
2476 1618
2477 1621
2478 1616
2479 1623
2480 1614
2481 1625
2482 1858
2483 1861
2484 1856
2485 1863
2486 1854
2487 1865
2488 1848
2489 1871
2490 1817
2491 1822
2492 1814
2493 1825
2494 1779
2495 1780
2496 1776
2497 1783
2498 1769
2499 1790
2500 1739
2501 1740
2502 1736
2503 1743
2504 1733
2505 1746
2506 2019
2507 2020
2508 2015
2509 2024
2510 2012
2511 2027
2512 2696
2513 2703
2514 2412
2515 2427
2516 2414
2517 2425
2518 2417
2519 2422
2520 2452
2521 2467
2522 2454
2523 2465
2524 2457
2525 2462
2526 2492
2527 2507
2528 2495
2529 2504
2530 2498
2531 2501
2532 2532
2533 2547
2534 2535
2535 2544
2536 2537
2537 2542
2538 2539
2539 2540
2540 2297
2541 2302
2542 2299
2543 2300
2544 2334
2545 2345
2546 2336
2547 2343
2548 2338
2549 2341
2550 2375
2551 2384
2552 2378
2553 2381
2554 2174
2555 2185
2556 2177
2557 2182
2558 2212
2559 2227
2560 2214
2561 2225
2562 2217
2563 2222
2564 2219
2565 2220
2566 2258
2567 2261
2568 1578
2569 1581
2570 1539
2571 1540
2572 1537
2573 1542
2574 1534
2575 1545
2576 1532
2577 1547
2578 1497
2579 1502
2580 1494
2581 1505
2582 1698
2583 1701
2584 1695
2585 1704
2586 1658
2587 1661
2588 1656
2589 1663
2590 1654
2591 1665
2592 1619
2593 1620
2594 1617
2595 1622
2596 1859
2597 1860
2598 1857
2599 1862
2600 1855
2601 1864
2602 1852
2603 1867
2604 1818
2605 1821
2606 1815
2607 1824
2608 1812
2609 1827
2610 1777
2611 1782
2612 1774
2613 1785
2614 1772
2615 1787
2616 1737
2617 1742
2618 1734
2619 1745
2620 1732
2621 1747
2622 2016
2623 2023
2624 2415
2625 2424
2626 2418
2627 2421
2628 2453
2629 2466
2630 2455
2631 2464
2632 2458
2633 2461
2634 2493
2635 2506
2636 2496
2637 2503
2638 2499
2639 2500
2640 2533
2641 2546
2642 2337
2643 2342
2644 2339
2645 2340
2646 2376
2647 2383
2648 2379
2649 2380
2650 2175
2651 2184
2652 2178
2653 2181
2654 2179
2655 2180
2656 2215
2657 2224
2658 2218
2659 2221
2660 1538
2661 1541
2662 1535
2663 1544
2664 1499
2665 1500
2666 1498
2667 1501
2668 1495
2669 1504
2670 1699
2671 1700
2672 1696
2673 1703
2674 1659
2675 1660
2676 1657
2677 1662
2678 1853
2679 1866
2680 1819
2681 1820
2682 1816
2683 1823
2684 1813
2685 1826
2686 1778
2687 1781
2688 1775
2689 1784
2690 1773
2691 1786
2692 1738
2693 1741
2694 1735
2695 1744
9999 329
9999 330
9999 331
9999 348
9999 349
9999 350
9999 1009
9999 1010
9999 1011
9999 1028
9999 1029
9999 1030
9999 1689
9999 1690
9999 1691
9999 1708
9999 1709
9999 1710
9999 2369
9999 2370
9999 2371
9999 2388
9999 2389
9999 2390
