0   0.05   30    30
1   0.05   30    30
2   0.05   30    30
3   0.05   30    30
4   0.05   30    30
5   0.05   30    30
6   0.05   30    30
7   0.05   30    30
8   0.05   30    30
9   0.05   30    30
10   0.05   30    30
11   0.05   30    30
12   0.05   30    30
13   0.05   30    30
14   0.05   30    30
15   0.05   30    30
16   0.05   30    30
17   0.05   30    30
18   0.05   30    30
19   0.05   30    30
20   0.05   30    30
21   0.05   30    30
22   0.05   30    30
23   0.05   30    30
24   0.05   30    30
25   0.05   30    30
26   0.05   30    30
27   0.05   30    30
28   0.05   30    30
29   0.05   30    30
30   0.05   30    30
31   0.05   30    30
32   0.05   30    30
33   0.05   30    30
34   0.05   30    30
35   0.05   30    30
36   0.05   30    30
37   0.05   30    30
38   0.05   30    30
39   0.05   30    30
40   0.05   30    30
41   0.05   30    30
42   0.05   30    30
43   0.05   30    30
44   0.05   30    30
45   0.05   30    30
46   0.05   30    30
47   0.05   30    30
48   0.05   30    30
49   0.05   30    30
50   0.05   30    30
51   0.05   30    30
52   0.05   30    30
53   0.05   30    30
54   0.05   30    30
55   0.05   30    30
56   0.05   30    30
57   0.05   30    30
58   0.05   30    30
59   0.05   30    30
60   0.05   30    30
61   0.05   30    30
62   0.05   30    30
63   0.05   30    30
64   0.05   30    30
65   0.05   30    30
66   0.05   30    30
67   0.05   30    30
68   0.05   30    30
69   0.05   30    30
70   0.05   30    30
71   0.05   30    30
72   0.05   30    30
73   0.05   30    30
74   0.05   30    30
75   0.05   30    30
76   0.05   30    30
77   0.05   30    30
78   0.05   30    30
79   0.05   30    30
80   0.05   30    30
81   0.05   30    30
82   0.05   30    30
83   0.05   30    30
84   0.05   30    30
85   0.05   30    30
86   0.05   30    30
87   0.05   30    30
88   0.05   30    30
89   0.05   30    30
90   0.05   30    30
91   0.05   30    30
92   0.05   30    30
93   0.05   30    30
94   0.05   30    30
95   0.05   30    30
96   0.05   30    30
97   0.05   30    30
98   0.05   30    30
99   0.05   30    30
100   0.05   30    30
101   0.05   30    30
102   0.05   30    30
103   0.05   30    30
104   0.05   30    30
105   0.05   30    30
106   0.05   30    30
107   0.05   30    30
108   0.05   30    30
109   0.05   30    30
110   0.05   30    30
111   0.05   30    30
112   0.05   30    30
113   0.05   30    30
114   0.05   30    30
115   0.05   30    30
116   0.05   30    30
117   0.05   30    30
118   0.05   30    30
119   0.05   30    30
120   0.05   30    30
121   0.05   30    30
122   0.05   30    30
123   0.05   30    30
124   0.05   30    30
125   0.05   30    30
126   0.05   30    30
127   0.05   30    30
128   0.05   30    30
129   0.05   30    30
130   0.05   30    30
131   0.05   30    30
132   0.05   30    30
133   0.05   30    30
134   0.05   30    30
135   0.05   30    30
136   0.05   30    30
137   0.05   30    30
138   0.05   30    30
139   0.05   30    30
140   0.05   30    30
141   0.05   30    30
142   0.05   30    30
143   0.05   30    30
144   0.05   30    30
145   0.05   30    30
146   0.05   30    30
147   0.05   30    30
148   0.05   30    30
149   0.05   30    30
150   0.05   30    30
151   0.05   30    30
152   0.05   30    30
153   0.05   30    30
154   0.05   30    30
155   0.05   30    30
156   0.05   30    30
157   0.05   30    30
158   0.05   30    30
159   0.05   30    30
160   0.05   30    30
161   0.05   30    30
162   0.05   30    30
163   0.05   30    30
164   0.05   30    30
165   0.05   30    30
166   0.05   30    30
167   0.05   30    30
168   0.05   30    30
169   0.05   30    30
170   0.05   30    30
171   0.05   30    30
172   0.05   30    30
173   0.05   30    30
174   0.05   30    30
175   0.05   30    30
176   0.05   30    30
177   0.05   30    30
178   0.05   30    30
179   0.05   30    30
180   0.05   30    30
181   0.05   30    30
182   0.05   30    30
183   0.05   30    30
184   0.05   30    30
185   0.05   30    30
186   0.05   30    30
187   0.05   30    30
188   0.05   30    30
189   0.05   30    30
190   0.05   30    30
191   0.05   30    30
192   0.05   30    30
193   0.05   30    30
194   0.05   30    30
195   0.05   30    30
196   0.05   30    30
197   0.05   30    30
198   0.05   30    30
199   0.05   30    30
200   0.05   30    30
201   0.05   30    30
202   0.05   30    30
203   0.05   30    30
204   0.05   30    30
205   0.05   30    30
206   0.05   30    30
207   0.05   30    30
208   0.05   30    30
209   0.05   30    30
210   0.05   30    30
211   0.05   30    30
212   0.05   30    30
213   0.05   30    30
214   0.05   30    30
215   0.05   30    30
216   0.05   30    30
217   0.05   30    30
218   0.05   30    30
219   0.05   30    30
220   0.05   30    30
221   0.05   30    30
222   0.05   30    30
223   0.05   30    30
224   0.05   30    30
225   0.05   30    30
226   0.05   30    30
227   0.05   30    30
228   0.05   30    30
229   0.05   30    30
230   0.05   30    30
231   0.05   30    30
232   0.05   30    30
233   0.05   30    30
234   0.05   30    30
235   0.05   30    30
236   0.05   30    30
237   0.05   30    30
238   0.05   30    30
239   0.05   30    30
240   0.05   30    30
241   0.05   30    30
242   0.05   30    30
243   0.05   30    30
244   0.05   30    30
245   0.05   30    30
246   0.05   30    30
247   0.05   30    30
248   0.05   30    30
249   0.05   30    30
250   0.05   30    30
251   0.05   30    30
252   0.05   30    30
253   0.05   30    30
254   0.05   30    30
255   0.05   30    30
256   0.05   30    30
257   0.05   30    30
258   0.05   30    30
259   0.05   30    30
260   0.05   30    30
261   0.05   30    30
262   0.05   30    30
263   0.05   30    30
264   0.05   30    30
265   0.05   30    30
266   0.05   30    30
267   0.05   30    30
268   0.05   30    30
269   0.05   30    30
270   0.05   30    30
271   0.05   30    30
272   0.05   30    30
273   0.05   30    30
274   0.05   30    30
275   0.05   30    30
276   0.05   30    30
277   0.05   30    30
278   0.05   30    30
279   0.05   30    30
280   0.05   30    30
281   0.05   30    30
282   0.05   30    30
283   0.05   30    30
284   0.05   30    30
285   0.05   30    30
286   0.05   30    30
287   0.05   30    30
288   0.05   30    30
289   0.05   30    30
290   0.05   30    30
291   0.05   30    30
292   0.05   30    30
293   0.05   30    30
294   0.05   30    30
295   0.05   30    30
296   0.05   30    30
297   0.05   30    30
298   0.05   30    30
299   0.05   30    30
300   0.05   30    30
301   0.05   30    30
302   0.05   30    30
303   0.05   30    30
304   0.05   30    30
305   0.05   30    30
306   0.05   30    30
307   0.05   30    30
308   0.05   30    30
309   0.05   30    30
310   0.05   30    30
311   0.05   30    30
312   0.05   30    30
313   0.05   30    30
314   0.05   30    30
315   0.05   30    30
316   0.05   30    30
317   0.05   30    30
318   0.05   30    30
319   0.05   30    30
320   0.05   30    30
321   0.05   30    30
322   0.05   30    30
323   0.05   30    30
324   0.05   30    30
325   0.05   30    30
326   0.05   30    30
327   0.05   30    30
328   0.05   30    30
329   0.05   30    30
330   0.05   30    30
331   0.05   30    30
332   0.05   30    30
333   0.05   30    30
334   0.05   30    30
335   0.05   30    30
336   0.05   30    30
337   0.05   30    30
338   0.05   30    30
339   0.05   30    30
340   0.05   30    30
341   0.05   30    30
342   0.05   30    30
343   0.05   30    30
344   0.05   30    30
345   0.05   30    30
346   0.05   30    30
347   0.05   30    30
348   0.05   30    30
349   0.05   30    30
350   0.05   30    30
351   0.05   30    30
352   0.05   30    30
353   0.05   30    30
354   0.05   30    30
355   0.05   30    30
356   0.05   30    30
357   0.05   30    30
358   0.05   30    30
359   0.05   30    30
360   0.05   30    30
361   0.05   30    30
362   0.05   30    30
363   0.05   30    30
364   0.05   30    30
365   0.05   30    30
366   0.05   30    30
367   0.05   30    30
368   0.05   30    30
369   0.05   30    30
370   0.05   30    30
371   0.05   30    30
372   0.05   30    30
373   0.05   30    30
374   0.05   30    30
375   0.05   30    30
376   0.05   30    30
377   0.05   30    30
378   0.05   30    30
379   0.05   30    30
380   0.05   30    30
381   0.05   30    30
382   0.05   30    30
383   0.05   30    30
384   0.05   30    30
385   0.05   30    30
386   0.05   30    30
387   0.05   30    30
388   0.05   30    30
389   0.05   30    30
390   0.05   30    30
391   0.05   30    30
392   0.05   30    30
393   0.05   30    30
394   0.05   30    30
395   0.05   30    30
396   0.05   30    30
397   0.05   30    30
398   0.05   30    30
399   0.05   30    30
400   0.05   30    30
401   0.05   30    30
402   0.05   30    30
403   0.05   30    30
404   0.05   30    30
405   0.05   30    30
406   0.05   30    30
407   0.05   30    30
408   0.05   30    30
409   0.05   30    30
410   0.05   30    30
411   0.05   30    30
412   0.05   30    30
413   0.05   30    30
414   0.05   30    30
415   0.05   30    30
416   0.05   30    30
417   0.05   30    30
418   0.05   30    30
419   0.05   30    30
420   0.05   30    30
421   0.05   30    30
422   0.05   30    30
423   0.05   30    30
424   0.05   30    30
425   0.05   30    30
426   0.05   30    30
427   0.05   30    30
428   0.05   30    30
429   0.05   30    30
430   0.05   30    30
431   0.05   30    30
432   0.05   30    30
433   0.05   30    30
434   0.05   30    30
435   0.05   30    30
436   0.05   30    30
437   0.05   30    30
438   0.05   30    30
439   0.05   30    30
440   0.05   30    30
441   0.05   30    30
442   0.05   30    30
443   0.05   30    30
444   0.05   30    30
445   0.05   30    30
446   0.05   30    30
447   0.05   30    30
448   0.05   30    30
449   0.05   30    30
450   0.05   30    30
451   0.05   30    30
452   0.05   30    30
453   0.05   30    30
454   0.05   30    30
455   0.05   30    30
456   0.05   30    30
457   0.05   30    30
458   0.05   30    30
459   0.05   30    30
460   0.05   30    30
461   0.05   30    30
462   0.05   30    30
463   0.05   30    30
464   0.05   30    30
465   0.05   30    30
466   0.05   30    30
467   0.05   30    30
468   0.05   30    30
469   0.05   30    30
470   0.05   30    30
471   0.05   30    30
472   0.05   30    30
473   0.05   30    30
474   0.05   30    30
475   0.05   30    30
476   0.05   30    30
477   0.05   30    30
478   0.05   30    30
479   0.05   30    30
480   0.05   30    30
481   0.05   30    30
482   0.05   30    30
483   0.05   30    30
484   0.05   30    30
485   0.05   30    30
486   0.05   30    30
487   0.05   30    30
488   0.05   30    30
489   0.05   30    30
490   0.05   30    30
491   0.05   30    30
492   0.05   30    30
493   0.05   30    30
494   0.05   30    30
495   0.05   30    30
496   0.05   30    30
497   0.05   30    30
498   0.05   30    30
499   0.05   30    30
500   0.05   30    30
501   0.05   30    30
502   0.05   30    30
503   0.05   30    30
504   0.05   30    30
505   0.05   30    30
506   0.05   30    30
507   0.05   30    30
508   0.05   30    30
509   0.05   30    30
510   0.05   30    30
511   0.05   30    30
512   0.05   30    30
513   0.05   30    30
514   0.05   30    30
515   0.05   30    30
516   0.05   30    30
517   0.05   30    30
518   0.05   30    30
519   0.05   30    30
520   0.05   30    30
521   0.05   30    30
522   0.05   30    30
523   0.05   30    30
524   0.05   30    30
525   0.05   30    30
526   0.05   30    30
527   0.05   30    30
528   0.05   30    30
529   0.05   30    30
530   0.05   30    30
531   0.05   30    30
532   0.05   30    30
533   0.05   30    30
534   0.05   30    30
535   0.05   30    30
536   0.05   30    30
537   0.05   30    30
538   0.05   30    30
539   0.05   30    30
540   0.05   30    30
541   0.05   30    30
542   0.05   30    30
543   0.05   30    30
544   0.05   30    30
545   0.05   30    30
546   0.05   30    30
547   0.05   30    30
548   0.05   30    30
549   0.05   30    30
550   0.05   30    30
551   0.05   30    30
552   0.05   30    30
553   0.05   30    30
554   0.05   30    30
555   0.05   30    30
556   0.05   30    30
557   0.05   30    30
558   0.05   30    30
559   0.05   30    30
560   0.05   30    30
561   0.05   30    30
562   0.05   30    30
563   0.05   30    30
564   0.05   30    30
565   0.05   30    30
566   0.05   30    30
567   0.05   30    30
568   0.05   30    30
569   0.05   30    30
570   0.05   30    30
571   0.05   30    30
572   0.05   30    30
573   0.05   30    30
574   0.05   30    30
575   0.05   30    30
576   0.05   30    30
577   0.05   30    30
578   0.05   30    30
579   0.05   30    30
580   0.05   30    30
581   0.05   30    30
582   0.05   500   500
583   0.05   30    30
584   0.05   30    30
585   0.05   30    30
586   0.05   30    30
587   0.05   30    30
588   0.05   30    30
589   0.05   30    30
590   0.05   30    30
591   0.05   30    30
592   0.05   30    30
593   0.05   30    30
594   0.05   30    30
595   0.05   30    30
596   0.05   30    30
597   0.05   30    30
598   0.05   30    30
599   0.05   30    30
600   0.05   30    30
601   0.05   30    30
602   0.05   30    30
603   0.05   30    30
604   0.05   30    30
605   0.05   30    30
606   0.05   30    30
607   0.05   30    30
608   0.05   30    30
609   0.05   500   500
610   0.05   500   500
611   0.05   30    30
612   0.05   30    30
613   0.05   30    30
614   0.05   30    30
615   0.05   30    30
616   0.05   30    30
617   0.05   30    30
618   0.05   30    30
619   0.05   30    30
620   0.05   30    30
621   0.05   30    30
622   0.05   30    30
623   0.05   30    30
624   0.05   30    30
625   0.05   30    30
626   0.05   30    30
627   0.05   30    30
628   0.05   30    30
629   0.05   30    30
630   0.05   30    30
631   0.05   30    30
632   0.05   30    30
633   0.05   30    30
634   0.05   30    30
635   0.05   30    30
636   0.05   30    30
637   0.05   500   500
638   0.05   30    30
639   0.05   30    30
640   0.05   30    30
641   0.05   30    30
642   0.05   30    30
643   0.05   30    30
644   0.05   30    30
645   0.05   30    30
646   0.05   30    30
647   0.05   30    30
648   0.05   30    30
649   0.05   30    30
650   0.05   30    30
651   0.05   30    30
652   0.05   30    30
653   0.05   30    30
654   0.05   30    30
655   0.05   30    30
656   0.05   30    30
657   0.05   30    30
658   0.05   30    30
659   0.05   30    30
660   0.05   30    30
661   0.05   30    30
662   0.05   30    30
663   0.05   30    30
664   0.05   30    30
665   0.05   30    30
666   0.05   30    30
667   0.05   30    30
668   0.05   30    30
669   0.05   30    30
670   0.05   30    30
671   0.05   30    30
672   0.05   30    30
673   0.05   30    30
674   0.05   30    30
675   0.05   30    30
676   0.05   30    30
677   0.05   30    30
678   0.05   30    30
679   0.05   30    30
680   0.05   30    30
681   0.05   30    30
682   0.05   30    30
683   0.05   30    30
684   0.05   30    30
685   0.05   30    30
686   0.05   30    30
687   0.05   30    30
688   0.05   30    30
689   0.05   30    30
690   0.05   30    30
691   0.05   30    30
692   0.05   30    30
693   0.05   30    30
694   0.05   30    30
695   0.05   30    30
696   0.05   30    30
697   0.05   30    30
698   0.05   30    30
699   0.05   30    30
700   0.05   30    30
701   0.05   30    30
702   0.05   30    30
703   0.05   30    30
704   0.05   30    30
705   0.05   30    30
706   0.05   30    30
707   0.05   30    30
708   0.05   30    30
709   0.05   30    30
710   0.05   30    30
711   0.05   30    30
712   0.05   30    30
713   0.05   30    30
714   0.05   30    30
715   0.05   30    30
716   0.05   30    30
717   0.05   30    30
718   0.05   30    30
719   0.05   30    30
720   0.05   30    30
721   0.05   30    30
722   0.05   30    30
723   0.05   30    30
724   0.05   30    30
725   0.05   30    30
726   0.05   30    30
727   0.05   30    30
728   0.05   30    30
729   0.05   30    30
730   0.05   30    30
731   0.05   30    30
732   0.05   30    30
733   0.05   30    30
734   0.05   30    30
735   0.05   30    30
736   0.05   30    30
737   0.05   30    30
738   0.05   30    30
739   0.05   30    30
740   0.05   30    30
741   0.05   30    30
742   0.05   30    30
743   0.05   30    30
744   0.05   30    30
745   0.05   30    30
746   0.05   30    30
747   0.05   30    30
748   0.05   30    30
749   0.05   30    30
750   0.05   30    30
751   0.05   30    30
752   0.05   30    30
753   0.05   30    30
754   0.05   30    30
755   0.05   30    30
756   0.05   30    30
757   0.05   30    30
758   0.05   30    30
759   0.05   30    30
760   0.05   30    30
761   0.05   30    30
762   0.05   30    30
763   0.05   30    30
764   0.05   30    30
765   0.05   30    30
766   0.05   30    30
767   0.05   30    30
768   0.05   30    30
769   0.05   30    30
770   0.05   30    30
771   0.05   30    30
772   0.05   30    30
773   0.05   30    30
774   0.05   30    30
775   0.05   30    30
776   0.05   30    30
777   0.05   30    30
778   0.05   30    30
779   0.05   30    30
780   0.05   30    30
781   0.05   30    30
782   0.05   30    30
783   0.05   30    30
784   0.05   30    30
785   0.05   30    30
786   0.05   30    30
787   0.05   30    30
788   0.05   30    30
789   0.05   30    30
790   0.05   30    30
791   0.05   30    30
792   0.05   30    30
793   0.05   30    30
794   0.05   30    30
795   0.05   30    30
796   0.05   30    30
797   0.05   30    30
798   0.05   30    30
799   0.05   30    30
800   0.05   30    30
801   0.05   30    30
802   0.05   30    30
803   0.05   30    30
804   0.05   30    30
805   0.05   30    30
806   0.05   30    30
807   0.05   30    30
808   0.05   30    30
809   0.05   30    30
810   0.05   30    30
811   0.05   30    30
812   0.05   30    30
813   0.05   30    30
814   0.05   30    30
815   0.05   30    30
816   0.05   30    30
817   0.05   30    30
818   0.05   30    30
819   0.05   30    30
820   0.05   30    30
821   0.05   30    30
822   0.05   30    30
823   0.05   30    30
824   0.05   30    30
825   0.05   30    30
826   0.05   30    30
827   0.05   30    30
828   0.05   30    30
829   0.05   30    30
830   0.05   30    30
831   0.05   30    30
832   0.05   30    30
833   0.05   30    30
834   0.05   30    30
835   0.05   30    30
836   0.05   30    30
837   0.05   30    30
838   0.05   30    30
839   0.05   30    30
840   0.05   30    30
841   0.05   30    30
842   0.05   30    30
843   0.05   30    30
844   0.05   30    30
845   0.05   30    30
846   0.05   30    30
847   0.05   30    30
848   0.05   30    30
849   0.05   30    30
850   0.05   30    30
851   0.05   30    30
852   0.05   30    30
853   0.05   30    30
854   0.05   30    30
855   0.05   30    30
856   0.05   30    30
857   0.05   30    30
858   0.05   30    30
859   0.05   30    30
860   0.05   30    30
861   0.05   30    30
862   0.05   30    30
863   0.05   30    30
864   0.05   30    30
865   0.05   30    30
866   0.05   30    30
867   0.05   30    30
868   0.05   30    30
869   0.05   30    30
870   0.05   30    30
871   0.05   30    30
872   0.05   30    30
873   0.05   30    30
874   0.05   30    30
875   0.05   30    30
876   0.05   30    30
877   0.05   30    30
878   0.05   30    30
879   0.05   30    30
880   0.05   30    30
881   0.05   30    30
882   0.05   30    30
883   0.05   30    30
884   0.05   30    30
885   0.05   30    30
886   0.05   30    30
887   0.05   30    30
888   0.05   30    30
889   0.05   30    30
890   0.05   30    30
891   0.05   30    30
892   0.05   30    30
893   0.05   30    30
894   0.05   30    30
895   0.05   30    30
896   0.05   30    30
897   0.05   30    30
898   0.05   30    30
899   0.05   30    30
900   0.05   30    30
901   0.05   30    30
902   0.05   30    30
903   0.05   30    30
904   0.05   30    30
905   0.05   30    30
906   0.05   30    30
907   0.05   30    30
908   0.05   30    30
909   0.05   30    30
910   0.05   30    30
911   0.05   30    30
912   0.05   30    30
913   0.05   30    30
914   0.05   30    30
915   0.05   30    30
916   0.05   30    30
917   0.05   30    30
918   0.05   30    30
919   0.05   30    30
920   0.05   30    30
921   0.05   30    30
922   0.05   30    30
923   0.05   30    30
924   0.05   30    30
925   0.05   30    30
926   0.05   30    30
927   0.05   30    30
928   0.05   30    30
929   0.05   30    30
930   0.05   30    30
931   0.05   30    30
932   0.05   30    30
933   0.05   30    30
934   0.05   30    30
935   0.05   30    30
936   0.05   30    30
937   0.05   30    30
938   0.05   30    30
939   0.05   30    30
940   0.05   30    30
941   0.05   30    30
942   0.05   30    30
943   0.05   30    30
944   0.05   30    30
945   0.05   30    30
946   0.05   30    30
947   0.05   30    30
948   0.05   30    30
949   0.05   30    30
950   0.05   30    30
951   0.05   30    30
952   0.05   30    30
953   0.05   30    30
954   0.05   30    30
955   0.05   30    30
956   0.05   30    30
957   0.05   30    30
958   0.05   30    30
959   0.05   30    30
960   0.05   30    30
961   0.05   30    30
962   0.05   30    30
963   0.05   30    30
964   0.05   30    30
965   0.05   30    30
966   0.05   30    30
967   0.05   30    30
968   0.05   30    30
969   0.05   30    30
970   0.05   30    30
971   0.05   30    30
972   0.05   30    30
973   0.05   30    30
974   0.05   30    30
975   0.05   30    30
976   0.05   30    30
977   0.05   30    30
978   0.05   30    30
979   0.05   30    30
980   0.05   30    30
981   0.05   30    30
982   0.05   30    30
983   0.05   30    30
984   0.05   30    30
985   0.05   30    30
986   0.05   30    30
987   0.05   30    30
988   0.05   30    30
989   0.05   30    30
990   0.05   30    30
991   0.05   30    30
992   0.05   30    30
993   0.05   30    30
994   0.05   30    30
995   0.05   30    30
996   0.05   30    30
997   0.05   30    30
998   0.05   30    30
999   0.05   30    30
1000   0.05   30    30
1001   0.05   30    30
1002   0.05   30    30
1003   0.05   30    30
1004   0.05   30    30
1005   0.05   30    30
1006   0.05   30    30
1007   0.05   30    30
1008   0.05   30    30
1009   0.05   30    30
1010   0.05   30    30
1011   0.05   30    30
1012   0.05   30    30
1013   0.05   30    30
1014   0.05   30    30
1015   0.05   30    30
1016   0.05   30    30
1017   0.05   30    30
1018   0.05   30    30
1019   0.05   30    30
1020   0.05   30    30
1021   0.05   30    30
1022   0.05   30    30
1023   0.05   30    30
1024   0.05   30    30
1025   0.05   30    30
1026   0.05   30    30
1027   0.05   30    30
1028   0.05   30    30
1029   0.05   30    30
1030   0.05   30    30
1031   0.05   30    30
1032   0.05   30    30
1033   0.05   30    30
1034   0.05   30    30
1035   0.05   30    30
1036   0.05   30    30
1037   0.05   30    30
1038   0.05   30    30
1039   0.05   30    30
1040   0.05   30    30
1041   0.05   30    30
1042   0.05   30    30
1043   0.05   30    30
1044   0.05   30    30
1045   0.05   30    30
1046   0.05   30    30
1047   0.05   30    30
1048   0.05   30    30
1049   0.05   30    30
1050   0.05   30    30
1051   0.05   30    30
1052   0.05   30    30
1053   0.05   30    30
1054   0.05   30    30
1055   0.05   30    30
1056   0.05   30    30
1057   0.05   30    30
1058   0.05   30    30
1059   0.05   30    30
1060   0.05   30    30
1061   0.05   30    30
1062   0.05   30    30
1063   0.05   30    30
1064   0.05   30    30
1065   0.05   30    30
1066   0.05   30    30
1067   0.05   30    30
1068   0.05   30    30
1069   0.05   30    30
1070   0.05   30    30
1071   0.05   30    30
1072   0.05   30    30
1073   0.05   30    30
1074   0.05   30    30
1075   0.05   30    30
1076   0.05   30    30
1077   0.05   30    30
1078   0.05   30    30
1079   0.05   30    30
1080   0.05   30    30
1081   0.05   30    30
1082   0.05   30    30
1083   0.05   30    30
1084   0.05   30    30
1085   0.05   30    30
1086   0.05   30    30
1087   0.05   30    30
1088   0.05   30    30
1089   0.05   30    30
1090   0.05   30    30
1091   0.05   30    30
1092   0.05   30    30
1093   0.05   30    30
1094   0.05   30    30
1095   0.05   30    30
1096   0.05   30    30
1097   0.05   30    30
1098   0.05   30    30
1099   0.05   30    30
1100   0.05   30    30
1101   0.05   30    30
1102   0.05   30    30
1103   0.05   30    30
1104   0.05   30    30
1105   0.05   30    30
1106   0.05   30    30
1107   0.05   30    30
1108   0.05   30    30
1109   0.05   30    30
1110   0.05   30    30
1111   0.05   30    30
1112   0.05   30    30
1113   0.05   30    30
1114   0.05   30    30
1115   0.05   30    30
1116   0.05   30    30
1117   0.05   30    30
1118   0.05   30    30
1119   0.05   30    30
1120   0.05   30    30
1121   0.05   30    30
1122   0.05   30    30
1123   0.05   30    30
1124   0.05   30    30
1125   0.05   30    30
1126   0.05   30    30
1127   0.05   30    30
1128   0.05   30    30
1129   0.05   30    30
1130   0.05   30    30
1131   0.05   30    30
1132   0.05   30    30
1133   0.05   30    30
1134   0.05   30    30
1135   0.05   30    30
1136   0.05   30    30
1137   0.05   30    30
1138   0.05   30    30
1139   0.05   30    30
1140   0.05   30    30
1141   0.05   30    30
1142   0.05   30    30
1143   0.05   30    30
1144   0.05   30    30
1145   0.05   30    30
1146   0.05   30    30
1147   0.05   30    30
1148   0.05   30    30
1149   0.05   30    30
1150   0.05   30    30
1151   0.05   30    30
1152   0.05   30    30
1153   0.05   30    30
1154   0.05   30    30
1155   0.05   30    30
1156   0.05   30    30
1157   0.05   30    30
1158   0.05   30    30
1159   0.05   30    30
1160   0.05   30    30
1161   0.05   30    30
1162   0.05   30    30
1163   0.05   30    30
1164   0.05   30    30
1165   0.05   30    30
1166   0.05   30    30
1167   0.05   30    30
1168   0.05   30    30
1169   0.05   30    30
1170   0.05   30    30
1171   0.05   30    30
1172   0.05   30    30
1173   0.05   30    30
1174   0.05   30    30
1175   0.05   30    30
1176   0.05   30    30
1177   0.05   30    30
1178   0.05   30    30
1179   0.05   30    30
1180   0.05   30    30
1181   0.05   30    30
1182   0.05   30    30
1183   0.05   30    30
1184   0.05   30    30
1185   0.05   30    30
1186   0.05   30    30
1187   0.05   30    30
1188   0.05   30    30
1189   0.05   30    30
1190   0.05   30    30
1191   0.05   30    30
1192   0.05   30    30
1193   0.05   30    30
1194   0.05   30    30
1195   0.05   30    30
1196   0.05   30    30
1197   0.05   30    30
1198   0.05   30    30
1199   0.05   30    30
1200   0.05   30    30
1201   0.05   30    30
1202   0.05   30    30
1203   0.05   30    30
1204   0.05   30    30
1205   0.05   30    30
1206   0.05   30    30
1207   0.05   30    30
1208   0.05   30    30
1209   0.05   30    30
1210   0.05   30    30
1211   0.05   30    30
1212   0.05   30    30
1213   0.05   30    30
1214   0.05   30    30
1215   0.05   30    30
1216   0.05   30    30
1217   0.05   30    30
1218   0.05   30    30
1219   0.05   30    30
1220   0.05   30    30
1221   0.05   30    30
1222   0.05   30    30
1223   0.05   30    30
1224   0.05   30    30
1225   0.05   30    30
1226   0.05   30    30
1227   0.05   30    30
1228   0.05   30    30
1229   0.05   30    30
1230   0.05   30    30
1231   0.05   30    30
1232   0.05   30    30
1233   0.05   30    30
1234   0.05   30    30
1235   0.05   30    30
1236   0.05   30    30
1237   0.05   30    30
1238   0.05   30    30
1239   0.05   30    30
1240   0.05   30    30
1241   0.05   30    30
1242   0.05   30    30
1243   0.05   30    30
1244   0.05   30    30
1245   0.05   30    30
1246   0.05   30    30
1247   0.05   30    30
1248   0.05   30    30
1249   0.05   30    30
1250   0.05   30    30
1251   0.05   30    30
1252   0.05   30    30
1253   0.05   30    30
1254   0.05   30    30
1255   0.05   30    30
1256   0.05   30    30
1257   0.05   30    30
1258   0.05   30    30
1259   0.05   30    30
1260   0.05   30    30
1261   0.05   30    30
1262   0.05   30    30
1263   0.05   30    30
1264   0.05   30    30
1265   0.05   30    30
1266   0.05   30    30
1267   0.05   30    30
1268   0.05   30    30
1269   0.05   30    30
1270   0.05   30    30
1271   0.05   30    30
1272   0.05   30    30
1273   0.05   30    30
1274   0.05   30    30
1275   0.05   30    30
1276   0.05   30    30
1277   0.05   30    30
1278   0.05   30    30
1279   0.05   30    30
1280   0.05   30    30
1281   0.05   30    30
1282   0.05   30    30
1283   0.05   30    30
1284   0.05   30    30
1285   0.05   30    30
1286   0.05   30    30
1287   0.05   30    30
1288   0.05   30    30
1289   0.05   30    30
1290   0.05   30    30
1291   0.05   30    30
1292   0.05   30    30
1293   0.05   30    30
1294   0.05   30    30
1295   0.05   30    30
1296   0.05   30    30
1297   0.05   30    30
1298   0.05   30    30
1299   0.05   30    30
1300   0.05   30    30
1301   0.05   30    30
1302   0.05   30    30
1303   0.05   30    30
1304   0.05   30    30
1305   0.05   30    30
1306   0.05   30    30
1307   0.05   30    30
1308   0.05   30    30
1309   0.05   30    30
1310   0.05   30    30
1311   0.05   30    30
1312   0.05   30    30
1313   0.05   30    30
1314   0.05   30    30
1315   0.05   30    30
1316   0.05   30    30
1317   0.05   30    30
1318   0.05   30    30
1319   0.05   30    30
1320   0.05   30    30
1321   0.05   30    30
1322   0.05   30    30
1323   0.05   30    30
1324   0.05   30    30
1325   0.05   30    30
1326   0.05   30    30
1327   0.05   30    30
1328   0.05   30    30
1329   0.05   30    30
1330   0.05   30    30
1331   0.05   30    30
1332   0.05   30    30
1333   0.05   30    30
1334   0.05   30    30
1335   0.05   30    30
1336   0.05   30    30
1337   0.05   30    30
1338   0.05   30    30
1339   0.05   30    30
1340   0.05   30    30
1341   0.05   30    30
1342   0.05   30    30
1343   0.05   30    30
1344   0.05   30    30
1345   0.05   30    30
1346   0.05   30    30
1347   0.05   30    30
