tensor_sequential1dense1BiasAddReadVariableOp0 5
3.95117021 0 -4.19677019 -0.242374584 0
tensor_sequential1dense12CastReadVariableOp0 50
-0.705076814 -0.432341874 -0.553150296 0.21540308 -0.351793796 0.476246953 -0.106644973 -0.417871863 -0.0440464132 0.177883551 -0.16141963 -0.47916162 0.606347501 0.366820812 -0.230519354 -0.472491771 0.313038588 0.386520803 0.371591628 -0.224177033 0.457869917 -0.171457827 0.519692957 -0.278755456 -0.38365525 -0.329625219 0.141675428 -0.350409567 0.103589013 -0.0581277721 0.432253748 -0.301287413 -0.615136921 0.0705423355 0.448004067 -2.0370698 -0.893573642 -0.030412674 0.35889414 -0.297698051 -0.367111266 0.301380754 -0.571814477 -0.362872422 0.073617816 0.193396747 0.336626947 0.388768613 -0.599104285 0.534656346
tensor_sequential1dense12BiasAddReadVariableOp0 10
-2.48500657 0 -3.64792609 0 0 4.17723703 -2.36129212 0 2.68298984 2.38057661
tensor_sequential1dense21BiasAddReadVariableOp0 5
3.48705363 -3.67133808 -0.0374668688 -3.27729893 -3.68775105
tensor_sequential1dense1CastReadVariableOp0 20
0.836482465 -0.212255061 0.0658833757 -0.730508149 0.558905005 0.485133708 -0.564192295 0.523953795 -0.0750864968 -0.673678458 1.23919535 0.296814561 -0.67768687 -3.03104234 -0.0644903779 -5.03836155 0.609472513 3.84570956 -5.23402023 -0.525624335
tensor_sequential1dense21CastReadVariableOp0 50
0.115136102 -0.436833829 0.30147469 0.27063179 0.270309329 0.197524309 -0.497536033 0.0962924361 0.301537275 -0.469570994 -0.300404757 0.271288723 -0.328934014 0.600233972 0.0958410427 -0.342013776 0.460635483 -0.492932588 0.0162852407 0.40738827 0.369479835 -0.610442698 0.217112422 -0.558332384 0.355603456 0.753055334 -0.311895877 0.441717386 0.203458861 -0.0115984064 -0.00314931269 -0.259888023 -0.360559404 0.32812199 0.161191747 -0.248590976 0.301618695 0.0615119934 -0.583952665 -0.0536812544 0.148783773 0.110628158 -0.348669648 -0.313134849 0.324738473 0.23614575 0.276106864 -0.546891332 -0.116325177 -0.168601051
tensor_sequential1dense31AddReadVariableOp0 1
3.68641305
tensor_sequential1dense31CastReadVariableOp0 5
0.151621565 -0.436080575 -0.779650092 -0.385260344 -0.245328888
