tensor_sequentialdenseBiasAddReadVariableOp0 7
-0.566621602 0.701894641 0.399886638 0.619448483 0.193291575 0.269384533 -0.422419637
tensor_sequentialdense1MatMulReadVariableOp0 49
-1.58893955 1.44853806 0.732417822 1.77090371 1.60104001 1.43105078 -1.79879272 0.787856936 -0.676988363 -1.23295927 -0.620969176 -0.633426189 -0.656923354 1.25325453 1.1760149 -1.84740961 -1.13780153 -1.23290932 -1.55833137 -1.33127034 1.70087469 0.594606936 -1.04156625 -0.301720113 -0.676518023 -0.680781662 -0.766564786 0.681998432 1.29998004 -0.3144041 -0.628608584 -1.15575099 -0.297947526 -0.85817349 1.17424762 1.1868937 -0.87986356 -1.36341929 -1.12639391 -1.31573415 -1.12034667 0.202731714 -1.20129061 0.819378376 1.13643205 0.862402976 0.322605968 0.904999495 -0.913763702
tensor_sequentialdense1BiasAddReadVariableOp0 7
-0.189608842 0.49356401 0.299145371 0.172985286 0.480412155 0.28811869 -0.616587937
tensor_sequentialdense2BiasAddReadVariableOp0 6
-0.288381368 0.137570754 0.365000695 0.303222567 -0.165270135 -0.135272056
tensor_sequentialdense2MatMulReadVariableOp0 42
-1.9936682 1.59684598 1.65284026 0.877283096 -1.04642391 -1.12536287 1.6558845 -1.66566062 -0.731061816 -1.35263324 0.842080116 1.39430976 0.454730481 -1.23196113 -1.06990576 -0.725558996 1.12362492 0.746391594 1.62796164 -0.764996648 -1.54364848 -0.476767004 1.33555079 1.23750126 0.673419595 -0.876904249 -1.40396702 -1.61613607 0.808427751 1.58393896 1.62059975 -1.08411336 -1.58937335 -1.69307542 1.6120218 0.768331707 -1.0455302 0.89593786 1.4696666 1.40009415 -1.62354577 -1.70681262
tensor_sequentialdense3BiasAddReadVariableOp0 1
0.186534837
tensor_sequentialdenseMatMulReadVariableOp0 49
0.00445415871 -0.0375222079 0.00427953899 -0.0418638252 0.000945639855 -0.375873595 0.56310761 0.610171735 0.157107383 -1.05960321 -0.152684644 -0.775194645 -0.514385939 -0.277479917 -0.137682289 0.0293092951 0.0348482132 0.34652555 -0.317878515 1.1581372 -0.153227493 -1.91584063 1.83500528 0.503768384 2.04747009 0.184503421 -0.125619426 -0.246436402 0.194236279 -0.658132613 -0.622010887 -0.631466448 -1.13728333 0.645930588 0.488817275 -4.03062201 4.44671869 3.79064274 3.50110364 2.73582578 3.33001304 -3.99736428 0.00807900447 0.759751141 -0.0967001095 1.20479131 -0.218031242 0.697991908 -0.137175336
tensor_sequentialdense3MatMulReadVariableOp0 6
1.81036329 -2.29417396 -1.50148273 -1.32043827 2.13679957 2.02433968
