tensor_dense3bias0 1
-0.267319977
tensor_dense3kernel0 6
-1.44953954 1.57830215 1.6835885 -1.24575913 1.67612672 -1.42794788
tensor_dense2bias0 6
-0.168428451 0.348660111 0.168412358 -0.396757782 0.172566772 -0.00367365568
tensor_dense2kernel0 42
0.116453081 0.176288947 0.909815729 -0.149608567 0.739811718 0.190795481 0.359463155 -1.34640408 -1.29595971 0.828525782 -1.41408134 0.912041306 -1.73239112 1.14905608 1.26389062 -1.13197196 1.09759986 -1.75690961 1.41811657 -0.779245257 -1.46746767 1.12645984 -1.46976638 0.850754917 1.46242821 -1.24344552 -1.66601562 1.34899294 -0.648589969 1.62893641 0.812820077 -1.2945261 -0.788841605 1.70280588 -1.50056851 1.09785199 -1.05100119 1.37230754 1.25109446 -1.61123097 1.4337225 -1.7295754
tensor_dense1bias0 7
0.0331905372 -0.217937917 0.326129049 0.149036467 -0.335194111 -0.356396228 0.163607061
tensor_dense1kernel0 49
-0.140209943 1.23822773 -1.48466754 1.64943385 1.59761786 1.47654307 -1.79677022 0.623725235 -0.731252134 1.28227973 -0.971751153 -1.5254699 -0.909678102 1.21277916 1.56310558 -1.60087478 1.81593406 -1.86096847 -1.47432256 -1.98300397 1.67929006 0.469696909 0.565747738 -1.1262418 0.543271065 1.44417596 1.32668459 -1.04207683 0.857550204 -1.40448534 1.16492534 -1.47820175 -0.797922075 -0.938710392 1.02043796 -0.190484479 -0.0391889773 -0.0759846047 -0.445394218 -0.130241483 -0.123846591 0.433742911 0.198957875 0.555939555 -0.872431159 0.481291234 0.780678332 1.01899385 -1.14770961
tensor_densebias0 7
0.401429832 0.0265926439 -0.134726614 0.268589228 -0.523682833 -0.0278307274 0.157944724
tensor_densekernel0 49
-0.0223558489 -0.021502845 0.014429681 -0.31618306 0.0191122424 0.572634399 -0.385789692 0.213574931 1.00645971 0.875387967 0.119728066 -0.342935443 0.562054157 -0.16031304 1.08310413 -0.330237329 -0.440984726 0.20437181 -1.02446675 -0.536422133 -0.269708008 1.96835232 -1.50688612 -1.07102573 1.30369067 -1.61990786 -0.0954375416 1.33925533 -0.587909579 0.766386151 0.680423737 -1.39813411 0.648737013 -0.313063383 -0.882598519 4.84650135 -3.9939847 -4.79802418 2.74603486 -3.79785967 -1.62750077 2.03046918 0.0753886327 0.331337392 -0.725168705 0.55692637 -0.628119171 -0.104078367 0.669395745
