tensor_dense3kernel0 6
-2.32326317 -1.28914106 1.87569582 1.37539637 1.28820384 1.45947862
tensor_dense2bias0 6
-0.105199143 -0.398535997 0.221802577 0.1211548 0.384487808 0.48019737
tensor_densebias0 7
0.722284496 -0.529624403 0.764210701 -0.233725727 -0.359556615 -0.630548954 0.609221578
tensor_densekernel0 49
-0.0117151449 0.215292424 -0.0234739017 0.00105536217 0.0821127743 0.238448724 -0.0326735191 0.541053891 0.406676948 -0.104409121 0.978412688 0.349829167 -0.326305687 -0.323543102 -0.15426065 -0.651483655 -0.195591822 0.0372229479 -0.00857323688 -0.931888402 0.13227582 2.21336913 -1.43697155 1.93482685 -2.56313205 -0.80483675 -2.05880404 1.58560824 -1.35457683 0.665873885 -1.38273966 1.44111753 -1.70221281 0.0761312395 -0.932778478 2.55081105 -2.20607281 3.3390398 -3.3709774 -2.09288025 -2.10334516 3.26435852 0.229383811 -0.723667562 0.340755761 -0.141343623 -0.401876181 -0.393494844 0.892214894
tensor_dense1kernel0 49
-0.991838694 1.20358372 1.53597522 1.15777254 -1.31489921 0.923312485 1.20099473 0.514366329 -0.530589104 -1.4272356 -1.44105768 0.500654638 -1.41453576 -1.31682372 -1.58864951 1.19073904 1.42839694 1.51448393 -1.20055389 1.01591957 1.32457709 1.03849721 -1.67175376 -1.26662505 -0.584386528 0.726290166 -0.878184378 -1.2526176 0.758100629 -0.306252301 -0.425617039 -0.73307091 0.227494672 0.204406887 0.155830532 1.18002975 -0.321701288 -0.485498995 -0.282102168 1.4067955 -1.21952736 -1.35681903 -1.6188513 0.706927598 1.63495719 1.00884712 -1.42083085 1.59898329 1.00649226
tensor_dense3bias0 1
-0.385066271
tensor_dense1bias0 7
0.0608773492 -0.537909746 -0.39536196 -0.235204011 0.511781096 -0.235568658 -0.0105576282
tensor_dense2kernel0 42
-1.4008733 -0.8848176 1.53826797 1.04104829 1.28910315 1.83825207 0.875014842 0.956438482 0.0641859621 -0.27782461 -0.225287825 -0.605817318 1.22979307 1.47419178 -0.758476496 -1.23763752 -1.21146119 -1.14878368 0.283652544 0.662472785 -1.10383689 -0.707927108 -1.44055927 -0.412708431 -1.45053887 -1.56932211 1.14952338 1.60565019 1.55148971 1.25131953 1.00861549 0.524758339 -1.32967794 -0.568487704 -1.58955598 -1.44846332 0.710721493 0.876535773 -1.38773823 -1.33408678 -0.570860624 -1.59157705
