tensor_dense3bias0 1
0.178966671
tensor_dense3kernel0 6
1.20168364 1.43147528 2.39308214 -1.47834182 -1.77923989 -1.62132621
tensor_dense2bias0 6
0.27408427 0.361127704 0.527734339 -0.197335362 -0.277288616 -0.250326961
tensor_dense2kernel0 42
1.24248981 1.68657136 0.580629408 -1.29594588 -1.52601588 -1.34762144 -1.41932189 -0.64749372 -1.00847006 0.386347026 0.590376198 1.14625442 1.25400734 0.890556216 1.63937497 -1.32650363 -1.39576185 -0.760854185 -0.484269142 -0.219980687 -1.06341076 0.885286033 1.3210001 0.511840403 -1.01292121 -1.68742216 -1.37132204 1.2034663 0.800925195 0.560566783 0.669973969 0.841767192 1.36379969 -1.28470266 -0.669319689 -1.2420491 -0.676661491 -1.36753523 -1.081375 1.44165909 1.16387773 1.50106692
tensor_dense1bias0 7
-0.139500275 -0.0266349036 0.250138432 -0.474096775 -0.0043227002 0.00058805017 -0.419361025
tensor_dense1kernel0 49
1.33627844 -1.08804011 1.47262084 -1.54580998 -1.68976009 1.05805719 -1.12055814 1.23008454 -0.471503854 0.717503071 -1.02277601 -1.05777419 1.3466717 -1.2150625 -1.09453619 1.03351021 -1.0580169 1.74206591 1.69959366 -0.884019434 1.40520537 1.3184247 -1.99197423 1.74704146 -1.23650503 -1.27453685 1.48437679 -1.20843387 0.8351928 -0.682861269 0.937186122 -0.909166634 -1.50940955 1.59290111 -1.11426926 0.369700134 -0.645182908 -0.210700169 0.160646677 -0.0907614604 -0.208749071 0.0856463239 -1.103122 1.73795617 -0.925886631 0.496161044 0.496269315 -0.943492532 1.24332654
tensor_densebias0 7
-0.429622233 -0.604658067 0.521132469 -0.312717199 -0.461810499 -0.392835528 0.476350784
tensor_densekernel0 49
-0.00726429326 -0.00251825852 0.000687693246 0.0123903966 0.0155043583 0.133445725 -0.0113047678 0.85913378 -0.582245767 -0.613664627 0.924752831 0.350442708 0.165493369 -0.139606133 0.381944209 -0.347789913 0.309244007 0.0929005891 -0.591900408 -0.515794754 0.799169123 -1.83798695 -2.25321841 2.24064255 -2.57647204 -2.64294195 0.480600446 2.54768205 0.88557446 0.458795965 -0.538718402 0.996007383 0.419516593 -0.586616576 -0.307902664 -3.57222366 -2.69737005 3.02453923 -3.28388524 -2.99971819 -0.438756734 2.90387464 0.0481776521 -0.362881452 -0.0878590792 -0.824209332 -0.613852561 -0.326257765 0.156067431
