tensor_dense3bias0 1
-0.424803168
tensor_dense3kernel0 6
-1.98095334 1.45180643 1.49335742 -2.25372267 1.99527287 1.14000666
tensor_dense2bias0 6
-0.0921958834 -0.285061151 -0.00404837774 0.136575237 0.164348036 -0.315189987
tensor_dense2kernel0 42
-0.687387109 1.18203032 0.863452911 -1.58470762 1.32770205 1.36319494 -1.47433138 0.852655113 1.2555759 -1.50712752 0.869478345 1.54452336 0.711414695 -0.673189163 -0.203240335 1.02384281 -1.01741076 -0.3898004 1.50701749 -0.685749888 -1.12794423 1.27402556 -0.956788361 -0.686280906 1.46994889 -0.707586467 -1.54622042 1.04188931 -1.43561339 -0.793891251 0.612892628 -1.44158125 -1.28485799 1.02058625 -0.924627602 -1.87253153 -1.25663829 1.56433475 1.44435573 -1.11196816 0.914256513 1.15154648
tensor_dense1bias0 7
0.416312307 0.314409077 -0.235093832 -0.135591686 -0.324452847 -0.20022136 0.31202805
tensor_dense1kernel0 49
-0.0146598723 0.888370931 -0.755939364 -0.561069846 -0.252060384 -0.749444962 0.117405936 1.73620772 0.633452594 -0.332557112 -1.52039349 -1.42090476 -1.21904039 0.882354021 0.746907532 1.58177781 -0.968557537 -0.421127915 -0.611237705 -0.54907012 1.17700016 1.58385122 0.930429637 -0.477171451 -1.01961577 -1.22647667 -1.23314524 1.42929935 -2.17276669 -2.2288146 1.17808247 1.9100703 1.72020841 2.04141903 -1.83160782 -0.463691205 -0.175126776 0.981729507 1.11601329 1.02592492 0.531932652 -0.663913786 -0.552701116 -1.30059052 1.29542708 0.701381683 1.25613642 1.31930149 -0.655066311
tensor_densebias0 7
-0.301657736 -0.400045246 0.428035617 -0.458279192 0.593620598 0.425152212 0.209052876
tensor_densekernel0 49
-0.00493748765 0.0103018489 -0.0561244227 -0.00230371486 -0.0345752798 -0.14342846 -0.364501029 0.837447703 0.542056501 1.38004231 0.617134809 -0.248045892 -0.083536081 -0.00106377422 0.312017083 0.314557523 0.0599239469 -0.357592314 0.710677683 0.0867987573 -0.466073185 -1.5648396 -2.2531631 -2.50073504 -2.3475244 3.30675173 1.36607146 1.65340233 -0.632683277 0.840957761 1.73297632 0.705030978 -1.11206055 0.920394301 -1.56178057 -2.82700706 -3.25727367 -2.12523413 -3.45275545 3.30469871 3.54369211 2.2784977 -0.341225892 -0.598022401 0.615682721 0.0924013183 0.797239602 0.330301166 0.674686849
