18900707
23553329
40547438
55346868
57928018
59731925
60555283
66291461
72166585
87882245
105668809
117989420
118392912
125110502
133520357
136133510
137580700
146093170
147366250
149223466
153422770
155644786
165856336
167161893
173111363
181068574
182874164
191116813
192952947
198739568
206124998
209977757
214443446
256200591
256468528
257120655
276205374
279151247
287212074
292397495
310400544
312825763
331329575
345756814
347325806
347618388
350067077
357884905
361425351
383788474
384664333
423375747
423710642
430218429
431098600
436593107
446992729
453392661
462205356
484432835
491399672
491497280
492930647
495715419
498742374
509897844
512334778
545654482
552197588
552265527
557792189
560145722
583776253
590133249
592935843
596262126
602496333
603909220
609072200
611473555
627559840
648222574
648257132
659210032
660565682
675431684
715308891
737999032
739354335
748505169
752908401
755287513
779219691
802845778
814447404
817068236
826168425
867994319
883542544
895236845
