811024
814942
876670
1318444
1503385
2749565
3376219
4170859
4270714
4689795
4922757
4955438
5126019
5971122
6114290
6126572
6328346
6410390
6473366
7075193
8134169
9222576
10323017
10447769
10756227
13141778
13640434
14054847
14295054
14417154
16431671
16483982
18090872
20217119
20645059
20713788
21841879
25689176
25807418
26154618
29823990
29977874
30529093
31334913
32530564
32867789
35675732
36140139
36149837
36361547
37415122
37644814
39206495
41361144
41729973
42455082
42469216
43608164
44213561
44243164
44931450
45236046
46087776
46212877
47036593
47251973
48455477
49307261
49938684
51009081
51508990
53157441
53240577
53912215
53968602
55725797
55785667
56604248
57187562
58978979
59295046
59469075
60774585
69861754
72049024
73177643
74122282
74370831
75351228
79003871
79239708
79507173
80232966
82793587
83012032
84890386
85423279
85476821
85849465
87625247
89252041
89347320
91124144
91418478
91676794
92452021
94752590
95669175
96453040
96973087
97455844
98084809
98119633
100222993
101892212
103639155
104752331
105800256
105816376
107835666
109609802
110052196
110708257
111642721
112253133
113065284
114893326
115278391
116998030
118353162
121224966
121256097
123216305
125286418
125308802
126288644
127264257
127938504
129203544
132786583
133330560
133361608
133684957
135127589
135483385
138486897
138724998
140609907
140635069
141173849
141507154
141740147
142510371
144666698
145276185
145936854
146468019
146516047
148326081
151488756
152326397
153170317
153848972
154511986
155689494
157177664
159309097
159383588
159682946
162818087
163447310
165154566
166982684
168445800
170791794
170859217
170935857
172369927
172726625
172806226
173593234
174127457
174521642
175977044
177730744
178641617
178746542
179421669
182397265
182782096
183719403
184816004
185119643
186173735
186695971
187264063
187639114
187762628
187860416
189616414
192321384
192712194
193368410
194823574
195048228
195620462
195664202
196746141
197279519
198088131
198340968
198526524
199380056
200559283
200945763
201755393
201859031
202846819
204319851
204913343
205134045
206669462
206830913
207930234
208008888
209143784
210728536
211428430
212334428
212443069
213385043
213464728
213702886
214722582
215156599
215442799
217814170
219897686
220484808
221554872
221830659
224434529
224743441
225460897
226628992
226994221
227344791
227716545
228081412
228350855
228603002
228798628
230517458
231639357
231742503
231801392
232525186
233570921
234975541
236262911
236726413
239361000
239978516
241145100
244047269
244282645
246332315
246798569
247767925
248801997
249410458
252516052
253378755
253727598
253873309
253966129
254112261
254250643
255796499
255965290
257252900
259246400
260043893
260072952
260565754
261377677
262222994
263551289
264431261
264444603
265012926
265987550
269031017
270723905
270890162
272644962
272950951
275389515
275536342
276508273
276601603
277852813
279323478
283097938
283382137
283633881
284284183
285184542
285422184
285986128
286061347
286181066
286395372
286424556
286589272
286847806
290788281
291066611
291431104
291652875
292307412
293089058
293120008
293364968
294978117
295791856
295889308
295983607
298631421
300315184
300668897
301808015
304636498
305556732
306522213
307400710
309008382
310171339
311217688
312944361
313092960
314072621
314689577
315430238
316018499
317693501
318445938
319769411
320598400
320947670
321405649
321423141
321674021
322391907
323025367
323762102
325268141
327082327
327736482
328898574
329154611
330143537
334425497
335023293
337337700
338153591
338903476
340265032
342138155
342153354
342178119
342210212
347173448
347505381
348423831
349977000
350576834
350735043
351458238
351490959
351535431
352623190
353070079
353070720
353915586
355985004
356576868
356780078
356904700
357144840
357659157
357862397
360278224
361272733
361810164
362233303
363526409
364901935
366090355
366339809
366560427
367301572
369562861
370655601
370747539
372540011
372898752
373309657
373398041
373856584
373919457
374230890
374236688
374829137
375510096
378083326
378335169
379415642
380716268
380834046
381255505
381500459
381987768
383840988
384292036
385694504
385846979
387458471
387631058
387829154
388572998
388950450
389014346
390590484
391308257
391913050
393569079
393614222
395585578
395588405
397514449
397542738
398205308
399769906
400964820
401540870
402131236
403247079
403391768
403549593
403897497
404478981
407300450
407396424
410218945
412914410
413435698
414305797
415641587
415704489
415851920
416118201
420019761
420068670
421041687
422348324
422627912
423211005
425721771
427949863
428412734
430368064
432641523
432785822
433015345
435270019
435516379
436650588
437676686
438145930
438752481
439091567
439118103
441430767
442238142
443602363
444575162
445784911
445850904
446788223
447644484
448488423
450236183
450512191
451353424
452176788
452943895
453196757
453252198
453419834
453523678
454503040
455284530
455630260
455868862
458343148
458587018
459320022
459529199
460836431
463310837
464634523
465757670
466166697
466182420
466480436
466961894
467781994
468395972
469395575
470422371
470433142
470835887
471942309
472118704
473065468
473960005
474193135
474697563
475818618
478427902
478751847
482191702
482468587
484233117
484717838
486268194
486664485
489158297
489674937
490366928
490455725
490544601
492622581
492637053
492903081
493488735
494110689
494691779
494963337
496394369
496982865
497457626
497516601
498676154
499000994
499881284
500070311
501064073
501363212
503580267
504800923
505258822
505264153
505669786
506117515
506686105
507198220
508615893
510081366
510341407
510534571
512227172
512237110
513644722
514375992
517362331
517578156
518214238
518764839
520785113
521120736
521534930
524283289
524467663
524778300
525413026
526438635
526491657
527518814
528234325
529529659
530063867
530525589
531896541
532933379
534372911
534408349
534601746
536504176
537056097
537824864
541473718
542839548
543595998
544769273
546251939
546662432
547186652
547687136
547726025
549468989
549762430
550561068
550847289
551535513
552254605
553161650
556234114
556610530
557340925
557571828
558022464
559709501
561533658
564760952
565842485
567271975
568015736
568019606
568042495
570967301
571123579
571966042
572107793
572842519
575052228
575207937
576525692
577875169
579961450
580246847
581259792
581948291
582985962
583460696
583553862
583984970
585541206
585791394
586200480
586208433
586429288
586694662
586736443
586837489
587029626
587246603
587495303
587855651
588938828
590052751
590103093
590726494
591516467
592004286
592445362
593307163
594100420
595125797
597491198
597615519
598602155
599178341
600226128
600709786
603154052
604560525
605412086
606294869
606327990
607124646
607453737
607635949
608316470
608933165
609552884
609835746
612137674
614559486
615734813
615837102
616031079
616092527
616245918
616870530
617042482
618227607
618826456
618961422
620111587
622392785
622431362
622503772
623171419
629453333
630389165
630532165
633946391
634152735
635626004
636100951
636467272
636711888
636970795
636988436
637826433
638115339
640196903
641139775
641474116
642632299
643397221
643523184
643850724
644682393
648282189
651406445
651483062
651706121
651897199
652848931
653239543
656014207
656042388
656078706
656839975
657004670
659226647
660071059
660536474
660716758
660767617
663315575
664177687
664290296
664980681
667456605
667756841
669297181
669445302
670795485
672444393
675291284
676205279
676454605
676890620
677943818
680103283
680462842
680668503
681706510
681950569
683806845
688343181
688619443
688624581
692013852
692394216
692689221
692759904
692788776
692984157
693530676
694292491
694298542
695020607
695359957
695386914
696059147
697527726
698339717
701775079
701935538
702586528
703000304
703757016
705947984
706328265
708890269
708966558
709723560
711388449
714353255
714450958
715100189
717285279
717583406
717709639
718505975
718791748
719046149
719360568
719907677
720013944
722126257
722614014
724025961
725512432
727336986
728264733
728877481
729206506
730243528
730634907
731194477
731870501
733587507
734189229
735001720
736144619
740290453
744515998
745763246
746401821
753667035
756032584
756538427
757656604
759414323
760438499
760589006
761494489
761637640
761988529
763754200
763923766
764029664
764361049
764534667
764872282
766394927
766786783
766915757
766998225
767303781
769238466
770484902
770534290
772073864
772442088
773755089
774149027
775401809
776838515
779870748
780812361
781709200
783502945
783718664
784798535
786044647
787230293
789662957
789678140
789935956
790243563
791120214
791869591
792494664
793662452
794042132
794092741
794135341
794771425
795895530
796224315
796720089
798168511
798299164
798422083
799255648
800388946
800885243
801131150
801965889
802401677
804441433
805692596
806462227
808078138
808875076
811425869
812526460
812886039
814234884
815062172
817292209
817713623
817825792
818021130
820339359
821144065
821303121
822216945
823301552
823461756
823628699
823853814
824128045
825458990
826180417
826344267
829337818
830377840
831316512
831664742
831778800
833744683
833797083
833972942
836329240
836394261
836646961
838197074
839846383
840598747
840855134
841013666
841174390
841630348
841656768
841979750
844897491
845871065
847230716
849035545
850780227
851161851
851665032
853698786
854046136
854263626
854302044
854484322
855386599
856301563
856314049
856837274
860424688
860695160
861605109
861661465
861997027
862706650
862838882
862926389
864070590
864078192
864486566
865739174
866761815
867771928
868037255
868479640
868736619
868778502
869414414
870146392
871114214
872390900
872564999
873620178
874613155
875320253
875611569
876352220
877273111
878303255
878786784
881265398
881564172
882055734
883180399
884350605
884759372
885837865
887210808
888694466
888995643
889133847
889134768
889771804
890166700
893044571
893107804
893387825
896597614
897603203
899096419
