tensor_dense3bias0 1
-1.04080796
tensor_dense3kernel0 18
-0.073272787 0.0978089198 -0.104029208 -0.29485476 -0.124046102 0.334590226 0.388348192 -0.136069655 -0.511074543 -0.105709903 0.000908014015 -0.453948945 0.244288489 -0.375525028 -0.219088212 -0.0706026629 0.0952798203 0.0248482823
tensor_dense2bias0 18
-0.0608826727 -0.173605815 0.0151254544 -0.107946783 -0.160998687 -1.0553726 -0.858537674 0.0343997292 0 1.07617927 -1.14818835 0.355332226 -1.10271871 -0.141217217 0.99751997 1.00591958 0.133207262 0
tensor_dense2kernel0 324
-0.278805107 -0.02553159 0.419758528 0.0316974819 0.331600815 -0.252318472 -0.0575456172 -0.0256447792 0.396894276 -0.137493044 0.024723975 -0.367198765 0.0405150279 0.197597802 0.100301996 -0.325175703 0.363137394 0.0634557307 -0.405074447 0.0282097068 0.255843997 -0.328221202 0.328950703 0.0889994949 -0.530417979 0.172746241 0.0237902701 0.238332987 -0.151499182 0.0469378978 0.18915695 0.097231634 0.310367733 0.084304966 0.272161812 -0.0674240291 0.246650487 0.0926702917 0.312669486 -0.330225378 -0.0229215585 -0.0634295642 0.0291303359 0.218149006 0.183407485 0.0801383853 -0.358243704 0.301057428 -0.0317772515 -0.0469029397 0.503890872 0.117889993 0.322446734 -0.268181801 -0.0214086305 0.26816377 -0.129492417 -0.18372786 -0.476562202 -0.0124217086 0.216907769 0.274182171 -0.360720605 0.0344108865 -0.197753161 0.193419933 -0.129559457 -0.198689297 0.0561916046 -0.288481951 -0.328372926 -0.340355694 -0.194900692 -0.24345535 0.0304820836 -0.195243105 -0.0674996674 0.239546716 0.00876393914 -0.0399485826 0.0116732717 -0.0929856896 0.250921547 0.192966104 -0.0269827247 0.109571874 0.31913358 0.213441372 0.205549002 -0.126630545 -0.322146475 0.236982644 -0.186307356 -0.272782266 -0.0662263334 -0.105624318 -0.39786461 0.342791498 0.16085422 0.315785289 0.319146633 0.238508761 0.328333914 -0.200381666 0.318356872 0.00735631585 0.216403902 -0.0426596403 -0.197576389 -0.160815239 -0.526712477 0.162161067 -0.638297021 -0.221142426 0.319907665 -0.138952017 -0.143697947 -0.397462875 -0.492459863 -0.0691770688 -0.357488662 -0.279351383 0.122759953 -0.331822395 -0.438922822 -0.14781177 -0.283971786 0.0911063552 -0.0196602046 0.126570702 -0.15650633 0.089731425 -0.314277112 0.244750261 0.31551832 -0.342379093 0.26803571 0.051966697 0.205251276 -0.299434185 -0.357271582 0.250412285 0.191059411 0.347313046 -0.375173628 -0.0644958168 -0.0259857271 -0.0596879125 0.174731836 -0.299138427 -0.166583508 0.0974591374 -0.229742169 -0.138317898 0.19959113 -0.164071307 0.272657722 -0.15569222 0.190350041 -0.111013696 -0.631922245 0.109600902 -0.141283303 -0.10052672 -0.170393497 -0.343746245 0.0445401371 -0.0221132506 -0.21375224 -0.406430602 0.381767511 0.199660569 0.34756273 0.264422059 0.10497506 0.236455679 -0.362880409 0.306964338 -0.0451193191 0.120129585 -0.297097296 -0.260639012 -0.110448234 -0.227098063 -0.0252628159 0.344424307 -0.0162354354 -0.374590218 -0.351974845 0.12335299 0.14214021 -0.160378784 0.302752942 -0.0943992659 0.341502815 0.180975601 -0.318568289 -0.375406444 0.264434814 0.0855814815 -0.0579609424 0.0541094244 -0.243454486 0.253005296 0.0562459677 -0.451382428 -0.394860983 0.241207376 0.00578531204 -0.0478218198 0.22410877 -0.272149324 0.244601279 0.27665025 0.300410211 -0.160692275 -0.0113714254 0.181466296 -0.243084028 -0.0626065284 -0.146455511 -0.253220469 0.274903327 -0.114240319 -0.0450842381 0.197886541 -0.446484387 -0.188193947 -0.25115028 -0.265383691 -0.157036811 0.143857405 0.204778373 0.209899247 -0.366365492 -0.393422693 0.093793869 -0.176353693 -0.393235624 -0.0648327172 0.304717481 0.105196893 0.337502062 -0.320254087 -0.0653326213 -0.39839372 0.0585657656 -0.337453693 -0.374582708 0.333527267 -0.117036521 -0.127605438 0.334097445 0.0929544345 -0.0282137096 0.296254009 -0.493108213 -0.184789494 0.36978659 0.013386935 0.189683855 0.306415886 0.0626352802 -0.420681149 0.0402796492 -0.364071459 0.22430034 0.100215636 0.120582186 -0.356043994 -0.385984331 -0.014264971 0.000578641891 0.374631584 -0.398081183 -0.0724616349 0.240082145 0.234708607 -0.0356780589 -0.38605985 -0.136482477 0.350837886 0.40657717 0.135588646 -0.360465497 0.315894544 0.289385915 -0.292017519 0.0262624398 0.399054468 0.367937118 -0.173044339 -0.376592606 0.121605888 0.209835276 0.14982827 -0.203795552 -0.445402831 0.27194947 -0.543711185 0.162537217 -0.256446034 0.243643522 0.0930218175 -0.219607189 0.40135473 -0.27177155 -0.347262055 0.0373212695 -0.369010746 0.380417526 -0.0214197934 0.400712907 -0.313281983 0.288750708 -0.0915758908 -0.321726859 -0.240639582 0.0438744724 0.199300885 0.274990022 0.00221949816 -0.311299562 0.312379479
tensor_dense1bias0 18
-0.0525381789 1.15266132 1.09361911 1.48139083 0 0 1.38354731 0 0.51004535 -0.348183036 -1.35194218 -0.86442858 -0.576754868 0 0.619490921 0 -0.780703843 0
tensor_dense1kernel0 324
-0.205005005 0.140734956 0.310978234 0.182784036 -0.069365263 -0.404529363 -0.365451515 -0.0228298903 0.116743684 -0.313772768 0.0692059249 -0.249846935 -0.318941712 0.0922697783 -0.150004208 -0.244321629 -0.226229802 -0.0262513757 0.226985872 -0.395366639 -0.0333246291 0.0813309252 0.17320025 -0.287894845 -0.316546261 -0.199333176 -0.0774299502 0.0904967487 0.0638242364 0.177930236 -0.155815542 0.223292708 0.295013249 0.0169744492 -0.0356493592 0.38119328 -0.348898947 -0.929331541 -0.0674283206 -0.0387933813 -0.159590453 0.326727808 -0.0781253651 -0.261545837 0.565432429 -0.317547023 0.213937074 0.405067235 0.204790369 -0.0364037752 -0.301062435 0.0414654315 -0.165056586 -0.332698941 -0.185643107 -0.309144557 0.343083173 0.286258548 -0.303955048 0.121857345 0.238854676 -0.189732343 -0.255411297 0.0801578611 -0.0066538807 0.270449221 -0.159728378 -0.328722268 -0.326680988 -0.280370831 0.457631409 0.25291729 0.0519016981 0.230772436 -0.154503673 -0.383465528 -0.29624638 0.190506935 0.0553899407 0.0705386102 -0.104590327 0.346268475 -0.380987883 -0.197345227 -0.294914961 0.00457304716 -0.335101128 0.240878344 0.341112494 0.36594981 -0.224263623 -0.29713583 0.128412127 -0.375223279 0.0036971271 0.311718524 -0.255717874 0.218686283 0.374656379 0.197907805 -0.0726987422 -0.164763063 -0.344200611 -0.108971328 -0.108485937 -0.307326317 0.367442131 0.0915782452 -0.395517111 -0.377660036 0.0798842311 -0.377440065 0.382091939 -0.320500851 -0.262684762 -0.317281038 -0.371804416 0.385086715 0.156147838 -0.155829757 -0.285376132 0.206952751 0.0189986229 -0.0977791846 0.38637358 -0.135388345 0.322065771 0.336253077 0.401966512 -0.225724891 -0.278620839 -0.219117671 0.337905824 -0.224636212 -0.73541373 -0.0993211642 0.133828804 -0.237747446 0.0653230622 -0.0109936893 -0.0710237101 -0.306756705 -0.0228586048 0.0234235227 -0.0499965698 -0.180722684 -0.530621231 -0.285125732 -0.320313662 -0.114269793 -0.252939343 0.312673271 -0.263101399 -0.377859473 0.226296917 -0.196721643 0.322763801 -0.299177021 -0.182135135 0.00063598156 0.0139431832 0.369646013 -0.206468984 -0.195390999 -0.320697129 0.0798059851 -0.107455254 -0.0356816649 -0.159540087 -0.150166571 -0.199622974 0.125742316 0.2578713 0.247550189 0.128494427 -0.0599073172 0.100935817 -0.394471258 0.0999470875 -0.330660671 -0.323102772 0.228631839 -0.456789464 0.232891366 -0.0734387934 -0.14948836 -0.102452874 -0.058150053 0.214003667 -0.470484793 0.0186967142 0.337450415 0.244545355 -0.175367311 0.00252651749 0.130408823 0.227972195 -0.254775196 0.401957035 0.168204427 0.15517509 -0.257649064 0.214580238 0.312456012 0.191427529 -0.33080405 0.215468943 0.0812260807 0.336325526 -0.170630455 -0.341049701 -0.352353394 0.259355366 -0.134992391 0.0464166403 0.163887382 -0.192957789 -0.344841272 0.083393462 0.263362497 0.062218219 0.307836413 -0.0936445743 0.126904309 -0.124799065 -0.12712276 -0.315318048 -0.11203225 -0.370777071 0.377043605 0.0551990904 -0.399407178 -0.234565333 0.276249826 -0.393211961 -0.896009505 -0.891659141 -0.82550025 -0.349671543 0.287009001 -1.05421448 0.380967259 0.299229741 0.013231731 1.51716423 1.0066148 0.408260971 0.280097723 -0.731692553 -0.0932860672 -0.1653703 0.181166112 -0.0478743911 -0.380016595 0.344198167 0.160526693 0.338709891 -0.114311546 0.395919502 -0.05304721 -0.384483814 0.0310989022 0.0832063556 0.0201545656 -0.370850921 -0.0446012616 -0.387604535 -0.406283528 0.169260204 -0.114071637 0.0817638636 0.241184473 -0.240458831 0.311901391 0.291323245 -0.175064892 -0.21232006 -0.111585438 0.124622703 0.173502386 -0.00603500009 0.056725651 0.238428712 0.0429034531 0.380455434 0.37637347 -0.357751638 0.153228879 0.19238773 0.0170852281 0.013503206 -0.229724064 -0.235314041 0.178479791 0.326171339 -0.08346048 0.000966760388 0.0692466721 -0.238825396 -0.166895285 -0.179939434 -0.15281862 0.0152956266 0.201009631 -0.190651536 0.0413598418 -0.256234646 0.24359709 -0.372821271 0.276614428 0.355332911 -0.236930564 -0.0568404198 -0.398604363 0.0283097923 -0.333044767 0.0461567342 0.389699876 -0.297717094 0.373115718 0.371414721 -0.180682719 0.331674695 0.282705188
tensor_densebias0 18
0.996250391 0 -0.953353226 -0.118971065 0 0 0 0.907661736 -1.91521752 -1.40880477 -1.31188631 0 1.02157688 -1.19246352 0 0 0.94493407 0
tensor_densekernel0 162
0.237582907 -0.338114142 -0.000987342326 0.18030037 -0.0544456244 -0.150726676 -0.392378747 0.198864698 0.0219259057 0.321132571 0.17300266 -0.160468221 0.0565257296 0.0120839076 -0.0596049726 -0.154166311 0.247620329 -0.250395894 -1.2578485 -0.383267134 0.037854977 0.670674622 0.000494748354 0.159648865 0.306595176 -0.188943446 -0.481506914 0.108944878 0.272550166 -0.120880872 -0.706038237 -0.172178179 -0.232811332 0.254093796 -0.323794842 -0.168923885 0.577651322 -0.243460089 0.0687387437 -0.672371209 -0.250133574 -0.115869999 -0.288632631 -0.0429469049 -0.571347117 -0.329337806 -0.551994503 0.113058954 0.145634055 0.118817583 -0.179108381 0.424469203 0.685199678 -0.147629857 0.443984985 0.12521717 -1.12148011 -1.37973905 0.337865978 -0.291082561 -0.468009293 0.0227235872 0.416201681 0.0398242474 -0.39945519 0.371359497 -0.94106847 -0.0361566059 0.0436781943 -0.113875151 -0.0391744785 -0.0201506913 -1.86140811 0.466106147 1.91868913 0.268382221 0.264378399 -0.0349995196 0.0792139471 -2.87181711 2.41427064 1.65877414 1.83149564 -0.366973639 -1.24701619 2.08745885 -0.183281809 -0.347004771 -2.16105652 -0.0750851035 0.89319241 -0.405291408 -1.22111082 -2.15270352 -0.33656776 0.0970840752 -0.154896855 1.95982409 -0.178261608 -1.40112567 -1.96888196 -0.0413707793 1.1193037 -0.978088677 0.0634376109 0.0718326271 1.36185789 -0.182117552 -0.0190352239 -0.409866989 0.216486007 -0.739376545 0.11504212 -0.245147198 -0.309642434 -0.265233368 0.379894704 -0.183324441 0.0971908495 0.210021347 0.332819194 -1.34440303 -0.0931295753 0.445452303 -0.00677574519 0.0469819605 -0.487212539 0.447737128 -0.0322357118 -0.352792144 0.123024374 -0.29872191 -0.146769822 0.0905542448 -0.101906136 0.0715721995 -0.612879276 0.455553621 -0.266217113 0.0511021204 0.244313508 -0.255902171 0.048614312 -0.320337176 -0.0358749479 -0.158284456 0.40615046 0.11524009 0.224121898 -0.360729247 -0.0677277446 -0.0379912183 -0.375006616 0.450368762 -0.0593438856 -0.07786569 0.129689306 -0.0306660999 -0.378324389 -0.302997857 0.119612508 -0.0319931805
