tensor_dense3bias0 1
-1.63389969
tensor_dense3kernel0 18
-0.709759355 0.0563208051 -0.225166515 -0.190098584 -0.177250177 0.0095418049 0.189551488 0.542317033 0.152806416 0.380279303 -0.467316985 -0.163102582 -0.412221551 0.246252656 0.26906243 0.337161928 -0.379186243 0.0977794081
tensor_dense2bias0 18
2.09017062 -0.0575405136 -0.00427772896 -0.617424369 1.84810615 -0.0940980762 -0.0756672546 -1.66767812 0.246911123 -1.81066215 1.66669095 -0.214812949 -0.106521957 -0.0244851783 0.154795155 0.405586362 1.73539305 -0.115131207
tensor_dense2kernel0 324
0.348335385 -0.348026305 -0.395226181 0.111029625 0.15079847 -0.00390863419 0.0168602765 -0.0562158078 0.242443264 -0.1943537 0.139130503 0.0785441399 -0.179161489 -0.379623264 0.193778336 0.0608148575 -0.390570432 -0.0132528841 -0.205662295 -0.0270168688 -0.246891096 -0.39260149 -0.0840581134 -0.425600559 -0.173144221 0.403771073 -0.320695639 0.198643684 0.330192417 -0.264085203 -0.32699737 -0.145521641 -0.238456219 -0.137905911 -0.334777564 0.25073868 0.0419689417 0.0253154933 -0.0776607394 0.0588137805 -0.263948262 0.277296722 -0.179949209 0.103922009 -0.265914857 0.389252603 -0.407456309 0.13724637 -0.318989158 0.222505987 0.344879508 0.113516808 -0.312107146 -0.368973851 0.123899199 -0.0384278595 0.201987267 -0.228064716 0.204607382 0.069260627 0.000261425972 -0.125011295 0.0631269217 0.123710185 -0.261224389 -0.252968788 0.380143821 -0.259605706 0.0179320276 -0.262747049 0.210939944 0.150154769 0.363543868 0.00695947558 0.0548243448 0.092981495 0.00788326561 0.052550938 -0.032512892 0.280582398 0.37929818 0.178262606 0.293788075 -0.0783005506 -0.334042758 -0.354262531 0.211429164 -0.0969034508 0.217321783 -0.331060112 0.258773267 -0.209426522 0.151669979 0.0561493784 -0.274973482 0.0178803504 0.248536274 0.195527375 -0.411211103 0.119627304 0.0348387621 -0.260425448 -0.0127555132 -0.0318073928 -0.0627733842 0.36200887 -0.14693515 0.225585878 -0.111775383 0.0648799911 0.212877959 0.27780956 0.368135661 0.257473946 -0.199414417 -0.095453456 0.223553404 0.04344742 0.212489367 0.536977351 -0.132789075 0.113787852 -0.223942593 0.121503592 0.226700768 -0.248774692 -0.047852993 0.196074426 0.338017285 0.220776141 -0.310058564 0.384644508 -0.180623308 0.227348357 -0.146249563 0.148366004 -0.297627002 -0.111632049 -0.168742478 -0.254471302 0.107807815 0.195642769 -0.241009489 0.137110591 -0.955601931 0.29097113 0.0602338612 -0.451114029 -0.184736356 0.15387702 0.09634763 0.282040864 -0.0425396115 -0.0842109323 0.242259279 -0.246349171 0.183256283 -0.222045973 0.0726832002 -0.304075688 0.0619588755 -0.180641592 -0.10984382 0.0968388319 -0.339003444 -0.268653452 -0.362772495 -0.0304816067 0.199040592 -0.367952615 -0.168888673 -0.250520945 -0.150399685 -0.331943929 -0.132134378 -0.373921156 0.356183648 0.0702860355 0.317050338 0.224939108 -0.461922735 -0.0104995277 -0.158109874 0.242520735 0.0483250543 -0.0449433103 -0.885327578 0.167289123 -0.0586782768 0.0169676971 -0.0114231491 -0.360884488 0.266189963 -0.0595661066 -0.267688692 -0.498930246 -0.12918435 -0.00749823591 0.0114489412 -0.491887927 -0.237985566 0.173155412 0.152779683 0.0521043018 -0.100951254 0.345843554 -0.20080255 -0.221277893 -0.448454201 -0.286474794 -0.45890066 -0.338852763 -0.431523621 0.213808328 0.0911962539 -0.199366331 -0.832066298 0.227857187 0.087824136 0.464577824 0.275142461 -0.454495341 0.285434872 -0.200625762 -0.0879096687 0.109471343 0.0498060584 -0.302960396 0.398914307 0.00316631771 -0.247271404 0.307575822 -0.106879205 -0.490939349 0.289895803 -0.546950281 -0.0258721001 -0.160251945 0.213988826 -0.0122133046 -0.242352307 0.197881624 -0.163107008 0.172830939 0.198348805 -0.120020017 -0.0822188109 0.198845759 -0.0685581714 -0.336232543 0.291799426 -0.298543543 -0.460347384 -0.273566008 -0.188938722 -0.0983397737 -0.00529251201 -0.173683047 -0.253906012 0.194451913 0.046725478 -0.0358129889 -0.115434282 0.267004728 0.107518472 -0.0841246843 -0.430899352 -0.0440077744 0.36580795 0.233117446 -0.490227968 0.284699291 -0.389678389 -0.181136012 -0.292209089 -0.167761505 -0.395639628 -0.313576281 0.174525827 0.256749541 -0.301402956 0.118251637 0.108480863 0.0863566399 0.0284677204 0.139969289 -0.41060245 0.165858045 0.162358522 -0.082307294 -0.0588928685 -0.181628585 -0.236683235 -0.175049067 0.0310883168 0.342689842 0.0697372854 0.260981321 0.175746918 0.154997915 -0.234750718 -0.283760875 -0.387107193 -0.458783925 -0.00870260596 -0.140168622 -0.0106656095 -0.415704042 0.286717623 0.33998403 0.0884242505 0.0754497424 -0.164579719 0.377656072 -0.479131848 -0.164317206 0.240176022 0.337728679 0.411996007 0.0228540394 -0.196003973 -0.201244682 -0.0444593839 0.312540591
tensor_dense1bias0 18
-0.125726476 -2.01206589 0 -0.0742830187 2.26509929 0.170289636 -0.0494788215 -0.0317567922 0.671116889 0 -0.878998697 -1.82974195 -2.71522641 1.99821305 0.439312607 -2.21763515 -1.58917403 -0.152975559
tensor_dense1kernel0 324
0.355445087 0.343248367 0.120070398 0.0152796805 -0.310164869 -0.0137952566 -0.144438565 -0.265765965 0.335521519 0.0786986053 0.37837106 -0.0483175516 -0.154887646 -0.395661354 0.253268957 0.12787497 -0.337763995 0.402207196 0.231594265 0.104080379 0.130808473 0.0593317747 -0.305612266 0.376142502 0.104566395 0.335813165 -0.0516422987 0.203740478 0.189324915 -0.329336524 0.3424052 0.214182556 -0.174257904 0.232814491 0.271743357 -0.288072467 -0.261056125 -0.492533684 -0.244220003 0.18830061 0.337242961 -0.0947121531 -0.295182198 -0.434170634 -0.951779902 -0.235393375 1.05117166 -0.695186079 0.193155944 0.814606369 0.099046573 -0.465709984 -0.328408957 0.106260002 -0.0767863691 0.282957703 -0.291975856 -0.114470452 -0.201601774 0.00954660214 -0.0507626384 0.28588438 0.222794116 -0.277955472 -0.451708049 0.259675652 -0.179728955 -0.405101031 -0.176231891 -0.24412851 -0.0425478928 -0.0724397376 -0.249029577 -0.139984488 0.239886403 -0.233337104 0.0814884976 -0.0633849502 0.221679464 0.134217918 -0.110201024 0.0618011355 0.259484589 -0.0698341727 -0.181882501 0.130913585 0.244536996 -0.156754836 0.140195072 -0.00415166607 0.0201325715 -0.267158985 -0.347968787 -0.1331691 0.109796368 -0.9080441 0.0224037729 -0.24086529 -0.15820761 -0.0111623704 0.373155504 -0.37497279 -0.0321860872 0.119532697 -0.096981585 0.170276761 0.195772186 -0.080433391 0.139938891 -0.365202069 -0.0480400622 0.00281539559 -0.252948821 0.271933258 -0.0680518448 -0.382190824 0.302923799 -0.346025914 -0.389366478 0.310008228 -0.0381526947 0.199527144 -0.407722712 0.204087853 0.0827215314 -0.310581833 -0.306841046 -0.0987130702 -0.311183929 -0.471332759 0.23353368 -0.0120469574 -0.255902082 -0.438782781 -0.425510496 -0.322095275 -0.223627195 0.300680578 0.301129162 -0.397778124 -0.0271878522 0.206097752 -0.077571094 0.0643967241 0.393939793 0.389442027 0.310715735 -0.0229718983 -0.176660195 0.0141748488 0.167245269 0.321797252 0.0994696021 0.221660912 -0.386274189 0.406674802 0.184831977 -0.119121134 -0.369612932 0.267778337 -0.281429708 -0.0423130393 -0.362221986 -0.0612341538 0.123243093 -0.167109594 0.163505211 0.0883724391 0.772387207 0.295556843 -0.426042169 0.1084764 0.133472815 0.223656282 0.139054611 0.351850539 -0.335214853 -0.11404217 0.304878891 0.455898046 -0.501121283 0.157776251 0.104169846 -0.300853342 0.232827738 -0.139282003 -0.00425278069 -0.423769355 -0.202633798 -0.271136642 0.113716662 0.201071978 0.420542002 0.0926158801 0.188933566 -0.0803680122 -0.351294309 0.163848847 0.0192010142 -0.120029978 0.148644567 0.0803187564 -0.319430143 0.121932082 -0.152295172 0.360830754 -0.0510057621 0.112763047 0.156450763 0.0140100541 0.124587446 0.238982975 -0.279913515 -0.417771548 0.399023116 -0.327112347 -0.323609114 -0.230686784 0.00743591785 0.150144756 -0.294973642 -0.288715273 0.368409187 -0.0765253305 0.00851396751 -0.175064892 0.132148817 -0.455205172 -0.217760846 0.391749531 -0.367872179 0.133571699 0.205855533 0.234029219 0.0787032843 -0.169576228 0.313720644 -0.130509973 -0.0608781278 0.28188163 -0.288998127 0.134906828 0.397400737 0.207917035 -0.28215009 0.107311606 0.368589103 -0.119722545 0.247930467 0.235734224 -0.280494034 -0.329820871 -0.0243437905 0.227256671 -0.228081256 -0.0703773871 0.107785799 0.0380905792 -0.166929722 -0.352462709 0.353565663 -0.121710002 0.0569414981 0.0536933728 -0.194730386 0.274765551 -0.154327124 0.28474918 0.0436078012 -0.554887533 0.137411654 -0.0845832229 -0.156812549 -0.406625271 0.0840675533 0.13136518 -0.0173282623 -0.12869665 -0.244593292 -0.121334881 0.0890993178 0.0881712437 -0.139164239 0.0692511797 -0.328508705 -0.202421203 0.364461839 -0.376909494 0.178037107 -0.396143466 0.152374566 -0.273503542 0.073129952 -0.327234209 -0.162278324 -0.34232837 -0.02470541 0.338343799 0.202105939 0.169651568 0.155856729 -0.0139847398 -0.0842545331 -0.0117928982 -0.166887581 0.00961387157 -0.238327116 0.239608824 -0.0307661891 0.279161841 -0.228623375 0.00726292981 -0.137888357 -0.381802559 -0.436250448 -0.0688979626 -0.28248474 0.385668129 0.362419546 -0.0370228551 0.0304678772 -0.126717389 0.0855804831 0.0058867028
tensor_densebias0 18
0 0 2.24054861 -1.22210479 0.0750174671 1.37214887 0 -2.67651463 0 -0.0296320114 -2.11971021 1.84887588 -0.0318848677 0 -1.81677604 0 0 -2.10385656
tensor_densekernel0 162
-0.306031644 -0.423400044 0.012099063 0.0380996838 -0.194396183 0.0345712639 -0.343816221 0.0171108432 -0.103108048 -0.225346401 0.00957465451 0.0793422386 -0.27515614 -0.376964897 0.112929754 -0.235022634 -0.347105592 0.0169877708 -0.349852234 -0.405783117 -0.244122609 0.360908359 0.388667315 -0.487678975 0.445454448 -0.414980173 0.355579227 -0.276030421 -0.781841516 -0.406258762 -0.123000011 0.345222563 0.17184262 0.114065319 -0.439008087 -0.706083119 0.436501771 -0.259993136 0.241404817 -0.369571894 -0.0471171066 0.069481805 -0.457102925 0.57288456 -0.405915171 0.197606146 0.679319739 0.105139449 -0.189341456 0.45634672 -0.392927706 0.463569909 0.209276944 0.442389339 -0.112818897 -0.380391836 0.111494742 0.00149676274 0.463702023 -0.07187327 -0.269126505 0.119101442 -0.346858114 0.326839954 -0.260460317 -0.398131669 0.454970509 -0.441192776 -0.161157325 0.00520113111 -0.148847371 0.165561482 0.43007198 0.267832011 -3.31868458 2.68513155 0.074548848 -2.60493398 -0.0510529876 2.29329085 0.151530296 -0.0003459453 0.316629589 -2.40201116 0.221269161 0.458917052 1.41587245 0.191225439 0.215183824 1.96253896 -0.371673614 0.0782749951 0.191071391 -0.128617451 0.466454655 0.0823339522 -0.395393401 -1.76892877 0.470755488 -0.18354401 -0.906417191 0.938531816 -0.508203089 0.294368416 -0.550758421 0.15126887 0.175063938 -0.434123635 -0.348028004 -0.0771443546 -0.129716158 -1.35438657 0.789875865 0.496858388 -0.00197023153 0.489849448 -0.271852672 -0.213446707 -0.738711298 -0.796157062 0.371352792 0.183821529 -0.139898151 -0.101841062 0.116562575 -0.732890606 0.307291538 -0.0584444106 0.068698056 0.359433323 0.26625067 0.18672727 -0.308147848 -0.136811852 -0.468477398 0.309544653 0.135336742 -0.179412544 0.432985038 0.261378914 -0.136852682 0.179508835 -0.262809992 -0.00236768695 0.42924127 0.361023754 -0.048732169 0.0826601982 -0.388436258 -0.192836791 0.291429371 -0.319520533 0.390624732 0.327600241 -0.0585626364 -0.368373126 -0.436663687 -0.115330398 -0.0452572666 0.0114085376 -0.26418823 0.0774466768
