tensor_dense3bias0 1
-1.28895354
tensor_dense2bias0 14
-3.35743475 2.0934031 -0.000589658448 1.69919705 -4.31947565 -0.0490804911 2.8079927 -0.522852302 -0.0332807861 -4.32420254 0.884224355 -0.699406922 -1.0047394 -3.0171032
tensor_dense1bias0 14
0 -0.188832551 -0.163584933 -1.00232947 -0.905697227 -0.300136536 -0.167638481 1.3310957 -0.216523737 -0.0580406226 -0.206224605 -7.3008709 2.0387888 -0.998655736
tensor_dense1kernel0 196
0.0905860662 -0.602195978 -0.464111447 0.330157012 0.307678431 -0.224398047 0.00807611179 -0.0409057699 0.128183976 -0.211729452 -0.135035887 -0.238139167 0.635307491 0.00753908372 -0.169685841 -0.0812718421 -0.313878387 -0.278395683 -0.140633568 -0.292479664 -0.126921788 0.00260822382 0.0642133206 -0.320332915 -0.412543088 0.2473986 -0.545820951 -1.23612428 0.094181478 0.17248483 0.203432947 -0.556903005 -0.142244071 -0.167375743 0.0462146215 0.0696483701 -0.093918182 0.216542467 -0.0629241467 -0.0373923704 -0.269663215 0.335430801 -0.388231099 -0.142180651 -0.0374009646 0.251526237 0.227335274 -0.326122075 -0.200199693 0.145457491 -0.32638368 -0.475208998 0.26536262 -0.0280450676 0.0523402281 -0.0749143288 -0.145154506 0.406297326 -0.333892763 -0.350018084 0.241812885 -0.398053825 0.287745178 0.325811982 0.0832242966 -0.106855839 -0.436659962 -0.4616521 -0.309737772 -0.330038786 -0.443226993 -0.295733035 -0.0876407027 0.157253683 0.00909578055 -0.00394976325 -0.211422339 -0.355674952 -0.249636665 0.120029151 -0.0147580942 -0.0217834841 0.431818604 -0.407131046 -0.310719043 0.24496302 0.40638572 0.208041385 0.256845355 -0.11132732 0.413614452 0.409258008 -0.313440561 0.330183268 -0.203718424 -0.386525273 0.453237355 -0.428274572 -0.373122841 0.274500221 -0.22524184 -0.316576391 -0.60057807 -0.3576563 0.180793703 -0.607732058 0.15003632 0.1225456 -0.128817081 -0.15957877 -0.053453669 -1.15640545 -0.320258319 -0.168508872 0.347813189 -0.208775699 -1.5481385 -1.46928835 -0.000285860646 -3.09100413 -0.41644749 -0.0461487323 -0.071967952 0.00764270499 0.273853958 0.206123531 0.0772712231 0.0196957998 -0.444208741 0.193666205 0.170562223 0.101737358 0.185645998 0.00970568974 -0.262683541 0.0428246297 -0.0957560167 -0.0605263524 0.522169292 -0.0455887951 0.378111839 0.230288327 -0.063642323 0.0505396128 0.240402341 -0.318515778 -0.240954265 0.24002099 -0.376531839 -0.205826759 0.187041819 0.0664066672 -0.234059349 -0.0697333217 -0.356401563 0.160576299 -0.172869951 -0.220462367 0.214998528 -0.0934303999 0.0257663447 -0.253319114 -0.0791493803 -0.318654269 -0.44518292 0.084793292 -0.933567584 -0.356132388 -0.307305515 -0.578900874 -0.27789706 0.341956288 0.0649100617 0.292780459 -0.114984654 0.139430344 -0.310869992 -0.111684047 -0.592999697 0.0952811316 0.225389391 -0.328213751 0.35436672 -0.00731804082 0.330407739 0.187742442 -0.814078212 0.299670875 -0.276133746 0.20191057 0.364524543 -0.0584633984 -0.149719149 0.0790228024 0.283512831 -0.0587382428
tensor_densebias0 14
-0.251677215 -7.8032527 -1.54961205 1.79507399 0 5.55115652 -0.0795489028 2.27403569 5.3232379 3.49772 0 -5.53190327 -3.2714901 -0.163836494
tensor_dense3kernel0 14
0.155153081 -0.183597431 -0.45035097 -0.223408058 3.30087185 -0.0367189609 -0.35294047 -0.0404517315 -0.0722281411 1.07540834 0.472538501 0.270629793 0.203523919 -0.176781803
tensor_dense2kernel0 196
0.123691201 0.0545867682 0.332349956 -0.322324276 -0.407843322 -0.0662699342 0.141700923 0.434936047 -0.0256010294 0.323884428 -0.430812001 -0.274406075 -0.231383726 -0.428762823 0.323736399 0.419924378 -0.156658858 0.174905255 0.125997141 0.164091691 -0.253856689 0.254219145 0.186647192 -0.102879338 -0.149299592 -0.0566360317 0.136277184 -0.0755381435 0.199114174 0.196324468 0.118606225 0.0328382477 0.0641852468 -0.124732986 -0.414365619 -0.45933187 0.327182114 -0.360406548 -0.192570746 0.150890887 -0.104858905 0.276908278 -0.14885205 0.109904826 -0.335567981 0.18795599 0.0697075501 -0.00321880565 -0.147890776 -0.700378299 0.187736511 0.0687181801 -0.801224351 0.585851789 0.351791412 0.160026282 0.108152896 -0.0938188955 -0.292101681 -1.53096139 -0.0220922362 -0.415685236 -0.154082686 -0.173432037 -1.05026424 -0.0214050934 -0.215229943 -0.406370759 0.0605941415 -0.0991459936 0.326675117 -0.230840206 -0.111269146 -1.0362848 -0.0456415042 -0.150149748 -0.514516115 -0.141821295 -0.524458528 -0.0460368991 0.539319515 -0.387565911 0.568232179 0.0871932879 0.0673543289 0.228332564 -0.227749139 -0.172408521 0.0526400357 -0.400253147 -0.111693367 -0.0530052111 -0.202670589 0.0602712147 -0.195662975 0.134144798 -0.056098666 -0.214038357 -0.329439282 -1.16123915 -0.381949276 -0.732183337 -0.0168615971 -0.045746129 -0.360388011 -0.0590661466 -0.414068311 -0.0368682146 0.0808830634 0.093789205 0.217793316 -0.37514621 -0.0791795924 0.237079874 -0.322080612 0.0779489204 0.286806017 -0.503559768 0.186540708 -0.409215063 -0.529698133 -0.213689834 0.0743907169 -0.232913196 -0.185101628 0.397660017 -0.150735855 -0.337135524 -0.417418599 -0.122846946 -0.210542127 0.393224418 0.192663193 -0.325373054 0.236530885 -0.292409658 0.154365718 -0.070704259 0.0739745945 0.013963283 0.30603227 -0.156710088 0.239123285 0.360412329 -0.283273786 -0.264659494 0.00922269188 -0.132681429 0.157442212 -0.316910088 0.351673126 -0.240900993 -0.16013822 0.290746808 0.442516387 0.0717800781 -0.173424289 0.137859195 0.276179641 -0.26601845 0.386972338 -0.0385678969 -0.053400863 0.401954859 -0.143155158 -0.526322842 -0.666272163 -0.251968712 -0.429590434 -0.715928912 -0.0510630906 -0.0680504218 0.00265996344 -0.356571704 0.0959999338 -0.475794643 -1.64049375 0.00699645979 0.48461175 -0.269019455 0.660984039 0.253828913 -0.135273248 -0.249618709 -0.310195029 0.0178012345 0.0875860751 -0.0232579019 -0.341026068 -0.0141169196 -0.159699515 0.29614839 -0.181557134 -0.382727236 -0.167888179 0.291541785
tensor_densekernel0 98
-0.278090328 0.167694762 -0.603389382 -0.072919786 -0.473416209 0.0257627629 -0.111016437 -0.158498958 0.06413652 0.0709488839 -0.238284409 -0.103018068 0.0940248519 -0.712482929 0.452788264 -0.132207453 0.374430895 -0.011697351 -0.377644747 -0.206044883 -0.29209581 -1.04475248 -0.510887921 -0.12953876 -0.443749458 0.389682233 0.220050603 0.238243982 -1.8711344 -14.3215275 -0.618982613 4.01241922 0.300326586 10.2444401 -0.489187956 2.12442446 -0.817398608 -0.603640139 -0.208331406 -12.8598404 9.94236469 -0.681795955 -0.335025132 -2.96114755 1.68887341 -0.812988997 0.108000517 3.11914444 -0.324950129 -0.580641806 1.60808384 1.60299921 -0.181748807 0.672590971 1.35443676 0.385930121 0.445829272 0.400550961 0.539326251 0.850941777 0.20272696 -0.0653304085 0.0422470458 0.580706239 -0.151057333 0.0946271792 -0.443867326 0.370835483 -0.797942162 0.273971349 -0.57654649 -0.222235814 0.718589485 0.759237349 0.231557608 0.205041274 0.0306068212 2.11715388 0.192103028 -1.81875575 -0.215855598 -0.560504973 0.182758257 0.523688197 -2.12068439 -21.0387268 0.419048011 1.13767731 -0.213471711 20.1733055 0.0617223978 1.61989152 9.03328991 12.151762 -0.204475194 -12.1932869 14.5967369 0.104337133
